Rk,Team,Conf,AdjEM,AdjO,AdjO_Rk,AdjD,AdjD_Rk,AdjT,AdjT_Rk,date
1,Houston,B12,31.09,120.2,4,89.1,3,65.4,350,11/4/24 0:00
2,Auburn,SEC,30.8,122.5,2,91.7,5,69.6,156,11/4/24 0:00
3,Gonzaga,WCC,30.58,125,1,94.4,18,71,79,11/4/24 0:00
4,Duke,ACC,30.28,117.8,14,87.5,1,68.5,218,11/4/24 0:00
5,Tennessee,SEC,29.66,118.6,10,89,2,67.5,275,11/4/24 0:00
6,Connecticut,BE,26.68,118.7,9,92,6,67.7,263,11/4/24 0:00
7,Cincinnati,B12,25.13,118,13,92.8,7,67.4,277,11/4/24 0:00
8,Kansas,B12,24.47,118.1,12,93.6,16,70.8,88,11/4/24 0:00
9,Iowa St.,B12,24.46,115.3,27,90.8,4,69.1,182,11/4/24 0:00
10,Alabama,SEC,24.22,121.3,3,97.1,49,73.6,8,11/4/24 0:00
11,St. John's,BE,23.63,117.8,15,94.2,17,70.3,112,11/4/24 0:00
12,North Carolina,ACC,23.42,120,5,96.5,40,73.1,16,11/4/24 0:00
13,Marquette,BE,23.3,116.2,22,92.9,8,70.3,114,11/4/24 0:00
14,Pittsburgh,ACC,22.98,116.3,21,93.3,12,69.1,181,11/4/24 0:00
15,Kentucky,SEC,22.75,118.4,11,95.6,28,73.5,10,11/4/24 0:00
16,Purdue,B10,22.23,118.8,8,96.5,39,66.9,308,11/4/24 0:00
17,Florida,SEC,21.75,119,7,97.3,52,70.8,91,11/4/24 0:00
18,Ohio St.,B10,21.67,116.1,24,94.4,19,69.2,177,11/4/24 0:00
19,Texas A&M,SEC,21.53,116,26,94.4,20,66.7,317,11/4/24 0:00
20,Baylor,B12,21.44,119.8,6,98.4,64,67.3,283,11/4/24 0:00
21,Texas Tech,B12,20.68,117.4,16,96.7,42,67.6,270,11/4/24 0:00
22,UCLA,B10,20.07,113.5,42,93.5,14,67,303,11/4/24 0:00
23,Arizona,B12,20.01,115.1,30,95.1,25,73.2,14,11/4/24 0:00
24,Mississippi St.,SEC,19.9,116.2,23,96.3,34,69.6,154,11/4/24 0:00
25,BYU,B12,19.42,116.7,19,97.2,51,70,126,11/4/24 0:00
26,Texas,SEC,19.27,112.8,48,93.6,15,68.4,226,11/4/24 0:00
27,Michigan,B10,19.09,114.4,37,95.3,27,69.8,141,11/4/24 0:00
28,Illinois,B10,18.96,114.6,34,95.6,29,72.8,22,11/4/24 0:00
29,Maryland,B10,18.39,111.4,60,93.1,10,68.8,199,11/4/24 0:00
30,Wisconsin,B10,18.12,117.1,17,99,75,69.6,150,11/4/24 0:00
31,Memphis,Amer,18.02,113.1,45,95.1,24,72,42,11/4/24 0:00
32,Creighton,BE,17.96,114.8,31,96.9,44,70.3,113,11/4/24 0:00
33,Oregon,B10,17.88,114.8,32,96.9,45,69,189,11/4/24 0:00
34,Penn St.,B10,17.64,116,25,98.4,65,73.1,18,11/4/24 0:00
35,Boise St.,MWC,17.57,115.2,28,97.7,55,68.6,210,11/4/24 0:00
36,Indiana,B10,17.4,112.5,49,95.1,26,70.8,87,11/4/24 0:00
37,Clemson,ACC,17.24,114.4,38,97.1,50,68,247,11/4/24 0:00
38,Dayton,A10,17.08,112.9,47,95.9,31,67.1,299,11/4/24 0:00
39,Nevada,MWC,16.95,113.8,40,96.9,43,65.6,345,11/4/24 0:00
40,Arkansas,SEC,16.89,109.9,80,93,9,71.3,66,11/4/24 0:00
,,,,,Strength of Schedule,NCSOS,,,,11/4/24 0:00
Rk,Team,Conf,NetRtg,ORtg,DRtg,AdjT,Luck,NetRtg,ORtg,11/4/24 0:00
41,Xavier,BE,16.2,115.2,29,99,76,69.4,163,11/4/24 0:00
42,Saint Mary's,WCC,16.13,116.8,18,100.6,91,65.4,349,11/4/24 0:00
43,Michigan St.,B10,15.77,110.8,67,95,23,69.5,161,11/4/24 0:00
44,VCU,A10,15.68,109.1,95,93.5,13,69.3,169,11/4/24 0:00
45,Utah St.,MWC,15.58,114.4,36,98.8,71,72,44,11/4/24 0:00
46,Iowa,B10,15.34,113.1,46,97.8,58,72.3,33,11/4/24 0:00
47,Oklahoma,SEC,15.01,110.7,69,95.7,30,68.8,200,11/4/24 0:00
48,Mississippi,SEC,14.88,114.6,33,99.7,83,68.2,237,11/4/24 0:00
49,Nebraska,B10,14.62,109.2,93,94.6,21,70.3,108,11/4/24 0:00
50,Missouri,SEC,14.52,114.5,35,100,85,67.8,254,11/4/24 0:00
51,Utah,B12,14.27,111.3,62,97,47,71.5,58,11/4/24 0:00
52,LSU,SEC,14.12,112,53,97.9,60,69.4,162,11/4/24 0:00
53,N.C. State,ACC,13.63,111.4,61,97.8,57,71,80,11/4/24 0:00
54,San Diego St.,MWC,13.48,108.1,113,94.6,22,67.6,269,11/4/24 0:00
55,New Mexico,MWC,13.41,109.7,87,96.2,33,75.6,1,11/4/24 0:00
56,San Francisco,WCC,13.15,110.9,66,97.7,56,69.5,158,11/4/24 0:00
57,Louisville,ACC,12.88,109.5,89,96.7,41,72.6,27,11/4/24 0:00
58,Northwestern,B10,12.61,109,99,96.4,35,65.8,340,11/4/24 0:00
59,TCU,B12,12.49,108.9,100,96.5,37,69.8,139,11/4/24 0:00
60,UC Irvine,BW,12.48,109.4,91,96.9,46,70.7,95,11/4/24 0:00
61,Villanova,BE,12.15,113.4,43,101.3,98,67.4,276,11/4/24 0:00
62,Georgia,SEC,12.09,111.7,57,99.6,80,69.5,157,11/4/24 0:00
63,Arizona St.,B12,11.93,110.5,71,98.6,67,70.2,121,11/4/24 0:00
64,Liberty,CUSA,11.83,109.5,90,97.6,54,64.6,358,11/4/24 0:00
65,Vanderbilt,SEC,11.72,114.1,39,102.3,113,71.1,71,11/4/24 0:00
66,SMU,ACC,11.42,113.7,41,102.3,111,71.8,50,11/4/24 0:00
67,Stanford,ACC,11.38,111.8,55,100.4,88,66.7,316,11/4/24 0:00
68,Rutgers,B10,11.16,110.4,73,99.2,77,69.6,151,11/4/24 0:00
69,Colorado,B12,11.15,109.2,94,98,62,68.2,236,11/4/24 0:00
70,West Virginia,B12,11.12,109.3,92,98.2,63,69.6,147,11/4/24 0:00
71,Notre Dame,ACC,11.08,112.5,50,101.4,101,67.1,298,11/4/24 0:00
72,Kansas St.,B12,11.03,108.9,101,97.9,61,68.6,211,11/4/24 0:00
73,Butler,BE,10.99,110.7,68,99.7,82,67.7,265,11/4/24 0:00
74,Miami FL,ACC,10.86,116.5,20,105.7,185,67.8,258,11/4/24 0:00
75,South Carolina,SEC,10.56,109.8,81,99.3,78,67.5,273,11/4/24 0:00
76,North Texas,Amer,10.46,107.9,117,97.4,53,64.2,359,11/4/24 0:00
77,Providence,BE,10.37,106.8,139,96.5,38,65.9,334,11/4/24 0:00
78,UCF,B12,10.31,109.1,97,98.8,70,70.8,93,11/4/24 0:00
79,Florida St.,ACC,10.24,106.7,142,96.5,36,72.6,28,11/4/24 0:00
80,Wichita St.,Amer,9.93,109.7,85,99.8,84,71.5,60,11/4/24 0:00
,,,,,Strength of Schedule,NCSOS,,,,11/4/24 0:00
Rk,Team,Conf,NetRtg,ORtg,DRtg,AdjT,Luck,NetRtg,ORtg,11/4/24 0:00
81,Loyola Chicago,A10,9.93,108.4,110,98.4,66,69.8,134,11/4/24 0:00
82,Minnesota,B10,9.71,105.8,159,96.1,32,63.9,360,11/4/24 0:00
83,USC,B10,9.6,112,52,102.4,114,69.3,170,11/4/24 0:00
84,Yale,Ivy,9.24,113.2,44,104,151,67.7,259,11/4/24 0:00
85,Louisiana Tech,CUSA,8.93,110,79,101.1,94,66.9,310,11/4/24 0:00
86,Washington,B10,8.83,105.9,153,97.1,48,70.2,119,11/4/24 0:00
87,Oklahoma St.,B12,8.63,107.6,123,98.9,73,73,20,11/4/24 0:00
88,Florida Atlantic,Amer,8.57,112.2,51,103.7,136,72.7,23,11/4/24 0:00
89,Washington St.,WCC,8.52,109.7,84,101.2,96,72.4,30,11/4/24 0:00
90,Drake,MVC,8.37,108.8,103,100.4,87,65.9,337,11/4/24 0:00
91,UNLV,MWC,8.18,111.1,64,103,124,68,245,11/4/24 0:00
92,George Mason,A10,8,107.4,126,99.4,79,67.4,280,11/4/24 0:00
93,Saint Joseph's,A10,7.8,108.4,108,100.6,90,70.6,97,11/4/24 0:00
94,Bradley,MVC,7.8,111.6,58,103.8,145,67.4,278,11/4/24 0:00
95,Grand Canyon,WAC,7.72,110.6,70,102.9,122,71.2,69,11/4/24 0:00
96,Wake Forest,ACC,7.57,106.5,144,99,74,69.1,184,11/4/24 0:00
97,McNeese,Slnd,7.38,109.1,98,101.7,103,67.2,290,11/4/24 0:00
98,UC San Diego,BW,7.33,108.6,106,101.3,97,66.9,307,11/4/24 0:00
99,Oregon St.,WCC,7.21,107.8,119,100.5,89,65.9,335,11/4/24 0:00
100,Syracuse,ACC,7.03,111.7,56,104.7,165,71.1,73,11/4/24 0:00
101,Murray St.,MVC,6.91,111.3,63,104.4,156,67.4,282,11/4/24 0:00
102,Arkansas St.,SB,6.8,107.1,136,100.3,86,69.9,133,11/4/24 0:00
103,Santa Clara,WCC,6.63,110.2,76,103.5,131,69.7,143,11/4/24 0:00
104,Virginia,ACC,6.49,104.4,184,97.9,59,62.9,363,11/4/24 0:00
105,Seton Hall,BE,6.35,99.6,276,93.2,11,64.8,357,11/4/24 0:00
106,Rhode Island,A10,6.07,109.8,83,103.7,142,72.2,35,11/4/24 0:00
107,DePaul,BE,6,108.6,105,102.6,118,68.7,206,11/4/24 0:00
108,Colorado St.,MWC,5.88,106.8,140,101,92,67.9,249,11/4/24 0:00
109,High Point,BSth,5.53,111.9,54,106.4,207,67,305,11/4/24 0:00
110,Sam Houston St.,CUSA,5.48,110.1,77,104.6,163,70.3,115,11/4/24 0:00
111,St. Bonaventure,A10,5.37,107.2,132,101.8,105,67.2,289,11/4/24 0:00
112,Georgetown,BE,5.17,109.1,96,103.9,149,69.1,185,11/4/24 0:00
113,Princeton,Ivy,5.17,111.5,59,106.3,204,68.4,222,11/4/24 0:00
114,Georgia Tech,ACC,4.79,107,137,102.2,109,72.2,36,11/4/24 0:00
115,Troy,SB,4.62,103.4,198,98.8,69,69.8,140,11/4/24 0:00
116,Northern Iowa,MVC,4.56,108.2,112,103.6,135,67.2,293,11/4/24 0:00
117,Purdue Fort Wayne,Horz,4.48,111,65,106.5,208,70.2,118,11/4/24 0:00
118,Davidson,A10,4.43,109.7,86,105.3,176,68.2,233,11/4/24 0:00
119,Temple,Amer,4.31,108.7,104,104.4,157,69.5,159,11/4/24 0:00
120,California,ACC,4.18,106.5,145,102.3,112,70.8,92,11/4/24 0:00
,,,,,Strength of Schedule,NCSOS,,,,11/4/24 0:00
Rk,Team,Conf,NetRtg,ORtg,DRtg,AdjT,Luck,NetRtg,ORtg,11/4/24 0:00
121,Furman,SC,3.74,105.4,166,101.7,102,68.4,224,11/4/24 0:00
122,UAB,Amer,3.68,110.4,74,106.7,210,70.9,85,11/4/24 0:00
123,Utah Valley,WAC,3.62,105,175,101.3,99,69.9,129,11/4/24 0:00
124,Seattle,WAC,3.51,107.1,133,103.6,134,68.5,219,11/4/24 0:00
125,Charleston,CAA,3.5,107.4,128,103.9,148,71.2,68,11/4/24 0:00
126,Western Kentucky,CUSA,3.15,102.1,223,98.9,72,73.5,11,11/4/24 0:00
127,UMass Lowell,AE,3.14,107.9,118,104.7,167,71.8,48,11/4/24 0:00
128,UC Santa Barbara,BW,2.89,108.8,102,105.9,190,67.9,248,11/4/24 0:00
129,Virginia Tech,ACC,2.83,105,174,102.1,107,67.5,271,11/4/24 0:00
130,Kent St.,MAC,2.76,105.4,165,102.7,119,66.7,313,11/4/24 0:00
131,Towson,CAA,2.58,105.1,170,102.6,117,66.3,327,11/4/24 0:00
132,Boston College,ACC,2.43,106.3,149,103.8,146,67.5,274,11/4/24 0:00
133,Samford,SC,2.16,109.8,82,107.7,242,74,5,11/4/24 0:00
134,East Carolina,Amer,2.05,105.7,160,103.7,138,66.1,332,11/4/24 0:00
135,Northern Colorado,BSky,2.03,107.6,122,105.6,183,71.1,70,11/4/24 0:00
136,Lipscomb,ASun,1.97,106.6,143,104.6,164,69,187,11/4/24 0:00
137,Southern Illinois,MVC,1.87,104.6,180,102.7,120,70.8,90,11/4/24 0:00
138,Wright St.,Horz,1.79,108.6,107,106.8,214,68.7,204,11/4/24 0:00
139,La Salle,A10,1.76,105.5,164,103.7,139,70.8,89,11/4/24 0:00
140,UC Davis,BW,1.74,101.4,238,99.6,81,72.7,25,11/4/24 0:00
141,South Florida,Amer,1.72,107.2,130,105.5,180,70.3,109,11/4/24 0:00
142,Saint Louis,A10,1.71,107.5,124,105.8,187,72,43,11/4/24 0:00
143,Massachusetts,A10,1.7,105.7,161,104,150,71.5,59,11/4/24 0:00
144,Northeastern,CAA,1.7,103.9,190,102.2,110,67.6,267,11/4/24 0:00
145,George Washington,A10,1.47,107.4,129,105.9,191,71.3,65,11/4/24 0:00
146,James Madison,SB,1.43,107.7,121,106.3,202,67.7,260,11/4/24 0:00
147,Columbia,Ivy,1.4,110.3,75,108.9,267,69,191,11/4/24 0:00
148,Middle Tennessee,CUSA,1.38,104.5,181,103.1,126,69.3,168,11/4/24 0:00
149,Vermont,AE,1.3,102.7,208,101.4,100,65.2,351,11/4/24 0:00
150,Akron,MAC,1.27,106.2,150,104.9,170,69.8,135,11/4/24 0:00
151,Wofford,SC,1.18,110.5,72,109.4,283,65.9,336,11/4/24 0:00
152,Belmont,MVC,0.82,107.9,115,107.1,223,71.2,67,11/4/24 0:00
153,Jacksonville,ASun,0.62,102.4,213,101.8,104,68.3,230,11/4/24 0:00
154,St. Thomas,Sum,0.61,108,114,107.3,231,68.2,239,11/4/24 0:00
155,Longwood,BSth,0.51,102.7,210,102.2,108,69,190,11/4/24 0:00
156,Toledo,MAC,0.42,110.1,78,109.6,286,71.3,64,11/4/24 0:00
157,Texas St.,SB,0.41,104.1,187,103.7,141,68,246,11/4/24 0:00
158,UNC Greensboro,SC,0.15,103.9,191,103.7,144,67.2,288,11/4/24 0:00
159,Charlotte,Amer,0.14,107.2,131,107,222,64.9,354,11/4/24 0:00
160,Hofstra,CAA,0.14,103.4,199,103.2,127,66.4,324,11/4/24 0:00
,,,,,Strength of Schedule,NCSOS,,,,11/4/24 0:00
Rk,Team,Conf,NetRtg,ORtg,DRtg,AdjT,Luck,NetRtg,ORtg,11/4/24 0:00
161,North Alabama,ASun,0.13,107.4,127,107.3,227,69.4,165,11/4/24 0:00
162,Ohio,MAC,0.04,108.4,109,108.3,256,71.1,75,11/4/24 0:00
163,UNC Wilmington,CAA,-0.39,106.4,147,106.8,213,69.4,166,11/4/24 0:00
164,New Mexico St.,CUSA,-0.44,103,204,103.5,128,67.4,279,11/4/24 0:00
165,Southern Utah,WAC,-0.45,106.4,146,106.9,218,68.9,195,11/4/24 0:00
166,South Dakota St.,Sum,-0.45,105.6,162,106,198,71.8,51,11/4/24 0:00
167,Elon,CAA,-0.49,107.5,125,108,248,67.7,261,11/4/24 0:00
168,UC Riverside,BW,-0.68,105.3,168,106,197,69.1,183,11/4/24 0:00
169,Chattanooga,SC,-0.82,106.3,148,107.1,225,69.2,176,11/4/24 0:00
170,Jacksonville St.,CUSA,-0.86,105.9,152,106.8,216,67.3,286,11/4/24 0:00
171,Loyola Marymount,WCC,-0.88,104.6,179,105.5,182,67.7,262,11/4/24 0:00
172,Bryant,AE,-0.96,102.5,212,103.5,129,73.7,7,11/4/24 0:00
173,UNC Asheville,BSth,-1.02,106.9,138,107.9,247,68.6,212,11/4/24 0:00
174,Cal Baptist,WAC,-1.06,107.1,135,108.1,252,66.9,311,11/4/24 0:00
175,Appalachian St.,SB,-1.13,100.8,251,102,106,67.5,272,11/4/24 0:00
176,North Florida,ASun,-1.22,109.6,88,110.9,313,70.3,117,11/4/24 0:00
177,Little Rock,OVC,-1.27,103,205,104.3,155,69.3,174,11/4/24 0:00
178,Kennesaw St.,CUSA,-1.28,107.7,120,109,271,73.1,15,11/4/24 0:00
179,Milwaukee,Horz,-1.37,106.8,141,108.1,253,70.7,96,11/4/24 0:00
180,Fordham,A10,-1.54,102,224,103.5,132,70.5,100,11/4/24 0:00
181,Winthrop,BSth,-1.65,101.3,239,103,125,72.4,29,11/4/24 0:00
182,Drexel,CAA,-1.66,103.1,203,104.7,168,65.5,348,11/4/24 0:00
183,Missouri St.,MVC,-1.77,100.7,254,102.4,115,69,188,11/4/24 0:00
184,East Tennessee St.,SC,-1.78,105.9,155,107.6,240,67.8,253,11/4/24 0:00
185,Illinois St.,MVC,-1.79,105.8,156,107.6,238,67.2,291,11/4/24 0:00
186,Tulane,Amer,-1.82,104,189,105.8,188,70.4,102,11/4/24 0:00
187,Rice,Amer,-1.89,102.7,209,104.6,161,66.7,315,11/4/24 0:00
188,Marshall,SB,-1.9,102.4,216,104.3,154,70.6,98,11/4/24 0:00
189,Hawaii,BW,-1.99,103.8,195,105.8,186,66.3,325,11/4/24 0:00
190,UT Arlington,WAC,-2.15,107.9,116,110.1,294,72,45,11/4/24 0:00
191,Montana St.,BSky,-2.21,105.1,171,107.3,230,68.8,201,11/4/24 0:00
192,UTEP,CUSA,-2.27,102.2,220,104.4,158,71,84,11/4/24 0:00
193,Northern Kentucky,Horz,-2.29,98.8,293,101,93,67.8,256,11/4/24 0:00
194,Norfolk St.,MEAC,-2.41,104.7,178,107.1,226,67.3,285,11/4/24 0:00
195,Florida Gulf Coast,ASun,-2.41,101.5,234,103.9,147,65.5,346,11/4/24 0:00
196,Indiana St.,MVC,-2.49,105.3,169,107.7,243,73.1,17,11/4/24 0:00
197,Presbyterian,BSth,-2.62,102.9,206,105.5,181,65.9,338,11/4/24 0:00
198,Illinois Chicago,MVC,-2.68,105.8,158,108.5,259,71.9,46,11/4/24 0:00
199,UT Rio Grande Valley,Slnd,-2.81,105.9,154,108.7,263,71.7,56,11/4/24 0:00
200,Saint Peter's,MAAC,-2.86,99.9,270,102.7,121,64.8,355,11/4/24 0:00
,,,,,Strength of Schedule,NCSOS,,,,11/4/24 0:00
Rk,Team,Conf,NetRtg,ORtg,DRtg,AdjT,Luck,NetRtg,ORtg,11/4/24 0:00
201,Montana,BSky,-2.87,106.1,151,108.9,268,68.1,241,11/4/24 0:00
202,Central Michigan,MAC,-2.92,100.7,253,103.7,137,68.8,202,11/4/24 0:00
203,Georgia St.,SB,-2.95,104.9,177,107.8,246,69.8,142,11/4/24 0:00
204,Texas A&M Corpus Chris,Slnd,-2.98,105.8,157,108.8,264,71.7,53,11/4/24 0:00
205,Miami OH,MAC,-3,104.4,183,107.4,234,69.3,175,11/4/24 0:00
206,Stephen F. Austin,Slnd,-3.04,95.7,333,98.8,68,67.9,252,11/4/24 0:00
207,South Alabama,SB,-3.04,101.6,230,104.7,166,66.9,309,11/4/24 0:00
208,Abilene Christian,WAC,-3.08,101.1,247,104.1,153,69.9,132,11/4/24 0:00
209,CSUN,BW,-3.25,101.6,233,104.8,169,73.9,6,11/4/24 0:00
210,Cornell,Ivy,-3.57,107.1,134,110.7,307,72.2,37,11/4/24 0:00
211,William & Mary,CAA,-3.72,105.4,167,109.1,277,72.7,24,11/4/24 0:00
212,Richmond,A10,-3.79,100.3,261,104.1,152,68.4,225,11/4/24 0:00
213,Nicholls,Slnd,-3.81,101.4,235,105.2,174,68.5,215,11/4/24 0:00
214,Howard,MEAC,-3.82,104.2,185,108,249,68.2,238,11/4/24 0:00
215,Georgia Southern,SB,-3.87,101.4,236,105.3,175,74.6,3,11/4/24 0:00
216,Gardner Webb,BSth,-3.95,102,225,106,194,69.6,149,11/4/24 0:00
217,Quinnipiac,MAAC,-4.08,99.6,275,103.7,140,71,82,11/4/24 0:00
218,Duquesne,A10,-4.09,101.7,228,105.8,189,68.7,205,11/4/24 0:00
219,Radford,BSth,-4.1,108.2,111,112.3,334,65.8,341,11/4/24 0:00
220,Eastern Kentucky,ASun,-4.3,105.1,172,109.4,284,69.8,138,11/4/24 0:00
221,Wyoming,MWC,-4.32,101,248,105.3,177,67.9,250,11/4/24 0:00
222,Cleveland St.,Horz,-4.61,99.1,283,103.7,143,68.7,203,11/4/24 0:00
223,Austin Peay,ASun,-4.62,102.1,221,106.7,212,66.7,312,11/4/24 0:00
224,Albany,AE,-4.7,101.6,231,106.3,203,69.6,155,11/4/24 0:00
225,Grambling St.,SWAC,-4.74,98.2,302,102.9,123,69.4,167,11/4/24 0:00
226,Tulsa,Amer,-4.87,103.8,194,108.7,262,70.1,123,11/4/24 0:00
227,Oakland,Horz,-4.88,101.2,242,106.1,199,65.9,339,11/4/24 0:00
228,Alabama St.,SWAC,-5.11,101.7,229,106.8,217,69.6,152,11/4/24 0:00
229,North Dakota,Sum,-5.14,101.6,232,106.7,211,70.4,103,11/4/24 0:00
230,Bucknell,PL,-5.24,99.3,278,104.6,159,68.5,220,11/4/24 0:00
231,Weber St.,BSky,-5.33,103.1,202,108.4,257,68,244,11/4/24 0:00
232,Youngstown St.,Horz,-5.4,97.1,317,102.5,116,69.9,130,11/4/24 0:00
233,Idaho St.,BSky,-5.45,100.5,257,106,195,66.2,328,11/4/24 0:00
234,Kansas City,Sum,-5.56,99.9,268,105.5,179,68.1,242,11/4/24 0:00
235,Rider,MAAC,-5.68,100.3,260,106,196,67.1,300,11/4/24 0:00
236,Robert Morris,Horz,-5.83,98.8,294,104.6,162,68.7,207,11/4/24 0:00
237,Merrimack,MAAC,-5.99,95.1,341,101.1,95,66.3,326,11/4/24 0:00
238,Maine,AE,-6.13,97.4,312,103.6,133,68.2,234,11/4/24 0:00
239,Brown,Ivy,-6.18,104.2,186,110.4,301,67.2,296,11/4/24 0:00
240,Marist,MAAC,-6.31,101.1,246,107.4,233,66.2,331,11/4/24 0:00
,,,,,Strength of Schedule,NCSOS,,,,11/4/24 0:00
Rk,Team,Conf,NetRtg,ORtg,DRtg,AdjT,Luck,NetRtg,ORtg,11/4/24 0:00
241,Southern Miss,SB,-6.36,100.2,262,106.6,209,73,19,11/4/24 0:00
242,American,PL,-6.37,103.6,196,110,291,63.6,361,11/4/24 0:00
243,Delaware,CAA,-6.47,101.3,240,107.8,245,71.9,47,11/4/24 0:00
244,North Dakota St.,Sum,-6.6,104.5,182,111.1,317,66.5,322,11/4/24 0:00
245,Iona,MAAC,-6.66,100.1,265,106.8,215,69.4,164,11/4/24 0:00
246,Mercer,SC,-6.8,102.2,218,109,274,72.1,41,11/4/24 0:00
247,Eastern Washington,BSky,-6.84,104.9,176,111.7,327,71.5,57,11/4/24 0:00
248,Cal Poly,BW,-6.91,99.2,280,106.1,200,73.6,9,11/4/24 0:00
249,Colgate,PL,-7.19,99,286,106.2,201,68.5,214,11/4/24 0:00
250,FIU,CUSA,-7.27,97.3,314,104.6,160,72.2,38,11/4/24 0:00
251,Pepperdine,WCC,-7.36,100.8,252,108.1,250,69.1,186,11/4/24 0:00
252,South Dakota,Sum,-7.45,105.5,163,113,342,73.3,13,11/4/24 0:00
253,Green Bay,Horz,-7.47,105,173,112.5,336,71,76,11/4/24 0:00
254,Harvard,Ivy,-7.58,101,249,108.5,260,69.2,180,11/4/24 0:00
255,Southeastern Louisiana,Slnd,-7.64,98.3,300,105.9,193,69.3,173,11/4/24 0:00
256,Army,PL,-7.65,103.8,193,111.5,322,67.2,294,11/4/24 0:00
257,UTSA,Amer,-7.77,101.2,244,108.9,270,72.2,34,11/4/24 0:00
258,North Carolina A&T,CAA,-7.78,101.4,237,109.1,279,72.6,26,11/4/24 0:00
259,Boston University,PL,-7.81,99.7,273,107.6,236,66.6,320,11/4/24 0:00
260,Louisiana,SB,-7.85,102,226,109.9,289,70.2,120,11/4/24 0:00
261,Portland St.,BSky,-7.86,101.1,245,109,272,73.4,12,11/4/24 0:00
262,Evansville,MVC,-7.97,102.4,214,110.4,302,70.6,99,11/4/24 0:00
263,Valparaiso,MVC,-7.98,101.3,241,109.2,281,70,128,11/4/24 0:00
264,SIUE,OVC,-8.22,98.2,303,106.4,206,67.7,264,11/4/24 0:00
265,Northern Arizona,BSky,-8.25,102.2,219,110.4,304,67,306,11/4/24 0:00
266,Southern,SWAC,-8.25,96.9,320,105.2,173,69.2,178,11/4/24 0:00
267,Queens,ASun,-8.26,98.1,305,106.3,205,72.1,40,11/4/24 0:00
268,Fresno St.,MWC,-8.47,96.6,323,105.1,172,74.7,2,11/4/24 0:00
269,Ball St.,MAC,-8.7,99.9,269,108.6,261,69.7,144,11/4/24 0:00
270,Central Connecticut,NEC,-8.73,96.3,329,105.1,171,67.6,268,11/4/24 0:00
271,Mount St. Mary's,MAAC,-8.79,98.1,304,106.9,219,68.5,217,11/4/24 0:00
272,South Carolina St.,MEAC,-8.84,98.8,290,107.6,239,70,125,11/4/24 0:00
273,Western Carolina,SC,-8.88,98.2,301,107.1,224,70.4,104,11/4/24 0:00
274,Cal St. Bakersfield,BW,-8.89,101.2,243,110.1,295,65.5,347,11/4/24 0:00
275,Lafayette,PL,-8.97,98.6,296,107.5,235,66.6,319,11/4/24 0:00
276,Lamar,Slnd,-9.1,102.4,215,111.5,323,70,124,11/4/24 0:00
277,North Carolina Central,MEAC,-9.11,103.6,197,112.7,341,67.3,287,11/4/24 0:00
278,Bethune Cookman,SWAC,-9.11,96.5,326,105.7,184,70.3,116,11/4/24 0:00
279,Campbell,CAA,-9.12,100,266,109.2,280,68,243,11/4/24 0:00
280,Bowling Green,MAC,-9.21,102.7,207,112,332,69.9,131,11/4/24 0:00
,,,,,Strength of Schedule,NCSOS,,,,11/4/24 0:00
Rk,Team,Conf,NetRtg,ORtg,DRtg,AdjT,Luck,NetRtg,ORtg,11/4/24 0:00
281,Texas Southern,SWAC,-9.28,97.6,309,106.9,220,70.4,106,11/4/24 0:00
282,Pacific,WCC,-9.28,98.9,288,108.1,254,70.3,111,11/4/24 0:00
283,Morehead St.,OVC,-9.31,96.6,325,105.9,192,67.4,281,11/4/24 0:00
284,Oral Roberts,Sum,-9.36,103.2,201,112.6,338,70.5,101,11/4/24 0:00
285,San Jose St.,MWC,-9.38,100.4,258,109.8,288,65.1,352,11/4/24 0:00
286,Incarnate Word,Slnd,-9.39,104,188,113.4,347,68.3,229,11/4/24 0:00
287,Lehigh,PL,-9.4,100.9,250,110.3,300,68.9,193,11/4/24 0:00
288,Wagner,NEC,-9.97,93.5,352,103.5,130,63.3,362,11/4/24 0:00
289,Nebraska Omaha,Sum,-10.02,102.7,211,112.7,340,69.6,146,11/4/24 0:00
290,Air Force,MWC,-10.1,101.9,227,112,333,62.6,364,11/4/24 0:00
291,Penn,Ivy,-10.11,103.8,192,114,352,65.9,333,11/4/24 0:00
292,Tennessee St.,OVC,-10.21,98.8,289,109,276,70.9,86,11/4/24 0:00
293,Eastern Michigan,MAC,-10.28,97.5,310,107.8,244,67.2,292,11/4/24 0:00
294,Siena,MAAC,-10.29,97.3,313,107.6,237,66.6,318,11/4/24 0:00
295,San Diego,WCC,-10.3,95.1,343,105.4,178,73,21,11/4/24 0:00
296,Monmouth,CAA,-10.42,100.6,256,111,316,69.8,137,11/4/24 0:00
297,Long Beach St.,BW,-10.43,99.8,271,110.2,299,66.2,329,11/4/24 0:00
298,Denver,Sum,-10.87,99.3,277,110.2,298,71.4,61,11/4/24 0:00
299,Tarleton St.,WAC,-10.93,96.5,327,107.4,232,68.9,192,11/4/24 0:00
300,Cal St. Fullerton,BW,-10.96,96.3,328,107.3,229,67.2,295,11/4/24 0:00
301,Coastal Carolina,SB,-10.97,98.3,299,109.3,282,64.8,356,11/4/24 0:00
302,Southern Indiana,OVC,-11.13,99.7,274,110.8,310,68.2,232,11/4/24 0:00
303,Idaho,BSky,-11.16,102.3,217,113.5,348,66.7,314,11/4/24 0:00
304,Northwestern St.,Slnd,-11.26,98.8,291,110,292,67.8,255,11/4/24 0:00
305,Hampton,CAA,-11.31,97.8,307,109.1,278,66.5,321,11/4/24 0:00
306,Holy Cross,PL,-11.31,103.3,200,114.6,356,66.2,330,11/4/24 0:00
307,Sacramento St.,BSky,-11.34,95.9,332,107.3,228,65.8,342,11/4/24 0:00
308,Fairfield,MAAC,-11.46,97,319,108.5,258,67.9,251,11/4/24 0:00
309,Portland,WCC,-11.55,97.5,311,109,275,71,78,11/4/24 0:00
310,LIU,NEC,-11.69,99.2,282,110.9,311,70.4,105,11/4/24 0:00
311,Detroit Mercy,Horz,-11.72,97.2,316,108.9,269,67.8,257,11/4/24 0:00
312,Old Dominion,SB,-11.76,98.9,287,110.6,305,70.4,107,11/4/24 0:00
313,Navy,PL,-11.87,100,267,111.8,330,68.6,209,11/4/24 0:00
314,Southeast Missouri,OVC,-11.97,96.2,331,108.1,251,71.7,55,11/4/24 0:00
315,Manhattan,MAAC,-12.04,99.2,279,111.3,321,70.1,122,11/4/24 0:00
316,Utah Tech,WAC,-12.34,97.8,308,110.1,297,71.8,52,11/4/24 0:00
317,UMBC,AE,-12.34,102.1,222,114.4,355,71.1,72,11/4/24 0:00
318,Eastern Illinois,OVC,-12.39,96.6,324,109,273,68.5,216,11/4/24 0:00
319,Stony Brook,CAA,-12.41,99.1,284,111.5,325,68.9,194,11/4/24 0:00
320,Niagara,MAAC,-12.68,100.6,255,113.3,345,67.1,297,11/4/24 0:00
,,,,,Strength of Schedule,NCSOS,,,,11/4/24 0:00
Rk,Team,Conf,NetRtg,ORtg,DRtg,AdjT,Luck,NetRtg,ORtg,11/4/24 0:00
321,Charleston Southern,BSth,-12.7,97.3,315,110,290,69.8,136,11/4/24 0:00
322,Tennessee Martin,OVC,-12.97,94,350,107,221,71,77,11/4/24 0:00
323,Sacred Heart,MAAC,-13.05,100.2,263,113.2,343,69.5,160,11/4/24 0:00
324,Bellarmine,ASun,-13.1,100.4,259,113.5,349,67,301,11/4/24 0:00
325,Jackson St.,SWAC,-13.21,96.8,322,110,293,71,81,11/4/24 0:00
326,Western Michigan,MAC,-13.35,98.6,297,111.9,331,68.9,198,11/4/24 0:00
327,Loyola MD,PL,-13.64,95.2,338,108.9,266,69.2,179,11/4/24 0:00
328,Louisiana Monroe,SB,-13.71,94.4,347,108.2,255,68.4,221,11/4/24 0:00
329,Buffalo,MAC,-13.76,99.8,272,113.5,350,71,83,11/4/24 0:00
330,The Citadel,SC,-13.84,95.6,334,109.5,285,67,304,11/4/24 0:00
331,Binghamton,AE,-13.92,97.9,306,111.8,328,67.3,284,11/4/24 0:00
332,Western Illinois,OVC,-14.05,97,318,111.1,318,65,353,11/4/24 0:00
333,Morgan St.,MEAC,-14.21,99.2,281,113.4,346,71.7,54,11/4/24 0:00
334,Tennessee Tech,OVC,-14.31,96.9,321,111.2,319,68.3,231,11/4/24 0:00
335,Stonehill,NEC,-14.7,92.9,357,107.6,241,68.4,227,11/4/24 0:00
336,Le Moyne,NEC,-14.82,95.3,337,110.1,296,68.9,196,11/4/24 0:00
337,Saint Francis,NEC,-15.49,93.3,355,108.8,265,70,127,11/4/24 0:00
338,Central Arkansas,ASun,-15.64,95.1,344,110.7,309,69.3,171,11/4/24 0:00
339,Northern Illinois,MAC,-15.7,94.1,349,109.8,287,69.6,148,11/4/24 0:00
340,Stetson,ASun,-15.77,98.6,295,114.4,354,69.6,153,11/4/24 0:00
341,Mercyhurst,NEC,-15.97,95,346,111,315,65.8,343,11/4/24 0:00
342,USC Upstate,BSth,-16.04,100.2,264,116.2,361,72.3,32,11/4/24 0:00
343,VMI,SC,-16.62,95.1,342,111.7,326,71.8,49,11/4/24 0:00
344,West Georgia,ASun,-16.66,95.1,340,111.8,329,68.2,235,11/4/24 0:00
345,Prairie View A&M,SWAC,-16.82,98.8,292,115.6,359,74.2,4,11/4/24 0:00
346,New Orleans,Slnd,-16.92,95.6,335,112.5,337,71.4,62,11/4/24 0:00
347,Dartmouth,Ivy,-17.12,93.3,356,110.4,303,70.3,110,11/4/24 0:00
348,Alabama A&M,SWAC,-17.26,93.4,353,110.7,308,72.4,31,11/4/24 0:00
349,Delaware St.,MEAC,-17.51,93.3,354,110.9,312,69.3,172,11/4/24 0:00
350,Fairleigh Dickinson,NEC,-17.64,98.3,298,116,360,72.2,39,11/4/24 0:00
351,Texas A&M Commerce,Slnd,-17.94,92.7,358,110.6,306,70.8,94,11/4/24 0:00
352,Alcorn St.,SWAC,-18.44,96.2,330,114.6,357,65.7,344,11/4/24 0:00
353,Lindenwood,OVC,-18.63,95,345,113.7,351,68.7,208,11/4/24 0:00
354,Houston Christian,Slnd,-18.67,93.8,351,112.5,335,68.3,228,11/4/24 0:00
355,Florida A&M,SWAC,-18.72,92.5,359,111.2,320,69.7,145,11/4/24 0:00
356,New Hampshire,AE,-18.72,92.2,360,110.9,314,68.5,213,11/4/24 0:00
357,Canisius,MAAC,-19.53,99.1,285,118.6,364,67.6,266,11/4/24 0:00
358,Maryland Eastern Shore,MEAC,-20.56,94.3,348,114.8,358,68.1,240,11/5/24 0:00
359,Chicago St.,NEC,-20.81,91.8,361,112.6,339,71.1,74,11/5/24 0:00
360,IU Indy,Horz,-21.32,95.2,339,116.5,362,68.4,223,11/5/24 0:00
,,,,,Strength of Schedule,NCSOS,,,,11/5/24 0:00
Rk,Team,Conf,NetRtg,ORtg,DRtg,AdjT,Luck,NetRtg,ORtg,11/5/24 0:00
361,NJIT,AE,-21.47,91.8,362,113.3,344,66.4,323,11/5/24 0:00
362,Arkansas Pine Bluff,SWAC,-22.47,95.5,336,118,363,71.4,63,11/5/24 0:00
363,Coppin St.,MEAC,-25.3,86.2,364,111.5,324,68.9,197,11/5/24 0:00
364,Mississippi Valley St.,SWAC,-27.01,87.1,363,114.1,353,67,302,11/5/24 0:00
11,Purdue,B10,22.43,117.9,6,95.4,32,70.5,241,11/5/24 0:00
12,Texas Tech,B12,22.1,114.6,23,92.5,8,68.7,336,11/5/24 0:00
13,St. John's,BE,21.09,114.6,22,93.5,13,72.5,87,11/5/24 0:00
14,Tennessee,SEC,21.05,113.4,33,92.3,7,70.8,210,11/5/24 0:00
15,Cincinnati,B12,20.86,114.3,29,93.4,12,71.4,169,11/5/24 0:00
16,Marquette,BE,20.48,115.6,15,95.1,28,71.8,134,11/5/24 0:00
17,North Carolina,ACC,20.47,116,13,95.5,34,73.6,34,11/5/24 0:00
18,Texas A&M,SEC,20.43,114.4,25,94,15,69.4,315,11/5/24 0:00
19,UCLA,B10,19.83,114.4,26,94.6,21,67.5,356,11/5/24 0:00
20,Ohio St.,B10,19.55,115.1,18,95.6,35,70.8,206,11/5/24 0:00
21,Illinois,B10,19.35,115.3,17,95.9,39,74.2,22,11/5/24 0:00
22,BYU,B12,19.18,114.6,24,95.4,30,71.8,135,11/5/24 0:00
23,Florida,SEC,19.17,116.2,11,97,51,74.2,20,11/5/24 0:00
24,Clemson,ACC,19.16,114.9,19,95.7,37,70.2,260,11/5/24 0:00
25,Michigan,B10,19.06,114.4,28,95.3,29,72.1,115,11/5/24 0:00
26,Baylor,B12,18.79,116.1,12,97.3,59,69.8,293,11/5/24 0:00
27,Texas,SEC,18.53,113.1,34,94.6,23,71.2,184,11/5/24 0:00
28,Mississippi St.,SEC,18.49,113.9,31,95.4,31,70.4,247,11/5/24 0:00
29,Arkansas,SEC,18.41,112.9,36,94.4,19,73.5,41,11/5/24 0:00
30,Dayton,A10,18.41,112.6,39,94.2,17,69,329,11/5/24 0:00
31,Villanova,BE,18.32,112.8,37,94.5,20,68.8,333,11/5/24 0:00
32,Pittsburgh,ACC,18.29,114.4,27,96.1,40,70.4,248,11/5/24 0:00
33,Oregon,B10,17.83,114.8,20,97,52,70.9,204,11/5/24 0:00
34,Michigan St.,B10,17.57,110.8,61,93.2,11,70.1,273,11/5/24 0:00
35,Kentucky,SEC,17.42,114.7,21,97.2,57,72.8,63,11/5/24 0:00
36,Maryland,B10,17.11,108.9,81,91.8,5,70,276,11/5/24 0:00
37,Iowa,B10,16.92,115.7,14,98.8,77,74.5,13,11/5/24 0:00
38,Northwestern,B10,16.65,111.4,56,94.8,25,68.6,341,11/5/24 0:00
39,Oklahoma,SEC,16.55,111.1,58,94.6,22,70.7,226,11/5/24 0:00
40,Memphis,Amer,16.23,112.5,45,96.2,41,74.3,19,11/5/24 0:00
,,« Ratings on 2024-11-05 »,Current Ratings,Rk,EM,AdjT,,,,11/5/24 0:00
Rk,Team,Conf,AdjEM,AdjO,AdjD,AdjT,Rk,AdjEM,AdjO,11/5/24 0:00
41,Saint Mary's,WCC,16.2,112.6,40,96.4,45,67.3,357,11/5/24 0:00
42,Indiana,B10,16.18,111.8,52,95.6,36,71.8,138,11/5/24 0:00
43,Xavier,BE,15.96,113,35,97.1,53,73.1,50,11/5/24 0:00
44,USC,B10,15.84,111.7,53,95.9,38,72.2,107,11/5/24 0:00
45,VCU,A10,15.52,111.8,50,96.3,42,70.1,271,11/5/24 0:00
46,Mississippi,SEC,15.51,115.5,16,100,96,70.3,255,11/5/24 0:00
47,Boise St.,MWC,15.42,111.8,51,96.4,44,70.5,236,11/5/24 0:00
48,Wisconsin,B10,15.18,112.5,44,97.3,60,69,328,11/5/24 0:00
49,Miami FL,ACC,15.04,113.7,32,98.7,76,71.8,136,11/5/24 0:00
50,San Diego St.,MWC,15.03,109.4,76,94.3,18,69.8,291,11/5/24 0:00
51,Kansas St.,B12,14.93,108.5,91,93.5,14,71.8,140,11/5/24 0:00
52,N.C. State,ACC,14.74,112.7,38,98,71,72.1,116,11/5/24 0:00
53,LSU,SEC,14.58,112.5,41,97.9,69,72.1,114,11/5/24 0:00
54,Penn St.,B10,14.52,112,48,97.5,63,72.8,65,11/5/24 0:00
55,TCU,B12,14.51,112.2,47,97.7,66,71.9,132,11/5/24 0:00
56,Louisville,ACC,14.43,110.9,59,96.5,46,74,27,11/5/24 0:00
57,Missouri,SEC,13.99,112.5,43,98.5,74,70.8,215,11/5/24 0:00
58,Wake Forest,ACC,13.64,110,69,96.4,43,72,125,11/5/24 0:00
59,Nebraska,B10,13.45,110,70,96.5,47,73,54,11/5/24 0:00
60,UCF,B12,13.32,108.8,85,95.5,33,70.8,214,11/5/24 0:00
61,Minnesota,B10,13.29,110.6,64,97.3,58,70.3,258,11/5/24 0:00
62,SMU,ACC,13.02,112.4,46,99.3,83,72,128,11/5/24 0:00
63,Grand Canyon,WAC,12.74,112.5,42,99.8,89,71.8,142,11/5/24 0:00
64,Rutgers,B10,12.5,106.6,121,94.1,16,71,198,11/5/24 0:00
65,Nevada,MWC,12.35,111.7,55,99.3,84,70.7,227,11/5/24 0:00
66,Colorado St.,MWC,12,108.6,88,96.6,48,71.1,196,11/5/24 0:00
67,Utah,B12,11.72,109.8,72,98.1,72,71.4,167,11/5/24 0:00
68,Notre Dame,ACC,11.49,108.8,84,97.3,61,68.5,343,11/5/24 0:00
69,Arizona St.,B12,11.46,108.7,87,97.2,55,72.7,72,11/5/24 0:00
70,New Mexico,MWC,11.4,109.3,78,97.9,68,76.4,1,11/5/24 0:00
71,Georgia Tech,ACC,11.39,110.8,60,99.4,85,70.6,232,11/5/24 0:00
72,Utah St.,MWC,11.36,110.1,67,98.8,79,71.8,139,11/5/24 0:00
73,Washington,B10,11.01,108.6,89,97.6,65,72.1,118,11/5/24 0:00
74,West Virginia,B12,10.74,109.5,75,98.8,78,71.3,173,11/5/24 0:00
75,Providence,BE,10.57,107.3,102,96.8,49,69.7,306,11/5/24 0:00
76,Colorado,B12,10.5,107.9,97,97.4,62,70.6,233,11/5/24 0:00
77,North Texas,Amer,10.14,107.3,101,97.2,56,67.2,359,11/5/24 0:00
78,San Francisco,WCC,9.82,109.6,73,99.8,90,71.3,171,11/5/24 0:00
79,Bradley,MVC,9.61,108.7,86,99.1,82,70,278,11/5/24 0:00
80,Vermont,AE,9.56,107.2,108,97.6,64,67.2,358,11/5/24 0:00
,,« Ratings on 2024-11-05 »,Current Ratings,Rk,EM,AdjT,,,,11/5/24 0:00
Rk,Team,Conf,AdjEM,AdjO,AdjD,AdjT,Rk,AdjEM,AdjO,11/5/24 0:00
81,Virginia,ACC,9.52,106.6,120,97.1,54,66.7,361,11/5/24 0:00
82,Georgia,SEC,9.41,108.8,83,99.4,86,72,129,11/5/24 0:00
83,Georgetown,BE,9.38,111.9,49,102.5,139,70.5,242,11/5/24 0:00
84,Florida St.,ACC,9.35,107.2,105,97.9,67,74.1,24,11/5/24 0:00
85,Princeton,Ivy,9.29,111.7,54,102.4,137,69.9,284,11/5/24 0:00
86,Santa Clara,WCC,9.22,110.4,65,101.2,109,72.5,85,11/5/24 0:00
87,Vanderbilt,SEC,9.11,110.7,63,101.5,113,72.5,86,11/5/24 0:00
88,Florida Atlantic,Amer,9.1,109.2,79,100.1,97,73.1,48,11/5/24 0:00
89,Syracuse,ACC,9.08,111.2,57,102.1,129,74.1,25,11/5/24 0:00
90,Butler,BE,9,109.3,77,100.3,99,71,199,11/5/24 0:00
91,South Carolina,SEC,8.91,107.2,104,98.3,73,68.4,347,11/5/24 0:00
92,Oklahoma St.,B12,8.44,106.4,124,97.9,70,74.8,9,11/5/24 0:00
93,Saint Joseph's,A10,8.34,108.1,94,99.8,91,72.5,84,11/5/24 0:00
94,UNLV,MWC,8.28,110.7,62,102.4,135,70.3,257,11/5/24 0:00
95,Loyola Chicago,A10,8.22,106.7,118,98.5,75,72.1,113,11/5/24 0:00
96,George Mason,A10,8.2,107.2,107,99,81,68.6,340,11/5/24 0:00
97,UAB,Amer,8.19,110.4,66,102.2,130,70.9,205,11/5/24 0:00
98,Stanford,ACC,8.12,109.1,80,101,106,69.7,302,11/5/24 0:00
99,Virginia Tech,ACC,8.04,108.5,92,100.4,103,70.7,224,11/5/24 0:00
100,Wichita St.,Amer,7.77,108.1,95,100.3,98,73.7,32,11/5/24 0:00
101,Seton Hall,BE,7.56,104.5,148,96.9,50,69.7,305,11/5/24 0:00
102,Liberty,CUSA,7.54,107.9,98,100.4,101,68.4,348,11/5/24 0:00
103,Yale,Ivy,7.47,107.2,109,99.7,87,69.7,299,11/5/24 0:00
104,UC Irvine,BW,7.02,106.8,115,99.8,92,71.8,144,11/5/24 0:00
105,Rhode Island,A10,6.4,108,96,101.6,115,72.1,111,11/5/24 0:00
106,South Florida,Amer,5.64,106.9,112,101.3,111,72.1,112,11/5/24 0:00
107,Louisiana Tech,CUSA,5.61,105.5,133,99.9,95,70.1,270,11/5/24 0:00
108,High Point,BSth,5.24,110.1,68,104.9,186,72,126,11/5/24 0:00
109,Massachusetts,A10,5.11,106.9,113,101.8,120,73.5,40,11/5/24 0:00
110,Saint Louis,A10,4.96,109.5,74,104.6,181,73.1,52,11/5/24 0:00
111,Wofford,SC,4.53,109.9,71,105.3,199,69.8,288,11/5/24 0:00
112,Murray St.,MVC,4.38,106.4,123,102.1,126,69.7,303,11/5/24 0:00
113,McNeese,Slnd,4.37,106.8,114,102.5,138,71.3,174,11/5/24 0:00
114,Towson,CAA,4.19,106.5,122,102.3,134,68,351,11/5/24 0:00
115,Washington St.,WCC,4.08,107.1,110,103,145,73.5,39,11/5/24 0:00
116,Northern Iowa,MVC,4.06,105.4,135,101.3,110,70.7,220,11/5/24 0:00
117,Troy,SB,4.04,103.8,164,99.7,88,72.6,83,11/5/24 0:00
118,St. Bonaventure,A10,3.94,103.8,163,99.8,93,70.1,264,11/5/24 0:00
119,Seattle,WAC,3.85,102.6,183,98.8,80,71.4,164,11/5/24 0:00
120,Arkansas St.,SB,3.75,107.3,103,103.5,156,72.2,104,11/5/24 0:00
,,« Ratings on 2024-11-05 »,Current Ratings,Rk,EM,AdjT,,,,11/5/24 0:00
Rk,Team,Conf,AdjEM,AdjO,AdjD,AdjT,Rk,AdjEM,AdjO,11/5/24 0:00
121,UMass Lowell,AE,3.68,106.3,126,102.7,140,72.9,59,11/5/24 0:00
122,Oregon St.,WCC,3.54,104.7,146,101.1,108,68.9,330,11/5/24 0:00
123,East Carolina,Amer,3.53,106.3,127,102.8,141,69.8,292,11/5/24 0:00
124,Davidson,A10,3.5,105.7,130,102.2,131,69.7,301,11/5/24 0:00
125,Charleston,CAA,3.5,107.5,99,104,166,72.1,110,11/5/24 0:00
126,Lipscomb,ASun,3.32,107.4,100,104.1,170,72.8,64,11/5/24 0:00
127,Boston College,ACC,3.28,105.6,132,102.3,133,70.1,267,11/5/24 0:00
128,Sam Houston St.,CUSA,3.16,106.6,119,103.5,155,70.8,213,11/5/24 0:00
129,Kent St.,MAC,3.12,105.1,136,102,125,69.9,287,11/5/24 0:00
130,UC San Diego,BW,2.96,106.8,116,103.8,163,70.1,263,11/5/24 0:00
131,Loyola Marymount,WCC,2.94,108.5,90,105.6,208,69.4,317,11/5/24 0:00
132,Akron,MAC,2.82,103.2,172,100.4,100,70.7,228,11/5/24 0:00
133,Drake,MVC,2.73,104.4,149,101.7,117,71.5,163,11/5/24 0:00
134,Charlotte,Amer,2.72,108.3,93,105.6,209,66.7,360,11/5/24 0:00
135,California,ACC,2.42,104.9,142,102.4,136,72.7,70,11/5/24 0:00
136,Ohio,MAC,2.26,108.9,82,106.6,242,71.7,148,11/5/24 0:00
137,Richmond,A10,2.01,103.7,168,101.6,116,70.6,231,11/5/24 0:00
138,Western Kentucky,CUSA,1.72,104,154,102.3,132,75.4,4,11/5/24 0:00
139,Purdue Fort Wayne,Horz,1.71,104.7,143,103,146,73.2,45,11/5/24 0:00
140,Texas St.,SB,1.39,102.3,192,100.9,105,68.8,335,11/5/24 0:00
141,Temple,Amer,1.33,105,139,103.6,159,71.2,183,11/5/24 0:00
142,James Madison,SB,1.12,104.7,145,103.6,157,69.7,307,11/5/24 0:00
143,UC Santa Barbara,BW,0.91,104.9,141,104,165,70.4,252,11/5/24 0:00
144,Bryant,AE,0.87,101.7,212,100.9,104,75.8,2,11/5/24 0:00
145,Tulsa,Amer,0.85,104,156,103.1,148,72.9,60,11/5/24 0:00
146,Samford,SC,0.84,107.2,106,106.3,234,74.6,10,11/5/24 0:00
147,La Salle,A10,0.64,102.8,181,102.1,127,69.3,322,11/5/24 0:00
148,Cal Baptist,WAC,0.61,106,129,105.4,200,68.3,349,11/5/24 0:00
149,Duquesne,A10,0.6,102.3,190,101.7,119,71.4,165,11/5/24 0:00
150,Utah Valley,WAC,0.57,101.5,217,101,107,71.3,176,11/5/24 0:00
151,Chattanooga,SC,0.51,106.4,125,105.9,220,70,274,11/5/24 0:00
152,East Tennessee St.,SC,0.49,103.4,170,102.9,142,70.8,208,11/5/24 0:00
153,Stephen F. Austin,Slnd,0.39,101.9,202,101.5,112,72.7,71,11/5/24 0:00
154,Appalachian St.,SB,0.22,102.1,199,101.9,122,70.5,238,11/5/24 0:00
155,South Dakota St.,Sum,0.17,104.3,150,104.1,169,72,121,11/5/24 0:00
156,New Mexico St.,CUSA,0.1,101.8,209,101.7,118,70.4,251,11/5/24 0:00
157,George Washington,A10,0.03,106.1,128,106.1,223,71.5,161,11/5/24 0:00
158,Marshall,SB,-0.04,103.5,169,103.6,158,72.3,100,11/5/24 0:00
159,UNC Wilmington,CAA,-0.09,104,153,104.1,168,69.7,297,11/5/24 0:00
160,Southern Illinois,MVC,-0.13,103.1,176,103.2,150,74,28,11/5/24 0:00
,,« Ratings on 2024-11-05 »,Current Ratings,Rk,EM,AdjT,,,,11/5/24 0:00
Rk,Team,Conf,AdjEM,AdjO,AdjD,AdjT,Rk,AdjEM,AdjO,11/5/24 0:00
161,UT Arlington,WAC,-0.3,104.1,151,104.4,176,73.6,37,11/5/24 0:00
162,Miami OH,MAC,-0.35,102.8,180,103.1,149,71.4,170,11/5/24 0:00
163,Abilene Christian,WAC,-0.37,102.7,182,103,147,72.3,97,11/5/24 0:00
164,UC Riverside,BW,-0.38,105,138,105.4,203,70.7,217,11/5/24 0:00
165,Cornell,Ivy,-0.42,106.8,117,107.2,251,72.6,78,11/5/24 0:00
166,Winthrop,BSth,-0.49,104.7,144,105.2,194,71.2,182,11/5/24 0:00
167,Louisiana,SB,-0.53,102.4,188,102.9,143,71.5,160,11/5/24 0:00
168,Northern Kentucky,Horz,-0.53,99.9,254,100.4,102,71.1,190,11/5/24 0:00
169,Furman,SC,-0.55,103.9,160,104.4,178,71.8,141,11/5/24 0:00
170,North Alabama,ASun,-0.61,104.9,140,105.5,206,70.9,201,11/5/24 0:00
171,Belmont,MVC,-0.7,103.8,161,104.5,180,73.6,36,11/5/24 0:00
172,Milwaukee,Horz,-0.71,105.6,131,106.3,233,72.8,66,11/5/24 0:00
173,UNC Greensboro,SC,-0.78,104,155,104.8,184,68.5,344,11/5/24 0:00
174,Oakland,Horz,-0.87,103.8,162,104.7,183,70.7,219,11/5/24 0:00
175,Nicholls,Slnd,-0.9,102.5,186,103.4,154,72.2,105,11/5/24 0:00
176,UTEP,CUSA,-0.9,101,228,101.9,123,72.4,95,11/5/24 0:00
177,Weber St.,BSky,-1.03,103.1,173,104.2,172,69.7,296,11/5/24 0:00
178,UC Davis,BW,-1.11,100.7,234,101.8,121,71.4,168,11/5/24 0:00
179,Montana,BSky,-1.2,105.4,134,106.6,243,69.8,290,11/5/24 0:00
180,Georgia Southern,SB,-1.36,101.9,207,103.2,151,72.5,88,11/5/24 0:00
181,Hofstra,CAA,-1.53,102.2,194,103.8,161,70.4,250,11/5/24 0:00
182,Jacksonville,ASun,-1.54,101.7,211,103.3,152,68.7,337,11/5/24 0:00
183,Toledo,MAC,-1.71,107.1,111,108.8,301,72.7,73,11/5/24 0:00
184,Iona,MAAC,-1.73,104.6,147,106.4,235,71.2,181,11/5/24 0:00
185,Fordham,A10,-1.81,101.1,226,102.9,144,72.5,90,11/5/24 0:00
186,Middle Tennessee,CUSA,-2.08,99.5,263,101.6,114,70.3,259,11/5/24 0:00
187,DePaul,BE,-2.22,103.3,171,105.5,205,69.4,312,11/5/24 0:00
188,Northeastern,CAA,-2.44,103.7,167,106.1,227,69.3,319,11/5/24 0:00
189,Youngstown St.,Horz,-2.45,102.4,187,104.9,185,71.8,143,11/5/24 0:00
190,Georgia St.,SB,-2.5,102.8,179,105.3,198,70.8,209,11/5/24 0:00
191,Tulane,Amer,-2.66,103.1,175,105.7,215,74.4,14,11/5/24 0:00
192,Longwood,BSth,-2.75,102.2,195,105,189,70.4,249,11/5/24 0:00
193,Southern Utah,WAC,-2.85,102.3,193,105.1,192,72.5,89,11/5/24 0:00
194,Montana St.,BSky,-2.88,102,200,104.9,187,72.1,109,11/5/24 0:00
195,Missouri St.,MVC,-2.91,99.2,269,102.1,128,69.7,298,11/5/24 0:00
196,Northern Colorado,BSky,-2.94,104,157,106.9,246,72.9,58,11/5/24 0:00
197,Penn,Ivy,-3.03,103.1,174,106.2,228,69.4,318,11/5/24 0:00
198,Hawaii,BW,-3.09,100.3,248,103.4,153,70,277,11/5/24 0:00
199,Indiana St.,MVC,-3.22,102.9,178,106.1,225,74.5,12,11/5/24 0:00
200,Kansas City,Sum,-3.33,102.3,191,105.7,212,70.5,237,11/5/24 0:00
,,« Ratings on 2024-11-05 »,Current Ratings,Rk,EM,AdjT,,,,11/5/24 0:00
Rk,Team,Conf,AdjEM,AdjO,AdjD,AdjT,Rk,AdjEM,AdjO,11/5/24 0:00
201,Harvard,Ivy,-3.37,101.9,204,105.3,195,70.4,246,11/5/24 0:00
202,St. Thomas,Sum,-3.47,105.1,137,108.5,293,68.4,345,11/5/24 0:00
203,Evansville,MVC,-3.55,100.7,238,104.2,174,72.2,106,11/5/24 0:00
204,North Florida,ASun,-3.59,104,158,107.5,263,71.2,180,11/5/24 0:00
205,Southern Miss,SB,-3.69,100.1,252,103.8,162,71.8,133,11/5/24 0:00
206,Cleveland St.,Horz,-3.86,101.6,216,105.4,204,71.5,162,11/5/24 0:00
207,Mercer,SC,-4.03,101.9,203,106,221,74,26,11/5/24 0:00
208,UNC Asheville,BSth,-4.18,104.1,152,108.3,285,71.6,155,11/5/24 0:00
209,Bucknell,PL,-4.18,100.4,245,104.6,182,71,200,11/5/24 0:00
210,Saint Peter's,MAAC,-4.27,95.6,331,99.9,94,67.7,354,11/5/24 0:00
211,Wyoming,MWC,-4.4,100.7,237,105.1,191,68.5,342,11/5/24 0:00
212,Colgate,PL,-4.54,101.3,221,105.8,217,70.8,207,11/5/24 0:00
213,Texas A&M Corpus Chris,Slnd,-4.58,101.6,215,106.2,229,72.4,91,11/5/24 0:00
214,Jacksonville St.,CUSA,-4.58,100.5,241,105.1,193,69.3,323,11/5/24 0:00
215,North Dakota St.,Sum,-4.59,103,177,107.6,265,70,280,11/5/24 0:00
216,Florida Gulf Coast,ASun,-4.66,101.6,213,106.3,231,68.9,332,11/5/24 0:00
217,Columbia,Ivy,-4.67,103.8,165,108.4,287,73,53,11/5/24 0:00
218,San Jose St.,MWC,-4.68,99.6,260,104.3,175,68.2,350,11/5/24 0:00
219,Drexel,CAA,-4.72,101,230,105.7,214,68.8,334,11/5/24 0:00
220,Illinois Chicago,MVC,-4.74,101,229,105.8,216,69.7,295,11/5/24 0:00
221,Kennesaw St.,CUSA,-4.78,102.6,184,107.4,255,75.7,3,11/5/24 0:00
222,Monmouth,CAA,-4.79,100.9,232,105.7,211,72.3,101,11/5/24 0:00
223,Portland St.,BSky,-4.81,101.3,223,106.1,224,74.3,17,11/5/24 0:00
224,Wright St.,Horz,-4.83,103.7,166,108.6,294,72.7,74,11/5/24 0:00
225,William & Mary,CAA,-4.98,101.5,218,106.5,239,72.9,61,11/5/24 0:00
226,UTSA,Amer,-4.99,102.5,185,107.5,260,73.4,43,11/5/24 0:00
227,Howard,MEAC,-5.05,101.9,205,106.9,247,71.6,151,11/5/24 0:00
228,Quinnipiac,MAAC,-5.2,100.3,246,105.5,207,73.7,33,11/5/24 0:00
229,Merrimack,MAAC,-5.22,96.8,318,102,124,70.3,254,11/5/24 0:00
230,Pepperdine,WCC,-5.27,100.6,239,105.9,218,70.4,244,11/5/24 0:00
231,Norfolk St.,MEAC,-5.28,101.3,220,106.6,241,70.2,261,11/5/24 0:00
232,Tarleton St.,WAC,-5.51,101.1,227,106.6,240,70.8,212,11/5/24 0:00
233,Rice,Amer,-5.57,101.8,210,107.3,254,71.7,147,11/5/24 0:00
234,Lafayette,PL,-5.62,98.4,281,104.1,167,69.9,283,11/5/24 0:00
235,Illinois St.,MVC,-5.78,98.7,279,104.4,177,69.8,289,11/5/24 0:00
236,Little Rock,OVC,-5.9,101.9,206,107.8,267,72.2,103,11/5/24 0:00
237,South Dakota,Sum,-5.98,103.9,159,109.9,327,73,56,11/5/24 0:00
238,Ball St.,MAC,-6,100.7,233,106.7,245,70.3,253,11/5/24 0:00
239,Navy,PL,-6.08,98.1,290,104.2,173,69.4,313,11/5/24 0:00
240,Cal St. Fullerton,BW,-6.27,98.2,286,104.5,179,71.2,185,11/5/24 0:00
,,« Ratings on 2024-11-05 »,Current Ratings,Rk,EM,AdjT,,,,11/5/24 0:00
Rk,Team,Conf,AdjEM,AdjO,AdjD,AdjT,Rk,AdjEM,AdjO,11/5/24 0:00
241,Oral Roberts,Sum,-6.31,102.2,196,108.5,292,71.3,175,11/5/24 0:00
242,Central Michigan,MAC,-6.5,98.9,274,105.4,201,69.7,308,11/5/24 0:00
243,Charleston Southern,BSth,-6.57,102.2,198,108.7,299,71.1,193,11/5/24 0:00
244,American,PL,-6.58,101.3,219,107.9,273,66.5,363,11/5/24 0:00
245,Brown,Ivy,-6.85,101.3,222,108.1,280,70.1,266,11/5/24 0:00
246,Boston University,PL,-6.95,100.9,231,107.9,272,69.2,326,11/5/24 0:00
247,Northern Arizona,BSky,-6.97,101.8,208,108.8,302,71.1,194,11/5/24 0:00
248,South Alabama,SB,-6.98,100.5,242,107.4,258,70.7,221,11/5/24 0:00
249,Texas Southern,SWAC,-7,96.6,320,103.6,160,71.9,130,11/5/24 0:00
250,Valparaiso,MVC,-7.03,101.2,224,108.3,284,71.2,178,11/5/24 0:00
251,Albany,AE,-7.03,99,272,106,222,73.4,42,11/5/24 0:00
252,Gardner Webb,BSth,-7.1,98.8,276,105.9,219,71.1,187,11/5/24 0:00
253,CSUN,BW,-7.15,97,311,104.1,171,75.3,5,11/5/24 0:00
254,Long Beach St.,BW,-7.35,100.4,243,107.8,268,72.6,80,11/5/24 0:00
255,Grambling St.,SWAC,-7.35,99.1,270,106.4,238,69.9,285,11/5/24 0:00
256,Marist,MAAC,-7.39,98.3,282,105.7,213,68.6,339,11/5/24 0:00
257,Maine,AE,-7.43,97.9,301,105.3,197,70.5,240,11/5/24 0:00
258,Western Carolina,SC,-7.5,100.3,247,107.8,271,71.5,158,11/5/24 0:00
259,North Carolina Central,MEAC,-7.53,98.8,275,106.3,232,70.6,230,11/5/24 0:00
260,Western Illinois,OVC,-7.64,98,293,105.6,210,67.9,352,11/5/24 0:00
261,North Dakota,Sum,-7.7,100.2,249,107.9,274,71.5,159,11/5/24 0:00
262,Mount St. Mary's,MAAC,-7.77,97.6,303,105.4,202,71.8,137,11/5/24 0:00
263,Air Force,MWC,-7.78,101.6,214,109.4,314,65.9,364,11/5/24 0:00
264,Old Dominion,SB,-8,99.5,267,107.5,259,72.2,108,11/5/24 0:00
265,Army,PL,-8,99.5,264,107.5,261,67.5,355,11/5/24 0:00
266,Bowling Green,MAC,-8.04,100.4,244,108.5,290,72.4,94,11/5/24 0:00
267,Wagner,NEC,-8.04,96.9,313,105,188,66.6,362,11/5/24 0:00
268,Portland,WCC,-8.07,102.4,189,110.4,335,72,123,11/5/24 0:00
269,Rider,MAAC,-8.09,99.7,257,107.8,269,70.6,229,11/5/24 0:00
270,Fresno St.,MWC,-8.14,97.9,295,106.1,226,75,7,11/5/24 0:00
271,Austin Peay,ASun,-8.14,100.6,240,108.7,298,69.5,309,11/5/24 0:00
272,Central Connecticut,NEC,-8.19,96.9,314,105.1,190,69,327,11/5/24 0:00
273,FIU,CUSA,-8.24,98.8,277,107,248,73.2,47,11/5/24 0:00
274,South Carolina St.,MEAC,-8.24,99,273,107.2,253,72.6,79,11/5/24 0:00
275,Southern,SWAC,-8.31,95.6,332,103.9,164,72.3,99,11/5/24 0:00
276,Elon,CAA,-8.34,99.9,253,108.3,283,71.1,195,11/5/24 0:00
277,Alabama St.,SWAC,-8.52,99.5,265,108,277,71,197,11/5/24 0:00
278,Delaware,CAA,-8.58,99.7,259,108.2,282,72.6,76,11/5/24 0:00
279,Lamar,Slnd,-8.6,99.8,255,108.4,286,71.6,153,11/5/24 0:00
280,UMBC,AE,-8.71,102,201,110.7,338,74.4,15,11/5/24 0:00
,,« Ratings on 2024-11-05 »,Current Ratings,Rk,EM,AdjT,,,,11/5/24 0:00
Rk,Team,Conf,AdjEM,AdjO,AdjD,AdjT,Rk,AdjEM,AdjO,11/5/24 0:00
281,Idaho,BSky,-8.83,98.7,278,107.6,264,69.4,316,11/5/24 0:00
282,Eastern Kentucky,ASun,-9,100.7,236,109.7,322,73.1,51,11/5/24 0:00
283,Morehead St.,OVC,-9,96.3,327,105.3,196,70.5,243,11/5/24 0:00
284,Pacific,WCC,-9.1,99.8,256,108.9,304,71.6,154,11/5/24 0:00
285,Radford,BSth,-9.11,99.7,258,108.8,303,68.9,331,11/5/24 0:00
286,Eastern Washington,BSky,-9.15,99.6,261,108.7,300,73.6,35,11/5/24 0:00
287,Stony Brook,CAA,-9.16,99.5,268,108.6,296,70.5,235,11/5/24 0:00
288,Presbyterian,BSth,-9.36,102.2,197,111.5,348,69.5,311,11/5/24 0:00
289,Utah Tech,WAC,-9.42,99,271,108.4,289,73.2,46,11/5/24 0:00
290,Southeastern Louisiana,Slnd,-9.45,98.5,280,107.9,275,70.4,245,11/5/24 0:00
291,North Carolina A&T,CAA,-9.47,99.5,266,109,306,71.7,149,11/5/24 0:00
292,San Diego,WCC,-9.5,96.9,315,106.4,237,73.5,38,11/5/24 0:00
293,Fairfield,MAAC,-9.52,97.9,300,107.4,257,72.6,77,11/5/24 0:00
294,Cal St. Bakersfield,BW,-9.67,96.9,312,106.6,244,69.2,325,11/5/24 0:00
295,Lehigh,PL,-9.83,97.9,299,107.7,266,72.4,92,11/5/24 0:00
296,Coastal Carolina,SB,-9.87,96.5,325,106.4,236,69.9,286,11/5/24 0:00
297,Queens,ASun,-10.01,99.6,262,109.6,319,74.6,11,11/5/24 0:00
298,Stetson,ASun,-10.04,100.2,250,110.2,333,69.9,282,11/5/24 0:00
299,Sacramento St.,BSky,-10.11,97.1,310,107.2,252,70.1,268,11/5/24 0:00
300,Bellarmine,ASun,-10.32,100.7,235,111,343,68.4,346,11/5/24 0:00
301,Robert Morris,Horz,-10.36,98.1,291,108.5,291,70.7,223,11/5/24 0:00
302,Tennessee St.,OVC,-10.6,96.8,317,107.4,256,72.3,98,11/5/24 0:00
303,Green Bay,Horz,-10.7,101.2,225,111.9,352,70.2,262,11/5/24 0:00
304,Bethune Cookman,SWAC,-10.72,98.2,285,108.9,305,72.6,82,11/5/24 0:00
305,Louisiana Monroe,SB,-10.86,97.3,307,108.1,279,70.7,225,11/5/24 0:00
306,UT Rio Grande Valley,Slnd,-10.97,98,292,109,308,73,55,11/5/24 0:00
307,Campbell,CAA,-11.12,98.1,289,109.3,310,69.7,304,11/5/24 0:00
308,Canisius,MAAC,-11.42,97.9,298,109.4,312,71.9,131,11/5/24 0:00
309,Western Michigan,MAC,-11.5,97.9,296,109.4,316,70,279,11/5/24 0:00
310,Incarnate Word,Slnd,-11.58,100.2,251,111.7,349,72.3,102,11/5/24 0:00
311,Eastern Michigan,MAC,-11.61,95.4,335,107,249,69.3,324,11/5/24 0:00
312,Morgan St.,MEAC,-11.71,97.5,305,109.3,309,73.8,31,11/5/24 0:00
313,Hampton,CAA,-11.8,98.3,283,110.1,332,72,120,11/5/24 0:00
314,Idaho St.,BSky,-11.9,98,294,109.9,328,68.6,338,11/5/24 0:00
315,Le Moyne,NEC,-12.21,97.6,304,109.8,325,71.8,145,11/5/24 0:00
316,Dartmouth,Ivy,-12.21,94.9,338,107.1,250,69.7,294,11/5/24 0:00
317,Southern Indiana,OVC,-12.45,97.2,308,109.7,321,71.6,156,11/5/24 0:00
318,Nebraska Omaha,Sum,-12.45,98.2,284,110.7,337,71.2,179,11/5/24 0:00
319,Manhattan,MAAC,-12.81,95.3,336,108.1,281,71.6,150,11/5/24 0:00
320,Niagara,MAAC,-12.83,96.6,323,109.4,315,70.1,265,11/5/24 0:00
,,« Ratings on 2024-11-05 »,Current Ratings,Rk,EM,AdjT,,,,11/5/24 0:00
Rk,Team,Conf,AdjEM,AdjO,AdjD,AdjT,Rk,AdjEM,AdjO,11/5/24 0:00
321,SIUE,OVC,-12.85,96.7,319,109.6,320,71.3,172,11/5/24 0:00
322,Tennessee Tech,OVC,-12.86,96.5,324,109.4,313,70.5,239,11/5/24 0:00
323,Northern Illinois,MAC,-12.96,96.8,316,109.8,323,72,119,11/5/24 0:00
324,Denver,Sum,-13.02,98.2,287,111.2,344,72.4,93,11/5/24 0:00
325,Binghamton,AE,-13.02,97.9,297,111,341,70.6,234,11/5/24 0:00
326,Tennessee Martin,OVC,-13.11,94.9,340,108,276,74.4,16,11/5/24 0:00
327,Northwestern St.,Slnd,-13.21,97.1,309,110.3,334,71.1,189,11/5/24 0:00
328,Siena,MAAC,-13.25,93,353,106.2,230,69.5,310,11/5/24 0:00
329,Chicago St.,NEC,-13.28,95.7,330,109,307,70.9,203,11/5/24 0:00
330,Central Arkansas,ASun,-13.59,96.2,328,109.8,324,72.9,57,11/5/24 0:00
331,Jackson St.,SWAC,-13.98,94.5,344,108.4,288,72,124,11/5/24 0:00
332,NJIT,AE,-13.98,94.1,347,108.1,278,69.4,314,11/5/24 0:00
333,New Hampshire,AE,-14.08,95.8,329,109.9,329,74.2,21,11/5/24 0:00
334,West Georgia,ASun,-14.35,97.5,306,111.8,351,71.8,146,11/5/24 0:00
335,Delaware St.,MEAC,-14.42,93.1,352,107.5,262,72,127,11/5/24 0:00
336,Sacred Heart,MAAC,-14.46,96.3,326,110.8,339,72.8,69,11/5/24 0:00
337,Buffalo,MAC,-14.52,98.1,288,112.7,358,72.3,96,11/5/24 0:00
338,Southeast Missouri,OVC,-14.58,94.9,337,109.5,317,72.8,67,11/5/24 0:00
339,The Citadel,SC,-14.74,94.8,341,109.6,318,69.7,300,11/5/24 0:00
340,Eastern Illinois,OVC,-14.76,94.5,342,109.3,311,72.1,117,11/5/24 0:00
341,Alcorn St.,SWAC,-15.01,97.7,302,112.7,360,69.9,281,11/5/24 0:00
342,Detroit Mercy,Horz,-15.38,96.6,321,112,354,69.3,320,11/5/24 0:00
343,Alabama A&M,SWAC,-15.5,92.3,357,107.8,270,73.1,49,11/5/24 0:00
344,Prairie View A&M,SWAC,-15.56,94.5,343,110,331,73.3,44,11/5/24 0:00
345,Holy Cross,PL,-15.95,96.6,322,112.5,356,70.1,269,11/5/24 0:00
346,Cal Poly,BW,-15.98,92.7,355,108.7,297,70.7,218,11/5/24 0:00
347,Loyola MD,PL,-16.34,93.6,348,110,330,71.5,157,11/5/24 0:00
348,New Orleans,Slnd,-16.4,95.6,333,111.9,353,72.7,75,11/5/24 0:00
349,Lindenwood,OVC,-16.59,94.2,345,110.8,340,71.4,166,11/5/24 0:00
350,USC Upstate,BSth,-16.91,94.9,339,111.8,350,71.6,152,11/5/24 0:00
351,Saint Francis,NEC,-17.23,94.2,346,111.4,347,70.8,216,11/5/24 0:00
352,Fairleigh Dickinson,NEC,-18.15,95.5,334,113.7,363,74.3,18,11/5/24 0:00
353,LIU,NEC,-18.2,92.8,354,111,342,73.9,30,11/5/24 0:00
354,Florida A&M,SWAC,-18.97,90.9,361,109.9,326,71.2,186,11/5/24 0:00
355,Houston Christian,Slnd,-19.08,93.6,349,112.7,359,72.6,81,11/5/24 0:00
356,Mercyhurst,NEC,-19.19,93.6,350,112.8,361,70,275,11/5/24 0:00
357,Stonehill,NEC,-19.3,91.2,360,110.5,336,71.1,192,11/5/24 0:00
358,Arkansas Pine Bluff,SWAC,-19.45,93.5,351,113,362,73.9,29,11/5/24 0:00
359,Texas A&M Commerce,Slnd,-20,91.3,359,111.3,345,70.7,222,11/5/24 0:00
360,VMI,SC,-20.32,92,358,112.3,355,75.1,6,11/5/24 0:00
,,« Ratings on 2024-11-05 »,Current Ratings,Rk,EM,AdjT,,,,11/5/24 0:00
Rk,Team,Conf,AdjEM,AdjO,AdjD,AdjT,Rk,AdjEM,AdjO,11/5/24 0:00
361,Coppin St.,MEAC,-20.67,88,362,108.6,295,70.3,256,11/5/24 0:00
362,IU Indy,Horz,-21.83,92.5,356,114.4,364,71.3,177,11/5/24 0:00
363,Maryland Eastern Shore,MEAC,-23.42,88,363,111.4,346,71.1,188,11/5/24 0:00
364,Mississippi Valley St.,SWAC,-26.32,86.3,364,112.6,357,70.1,272,11/5/24 0:00
Rk,Team,Conf,AdjEM,AdjO,AdjD,AdjT,Rk,AdjEM,AdjO,11/6/24 0:00
1,Houston,B12,30.24,118.2,3,88,1,67.9,353,11/6/24 0:00
2,Gonzaga,WCC,27.81,122.5,1,94.7,26,72.8,70,11/6/24 0:00
3,Duke,ACC,26.96,118.2,4,91.2,3,70.9,211,11/6/24 0:00
4,Alabama,SEC,26.95,121.5,2,94.6,24,75,8,11/6/24 0:00
5,Auburn,SEC,26.2,117.7,8,91.5,4,72.9,64,11/6/24 0:00
6,Connecticut,BE,25.51,117.6,9,92.1,6,69.4,321,11/6/24 0:00
7,Kansas,B12,24.93,117.7,7,92.8,9,72,124,11/6/24 0:00
8,Iowa St.,B12,24.3,114.2,30,89.9,2,71.1,191,11/6/24 0:00
9,Arizona,B12,23.87,116.9,10,93.1,10,74.2,23,11/6/24 0:00
10,Creighton,BE,23.06,117.9,5,94.8,28,71,202,11/6/24 0:00
11,Texas Tech,B12,22.59,115.3,17,92.7,8,68.5,343,11/6/24 0:00
12,Purdue,B10,22.43,117.8,6,95.4,33,70.5,241,11/6/24 0:00
13,St. John's,BE,21.09,114.5,24,93.5,13,72.5,87,11/6/24 0:00
14,Tennessee,SEC,21.05,113.3,33,92.3,7,70.9,210,11/6/24 0:00
15,Cincinnati,B12,20.86,114.2,29,93.4,12,71.4,169,11/6/24 0:00
16,Marquette,BE,20.48,115.6,15,95.1,29,71.9,136,11/6/24 0:00
17,North Carolina,ACC,20.47,116,13,95.5,35,73.7,35,11/6/24 0:00
18,Texas A&M,SEC,20.43,114.4,25,93.9,14,69.4,315,11/6/24 0:00
19,BYU,B12,20,114.8,22,94.8,27,71.2,186,11/6/24 0:00
20,UCLA,B10,19.83,114.4,26,94.5,21,67.5,355,11/6/24 0:00
21,Ohio St.,B10,19.55,115.1,19,95.6,36,70.9,208,11/6/24 0:00
22,Illinois,B10,19.35,115.3,18,95.9,40,74.2,22,11/6/24 0:00
23,Florida,SEC,19.17,116.1,11,97,52,74.3,20,11/6/24 0:00
24,Clemson,ACC,19.16,114.8,20,95.7,38,70.3,260,11/6/24 0:00
25,Michigan,B10,19.06,114.3,28,95.3,30,72.1,116,11/6/24 0:00
26,Baylor,B12,18.79,116,12,97.3,59,69.8,293,11/6/24 0:00
27,Texas,SEC,18.53,113.1,34,94.6,23,71.2,183,11/6/24 0:00
28,Mississippi St.,SEC,18.49,113.9,31,95.4,32,70.5,247,11/6/24 0:00
29,Arkansas,SEC,18.41,112.8,36,94.4,18,73.5,43,11/6/24 0:00
30,Dayton,A10,18.41,112.6,39,94.2,16,69,329,11/6/24 0:00
31,Villanova,BE,18.32,112.8,37,94.5,19,68.9,333,11/6/24 0:00
32,Pittsburgh,ACC,18.28,114.4,27,96.1,41,70.5,248,11/6/24 0:00
33,Oregon,B10,17.83,114.8,21,97,53,70.9,204,11/6/24 0:00
34,Michigan St.,B10,17.57,110.7,61,93.2,11,70.1,273,11/6/24 0:00
35,Kentucky,SEC,17.42,114.6,23,97.2,57,72.9,65,11/6/24 0:00
36,Maryland,B10,17.11,108.9,81,91.8,5,70,276,11/6/24 0:00
37,Iowa,B10,16.92,115.7,14,98.7,77,74.6,13,11/6/24 0:00
38,Northwestern,B10,16.65,111.4,56,94.7,25,68.6,339,11/6/24 0:00
39,Oklahoma,SEC,16.55,111.1,58,94.5,22,70.7,226,11/6/24 0:00
40,Memphis,Amer,16.23,112.4,45,96.2,42,74.3,19,11/6/24 0:00
,,« Ratings on 2024-11-06 »,Current Ratings,Rk,EM,AdjT,,,,11/6/24 0:00
Rk,Team,Conf,AdjEM,AdjO,AdjD,AdjT,Rk,AdjEM,AdjO,11/6/24 0:00
41,Saint Mary's,WCC,16.2,112.6,40,96.4,46,67.4,357,11/6/24 0:00
42,Indiana,B10,16.18,111.8,52,95.6,37,71.9,139,11/6/24 0:00
43,Xavier,BE,15.96,113,35,97,54,73.1,53,11/6/24 0:00
44,USC,B10,15.84,111.7,53,95.9,39,72.2,108,11/6/24 0:00
45,VCU,A10,15.52,111.8,50,96.3,43,70.1,271,11/6/24 0:00
46,Mississippi,SEC,15.51,115.5,16,100,95,70.4,255,11/6/24 0:00
47,Boise St.,MWC,15.42,111.8,51,96.4,45,70.6,235,11/6/24 0:00
48,Wisconsin,B10,15.18,112.4,44,97.3,60,69,328,11/6/24 0:00
49,Miami FL,ACC,15.04,113.7,32,98.7,76,71.9,138,11/6/24 0:00
50,San Diego St.,MWC,15.03,109.3,76,94.3,17,69.9,291,11/6/24 0:00
51,Kansas St.,B12,14.88,109.4,75,94.5,20,70.9,213,11/6/24 0:00
52,N.C. State,ACC,14.74,112.7,38,98,71,72.1,117,11/6/24 0:00
53,LSU,SEC,14.58,112.5,42,97.9,69,72.1,114,11/6/24 0:00
54,Penn St.,B10,14.52,112,48,97.5,63,72.9,67,11/6/24 0:00
55,TCU,B12,14.51,112.2,47,97.7,65,71.9,134,11/6/24 0:00
56,Louisville,ACC,14.43,110.9,59,96.4,47,74.1,27,11/6/24 0:00
57,Missouri,SEC,13.99,112.4,43,98.5,74,70.8,216,11/6/24 0:00
58,Wake Forest,ACC,13.64,110,69,96.4,44,72,128,11/6/24 0:00
59,Nebraska,B10,13.45,110,70,96.5,48,73.1,57,11/6/24 0:00
60,UCF,B12,13.32,108.8,85,95.5,34,70.8,215,11/6/24 0:00
61,Minnesota,B10,13.29,110.5,64,97.2,58,70.3,258,11/6/24 0:00
62,SMU,ACC,13.02,112.3,46,99.3,83,72,130,11/6/24 0:00
63,Grand Canyon,WAC,12.74,112.5,41,99.7,89,71.8,144,11/6/24 0:00
64,Rutgers,B10,12.5,106.5,120,94.1,15,71,198,11/6/24 0:00
65,Nevada,MWC,12.35,111.7,55,99.3,84,70.7,227,11/6/24 0:00
66,Colorado St.,MWC,12,108.6,88,96.6,49,71.1,196,11/6/24 0:00
67,Utah,B12,11.72,109.8,72,98.1,72,71.5,168,11/6/24 0:00
68,Notre Dame,ACC,11.49,108.8,84,97.3,61,68.6,341,11/6/24 0:00
69,New Mexico,MWC,11.4,109.3,78,97.9,68,76.5,1,11/6/24 0:00
70,Georgia Tech,ACC,11.39,110.8,60,99.4,85,70.7,232,11/6/24 0:00
71,Utah St.,MWC,11.36,110.1,67,98.8,79,71.9,140,11/6/24 0:00
72,North Texas,Amer,10.89,108.7,86,97.8,66,66.6,362,11/6/24 0:00
73,West Virginia,B12,10.74,109.5,74,98.7,78,71.3,172,11/6/24 0:00
74,Providence,BE,10.57,107.3,100,96.7,50,69.7,306,11/6/24 0:00
75,Colorado,B12,10.5,107.9,96,97.4,62,70.6,233,11/6/24 0:00
76,Washington,B10,9.96,107.1,109,97.1,56,73.9,30,11/6/24 0:00
77,Bradley,MVC,9.61,108.7,87,99.1,82,70,278,11/6/24 0:00
78,Arizona St.,B12,9.59,104.9,139,95.3,31,72.1,123,11/6/24 0:00
79,Vermont,AE,9.56,107.1,106,97.6,64,67.3,358,11/6/24 0:00
80,Virginia,ACC,9.52,106.6,119,97.1,55,66.7,360,11/6/24 0:00
,,« Ratings on 2024-11-06 »,Current Ratings,Rk,EM,AdjT,,,,11/6/24 0:00
Rk,Team,Conf,AdjEM,AdjO,AdjD,AdjT,Rk,AdjEM,AdjO,11/6/24 0:00
81,Georgia,SEC,9.41,108.8,83,99.4,86,72,131,11/6/24 0:00
82,Georgetown,BE,9.38,111.8,49,102.5,139,70.5,242,11/6/24 0:00
83,Florida St.,ACC,9.35,107.2,103,97.9,67,74.2,24,11/6/24 0:00
84,Princeton,Ivy,9.29,111.7,54,102.4,137,69.9,284,11/6/24 0:00
85,Santa Clara,WCC,9.22,110.4,65,101.2,110,72.5,85,11/6/24 0:00
86,Vanderbilt,SEC,9.11,110.6,63,101.5,114,72.5,86,11/6/24 0:00
87,Florida Atlantic,Amer,9.1,109.1,79,100,96,73.2,51,11/6/24 0:00
88,Syracuse,ACC,9.08,111.2,57,102.1,129,74.1,25,11/6/24 0:00
89,Butler,BE,9,109.3,77,100.3,98,71,199,11/6/24 0:00
90,South Carolina,SEC,8.91,107.2,102,98.3,73,68.4,346,11/6/24 0:00
91,Oklahoma St.,B12,8.44,106.4,123,97.9,70,74.8,9,11/6/24 0:00
92,Saint Joseph's,A10,8.34,108.1,93,99.8,91,72.6,84,11/6/24 0:00
93,UNLV,MWC,8.28,110.7,62,102.4,135,70.3,257,11/6/24 0:00
94,Loyola Chicago,A10,8.22,106.7,117,98.5,75,72.1,115,11/6/24 0:00
95,George Mason,A10,8.2,107.1,105,98.9,81,68.6,338,11/6/24 0:00
96,UAB,Amer,8.19,110.3,66,102.1,130,70.9,205,11/6/24 0:00
97,Stanford,ACC,8.12,109.1,80,101,108,69.7,302,11/6/24 0:00
98,Virginia Tech,ACC,8.04,108.4,91,100.4,103,70.7,225,11/6/24 0:00
99,Wichita St.,Amer,7.77,108.1,94,100.3,97,73.8,33,11/6/24 0:00
100,San Francisco,WCC,7.75,108.5,90,100.7,104,73.2,50,11/6/24 0:00
101,Seton Hall,BE,7.56,104.5,148,96.9,51,69.7,305,11/6/24 0:00
102,Liberty,CUSA,7.54,107.9,97,100.4,101,68.4,347,11/6/24 0:00
103,Yale,Ivy,7.47,107.1,107,99.7,87,69.8,299,11/6/24 0:00
104,UC Irvine,BW,7.02,106.8,114,99.8,90,71.8,143,11/6/24 0:00
105,Rhode Island,A10,6.4,108,95,101.6,116,72.1,112,11/6/24 0:00
106,South Florida,Amer,5.64,106.9,111,101.3,112,72.1,113,11/6/24 0:00
107,Louisiana Tech,CUSA,5.61,105.5,132,99.9,94,70.1,269,11/6/24 0:00
108,High Point,BSth,5.24,110.1,68,104.9,185,72,127,11/6/24 0:00
109,Massachusetts,A10,5.11,106.8,112,101.7,121,73.5,42,11/6/24 0:00
110,Saint Louis,A10,4.96,109.5,73,104.5,180,73.1,55,11/6/24 0:00
111,Wofford,SC,4.53,109.8,71,105.3,198,69.9,288,11/6/24 0:00
112,Murray St.,MVC,4.38,106.4,122,102,126,69.7,303,11/6/24 0:00
113,McNeese,Slnd,4.37,106.8,113,102.5,138,71.3,173,11/6/24 0:00
114,Towson,CAA,4.19,106.5,121,102.3,134,68.1,350,11/6/24 0:00
115,Washington St.,WCC,4.08,107.1,108,103,145,73.5,41,11/6/24 0:00
116,Northern Iowa,MVC,4.06,105.3,134,101.3,111,70.8,220,11/6/24 0:00
117,Troy,SB,4.04,103.7,164,99.7,88,72.6,82,11/6/24 0:00
118,St. Bonaventure,A10,3.94,103.8,163,99.8,92,70.2,264,11/6/24 0:00
119,Seattle,WAC,3.85,102.6,183,98.8,80,71.5,165,11/6/24 0:00
120,Arkansas St.,SB,3.75,107.3,101,103.5,156,72.3,105,11/6/24 0:00
,,« Ratings on 2024-11-06 »,Current Ratings,Rk,EM,AdjT,,,,11/6/24 0:00
Rk,Team,Conf,AdjEM,AdjO,AdjD,AdjT,Rk,AdjEM,AdjO,11/6/24 0:00
121,UMass Lowell,AE,3.68,106.3,125,102.6,140,72.9,61,11/6/24 0:00
122,Oregon St.,WCC,3.54,104.6,146,101.1,109,68.9,330,11/6/24 0:00
123,East Carolina,Amer,3.53,106.3,126,102.8,141,69.9,292,11/6/24 0:00
124,Davidson,A10,3.5,105.7,129,102.2,131,69.8,300,11/6/24 0:00
125,Charleston,CAA,3.5,107.5,98,104,166,72.2,111,11/6/24 0:00
126,Lipscomb,ASun,3.32,107.4,99,104.1,170,72.9,66,11/6/24 0:00
127,Boston College,ACC,3.28,105.5,131,102.3,133,70.2,267,11/6/24 0:00
128,Sam Houston St.,CUSA,3.16,106.6,118,103.4,155,70.9,214,11/6/24 0:00
129,Kent St.,MAC,3.12,105.1,135,102,125,69.9,287,11/6/24 0:00
130,UC San Diego,BW,2.96,106.8,115,103.8,163,70.2,263,11/6/24 0:00
131,Loyola Marymount,WCC,2.94,108.5,89,105.5,207,69.4,317,11/6/24 0:00
132,Akron,MAC,2.82,103.2,172,100.3,100,70.7,228,11/6/24 0:00
133,Drake,MVC,2.73,104.4,149,101.6,118,71.5,163,11/6/24 0:00
134,Charlotte,Amer,2.73,108.3,92,105.6,208,66.7,359,11/6/24 0:00
135,California,ACC,2.42,104.8,142,102.4,136,72.8,72,11/6/24 0:00
136,Ohio,MAC,2.26,108.8,82,106.6,246,71.7,147,11/6/24 0:00
137,Richmond,A10,2.01,103.6,168,101.6,117,70.7,230,11/6/24 0:00
138,Western Kentucky,CUSA,1.72,104,154,102.2,132,75.4,4,11/6/24 0:00
139,Purdue Fort Wayne,Horz,1.71,104.7,143,103,146,73.3,48,11/6/24 0:00
140,Texas St.,SB,1.39,102.3,192,100.9,106,68.8,335,11/6/24 0:00
141,Temple,Amer,1.33,104.9,138,103.6,159,71.2,182,11/6/24 0:00
142,James Madison,SB,1.12,104.7,145,103.5,157,69.7,307,11/6/24 0:00
143,UC Santa Barbara,BW,0.91,104.9,141,104,165,70.4,252,11/6/24 0:00
144,Bryant,AE,0.87,101.7,211,100.8,105,75.8,2,11/6/24 0:00
145,Tulsa,Amer,0.85,103.9,156,103.1,148,72.9,62,11/6/24 0:00
146,Samford,SC,0.84,107.1,104,106.3,235,74.6,10,11/6/24 0:00
147,La Salle,A10,0.64,102.7,181,102.1,127,69.3,323,11/6/24 0:00
148,Cal Baptist,WAC,0.61,106,128,105.3,199,68.3,348,11/6/24 0:00
149,Duquesne,A10,0.6,102.3,190,101.7,120,71.5,166,11/6/24 0:00
150,Utah Valley,WAC,0.57,101.5,216,100.9,107,71.3,175,11/6/24 0:00
151,Chattanooga,SC,0.51,106.4,124,105.8,220,70.1,274,11/6/24 0:00
152,East Tennessee St.,SC,0.49,103.3,170,102.8,142,70.9,207,11/6/24 0:00
153,Stephen F. Austin,Slnd,0.39,101.9,202,101.5,113,72.7,73,11/6/24 0:00
154,Appalachian St.,SB,0.22,102.1,199,101.9,122,70.6,238,11/6/24 0:00
155,South Dakota St.,Sum,0.18,104.3,150,104.1,169,72.1,122,11/6/24 0:00
156,New Mexico St.,CUSA,0.1,101.7,209,101.7,119,70.4,251,11/6/24 0:00
157,George Washington,A10,0.03,106.1,127,106,223,71.5,162,11/6/24 0:00
158,Marshall,SB,-0.04,103.5,169,103.6,158,72.3,101,11/6/24 0:00
159,UC Davis,BW,-0.06,100.3,248,100.3,99,73.3,47,11/6/24 0:00
160,UNC Wilmington,CAA,-0.09,104,153,104.1,168,69.8,297,11/6/24 0:00
,,« Ratings on 2024-11-06 »,Current Ratings,Rk,EM,AdjT,,,,11/6/24 0:00
Rk,Team,Conf,AdjEM,AdjO,AdjD,AdjT,Rk,AdjEM,AdjO,11/6/24 0:00
161,Southern Illinois,MVC,-0.13,103,175,103.2,150,74.1,28,11/6/24 0:00
162,UT Arlington,WAC,-0.3,104.1,151,104.4,175,73.6,38,11/6/24 0:00
163,Miami OH,MAC,-0.35,102.8,180,103.1,149,71.4,170,11/6/24 0:00
164,Abilene Christian,WAC,-0.37,102.6,182,103,147,72.4,97,11/6/24 0:00
165,UC Riverside,BW,-0.38,105,137,105.4,202,70.8,218,11/6/24 0:00
166,Cornell,Ivy,-0.42,106.7,116,107.2,253,72.7,76,11/6/24 0:00
167,Winthrop,BSth,-0.49,104.7,144,105.2,193,71.3,179,11/6/24 0:00
168,Louisiana,SB,-0.53,102.4,188,102.9,143,71.5,161,11/6/24 0:00
169,Northern Kentucky,Horz,-0.53,99.9,254,100.4,102,71.2,190,11/6/24 0:00
170,Furman,SC,-0.55,103.9,160,104.4,177,71.8,141,11/6/24 0:00
171,North Alabama,ASun,-0.61,104.9,140,105.5,205,71,201,11/6/24 0:00
172,Belmont,MVC,-0.7,103.8,161,104.5,179,73.6,37,11/6/24 0:00
173,Milwaukee,Horz,-0.71,105.6,130,106.3,234,72.9,68,11/6/24 0:00
174,UNC Greensboro,SC,-0.78,104,155,104.7,183,68.5,342,11/6/24 0:00
175,Oakland,Horz,-0.87,103.8,162,104.6,182,70.8,219,11/6/24 0:00
176,Nicholls,Slnd,-0.9,102.5,186,103.4,154,72.2,107,11/6/24 0:00
177,UTEP,CUSA,-0.9,101,229,101.9,123,72.4,94,11/6/24 0:00
178,Weber St.,BSky,-1.03,103.1,173,104.1,172,69.8,296,11/6/24 0:00
179,Montana,BSky,-1.2,105.4,133,106.6,245,69.9,289,11/6/24 0:00
180,Georgia Southern,SB,-1.36,101.8,206,103.2,151,72.5,89,11/6/24 0:00
181,Hofstra,CAA,-1.53,102.2,194,103.7,161,70.4,250,11/6/24 0:00
182,Jacksonville,ASun,-1.54,101.7,210,103.2,152,68.7,336,11/6/24 0:00
183,Toledo,MAC,-1.71,107,110,108.8,302,72.7,74,11/6/24 0:00
184,Iona,MAAC,-1.73,104.6,147,106.3,236,71.3,181,11/6/24 0:00
185,Fordham,A10,-1.81,101.1,227,102.9,144,72.5,90,11/6/24 0:00
186,Middle Tennessee,CUSA,-2.08,99.5,263,101.6,115,70.3,259,11/6/24 0:00
187,DePaul,BE,-2.22,103.3,171,105.5,204,69.5,312,11/6/24 0:00
188,Northeastern,CAA,-2.44,103.6,167,106.1,227,69.4,320,11/6/24 0:00
189,Youngstown St.,Horz,-2.45,102.4,187,104.8,184,71.8,142,11/6/24 0:00
190,Georgia St.,SB,-2.5,102.8,179,105.3,197,70.9,209,11/6/24 0:00
191,Tulane,Amer,-2.66,103,176,105.7,215,74.5,14,11/6/24 0:00
192,Longwood,BSth,-2.75,102.2,195,104.9,188,70.4,249,11/6/24 0:00
193,Southern Utah,WAC,-2.85,102.2,193,105.1,191,72.5,88,11/6/24 0:00
194,Montana St.,BSky,-2.88,102,200,104.9,186,72.2,110,11/6/24 0:00
195,Missouri St.,MVC,-2.91,99.2,269,102.1,128,69.8,298,11/6/24 0:00
196,Northern Colorado,BSky,-2.94,103.9,157,106.9,249,72.9,60,11/6/24 0:00
197,Penn,Ivy,-3.03,103.1,174,106.1,228,69.4,318,11/6/24 0:00
198,Hawaii,BW,-3.09,100.3,247,103.3,153,70,277,11/6/24 0:00
199,Indiana St.,MVC,-3.22,102.8,178,106.1,225,74.6,12,11/6/24 0:00
200,Kansas City,Sum,-3.33,102.3,191,105.6,212,70.6,237,11/6/24 0:00
,,« Ratings on 2024-11-06 »,Current Ratings,Rk,EM,AdjT,,,,11/6/24 0:00
Rk,Team,Conf,AdjEM,AdjO,AdjD,AdjT,Rk,AdjEM,AdjO,11/6/24 0:00
201,Harvard,Ivy,-3.37,101.9,204,105.2,195,70.5,246,11/6/24 0:00
202,St. Thomas,Sum,-3.47,105,136,108.5,295,68.4,344,11/6/24 0:00
203,North Florida,ASun,-3.59,103.9,158,107.5,264,71.3,180,11/6/24 0:00
204,Southern Miss,SB,-3.69,100.1,252,103.8,162,71.9,135,11/6/24 0:00
205,Cleveland St.,Horz,-3.86,101.5,215,105.4,203,71.5,164,11/6/24 0:00
206,Mercer,SC,-4.03,101.9,203,105.9,221,74.1,26,11/6/24 0:00
207,UNC Asheville,BSth,-4.18,104.1,152,108.3,287,71.6,155,11/6/24 0:00
208,Bucknell,PL,-4.18,100.4,244,104.6,181,71,200,11/6/24 0:00
209,Saint Peter's,MAAC,-4.27,95.6,332,99.8,93,67.8,354,11/6/24 0:00
210,Evansville,MVC,-4.3,101.3,219,105.6,209,71.5,159,11/6/24 0:00
211,Wyoming,MWC,-4.4,100.6,237,105,190,68.6,340,11/6/24 0:00
212,Colgate,PL,-4.54,101.3,222,105.8,217,70.9,206,11/6/24 0:00
213,Texas A&M Corpus Chris,Slnd,-4.58,101.6,214,106.2,229,72.5,91,11/6/24 0:00
214,Jacksonville St.,CUSA,-4.58,100.5,240,105.1,192,69.3,322,11/6/24 0:00
215,North Dakota St.,Sum,-4.59,103,177,107.6,267,70,280,11/6/24 0:00
216,Florida Gulf Coast,ASun,-4.66,101.6,212,106.3,232,68.9,332,11/6/24 0:00
217,Columbia,Ivy,-4.67,103.7,165,108.4,289,73.1,56,11/6/24 0:00
218,San Jose St.,MWC,-4.68,99.6,260,104.2,174,68.2,349,11/6/24 0:00
219,Drexel,CAA,-4.72,100.9,231,105.7,214,68.9,334,11/6/24 0:00
220,Illinois Chicago,MVC,-4.74,101,230,105.7,216,69.8,295,11/6/24 0:00
221,Kennesaw St.,CUSA,-4.78,102.6,184,107.4,256,75.7,3,11/6/24 0:00
222,Monmouth,CAA,-4.79,100.8,233,105.6,211,72.3,102,11/6/24 0:00
223,Portland St.,BSky,-4.81,101.2,223,106.1,224,74.3,18,11/6/24 0:00
224,Wright St.,Horz,-4.83,103.7,166,108.5,296,72.7,75,11/6/24 0:00
225,William & Mary,CAA,-4.98,101.5,217,106.5,242,72.9,63,11/6/24 0:00
226,UTSA,Amer,-4.99,102.5,185,107.5,261,73.4,45,11/6/24 0:00
227,Howard,MEAC,-5.05,101.9,205,106.9,250,71.6,151,11/6/24 0:00
228,Quinnipiac,MAAC,-5.2,100.3,245,105.5,206,73.7,34,11/6/24 0:00
229,Merrimack,MAAC,-5.22,96.8,317,102,124,70.4,254,11/6/24 0:00
230,Rice,Amer,-5.23,101.1,226,106.4,239,72.1,119,11/6/24 0:00
231,Pepperdine,WCC,-5.27,100.6,238,105.8,218,70.5,244,11/6/24 0:00
232,Norfolk St.,MEAC,-5.28,101.3,221,106.5,244,70.2,261,11/6/24 0:00
233,Tarleton St.,WAC,-5.51,101,228,106.5,243,70.9,212,11/6/24 0:00
234,Lafayette,PL,-5.62,98.4,281,104,167,69.9,283,11/6/24 0:00
235,Illinois St.,MVC,-5.78,98.6,278,104.4,176,69.9,290,11/6/24 0:00
236,Little Rock,OVC,-5.9,101.8,207,107.7,269,72.3,104,11/6/24 0:00
237,South Dakota,Sum,-5.98,103.9,159,109.9,327,73,59,11/6/24 0:00
238,Ball St.,MAC,-6,100.7,234,106.7,248,70.4,253,11/6/24 0:00
239,Navy,PL,-6.08,98.1,289,104.2,173,69.5,313,11/6/24 0:00
240,Cal St. Fullerton,BW,-6.27,98.2,285,104.4,178,71.2,184,11/6/24 0:00
,,« Ratings on 2024-11-06 »,Current Ratings,Rk,EM,AdjT,,,,11/6/24 0:00
Rk,Team,Conf,AdjEM,AdjO,AdjD,AdjT,Rk,AdjEM,AdjO,11/6/24 0:00
241,Oral Roberts,Sum,-6.31,102.2,196,108.5,294,71.3,174,11/6/24 0:00
242,Central Michigan,MAC,-6.5,98.9,274,105.4,200,69.7,308,11/6/24 0:00
243,Charleston Southern,BSth,-6.57,102.1,198,108.7,300,71.1,194,11/6/24 0:00
244,American,PL,-6.58,101.3,218,107.9,275,66.5,363,11/6/24 0:00
245,Brown,Ivy,-6.85,101.3,220,108.1,282,70.2,266,11/6/24 0:00
246,Boston University,PL,-6.95,100.9,232,107.9,274,69.2,326,11/6/24 0:00
247,Northern Arizona,BSky,-6.97,101.8,208,108.8,303,71.1,193,11/6/24 0:00
248,South Alabama,SB,-6.98,100.4,241,107.4,259,70.8,221,11/6/24 0:00
249,Texas Southern,SWAC,-7,96.6,319,103.6,160,72,132,11/6/24 0:00
250,Valparaiso,MVC,-7.03,101.2,224,108.2,286,71.3,177,11/6/24 0:00
251,Albany,AE,-7.03,99,272,106,222,73.4,44,11/6/24 0:00
252,Gardner Webb,BSth,-7.1,98.7,276,105.8,219,71.2,188,11/6/24 0:00
253,CSUN,BW,-7.15,97,310,104.1,171,75.3,5,11/6/24 0:00
254,Long Beach St.,BW,-7.35,100.4,243,107.7,270,72.7,80,11/6/24 0:00
255,Grambling St.,SWAC,-7.35,99,270,106.4,241,69.9,285,11/6/24 0:00
256,Marist,MAAC,-7.39,98.3,282,105.7,213,68.6,337,11/6/24 0:00
257,Maine,AE,-7.43,97.8,299,105.3,196,70.5,240,11/6/24 0:00
258,Western Carolina,SC,-7.5,100.3,246,107.8,273,71.6,158,11/6/24 0:00
259,North Carolina Central,MEAC,-7.53,98.7,275,106.3,233,70.7,231,11/6/24 0:00
260,Western Illinois,OVC,-7.64,98,292,105.6,210,68,352,11/6/24 0:00
261,North Dakota,Sum,-7.7,100.2,249,107.9,276,71.5,160,11/6/24 0:00
262,Mount St. Mary's,MAAC,-7.77,97.6,302,105.4,201,71.9,137,11/6/24 0:00
263,Air Force,MWC,-7.78,101.6,213,109.4,314,65.9,364,11/6/24 0:00
264,Old Dominion,SB,-8,99.5,267,107.5,260,72.2,109,11/6/24 0:00
265,Army,PL,-8,99.5,264,107.5,262,67.5,356,11/6/24 0:00
266,Bowling Green,MAC,-8.04,100.4,242,108.4,292,72.4,95,11/6/24 0:00
267,Wagner,NEC,-8.04,96.9,312,104.9,187,66.7,361,11/6/24 0:00
268,Portland,WCC,-8.07,102.3,189,110.4,335,72,125,11/6/24 0:00
269,Rider,MAAC,-8.09,99.7,257,107.8,271,70.7,229,11/6/24 0:00
270,Fresno St.,MWC,-8.14,97.9,294,106.1,226,75.1,7,11/6/24 0:00
271,Austin Peay,ASun,-8.14,100.5,239,108.7,299,69.5,309,11/6/24 0:00
272,Central Connecticut,NEC,-8.19,96.9,313,105,189,69.1,327,11/6/24 0:00
273,South Carolina St.,MEAC,-8.24,99,273,107.2,255,72.7,77,11/6/24 0:00
274,Southern,SWAC,-8.31,95.6,333,103.9,164,72.3,100,11/6/24 0:00
275,Elon,CAA,-8.34,99.9,253,108.2,285,71.1,195,11/6/24 0:00
276,Alabama St.,SWAC,-8.52,99.5,265,108,279,71.1,197,11/6/24 0:00
277,FIU,CUSA,-8.57,97.8,300,106.4,240,73.6,39,11/6/24 0:00
278,Delaware,CAA,-8.58,99.6,259,108.2,284,72.7,78,11/6/24 0:00
279,Lamar,Slnd,-8.6,99.8,255,108.4,288,71.6,152,11/6/24 0:00
280,UMBC,AE,-8.71,101.9,201,110.7,338,74.4,15,11/6/24 0:00
,,« Ratings on 2024-11-06 »,Current Ratings,Rk,EM,AdjT,,,,11/6/24 0:00
Rk,Team,Conf,AdjEM,AdjO,AdjD,AdjT,Rk,AdjEM,AdjO,11/6/24 0:00
281,Idaho,BSky,-8.83,98.7,277,107.5,265,69.4,316,11/6/24 0:00
282,Eastern Kentucky,ASun,-9,100.7,236,109.7,322,73.1,54,11/6/24 0:00
283,Morehead St.,OVC,-9,96.2,327,105.2,194,70.5,243,11/6/24 0:00
284,Pacific,WCC,-9.1,99.8,256,108.9,305,71.6,154,11/6/24 0:00
285,Radford,BSth,-9.11,99.7,258,108.8,304,68.9,331,11/6/24 0:00
286,Eastern Washington,BSky,-9.15,99.6,261,108.7,301,73.7,36,11/6/24 0:00
287,Stony Brook,CAA,-9.16,99.5,268,108.6,298,70.6,236,11/6/24 0:00
288,Presbyterian,BSth,-9.36,102.1,197,111.5,348,69.5,311,11/6/24 0:00
289,Utah Tech,WAC,-9.42,99,271,108.4,291,73.3,49,11/6/24 0:00
290,Southeastern Louisiana,Slnd,-9.45,98.5,280,107.9,277,70.5,245,11/6/24 0:00
291,North Carolina A&T,CAA,-9.47,99.5,266,108.9,306,71.7,148,11/6/24 0:00
292,San Diego,WCC,-9.5,96.8,314,106.3,238,73.6,40,11/6/24 0:00
293,Fairfield,MAAC,-9.52,97.9,298,107.4,258,72.7,79,11/6/24 0:00
294,Cal St. Bakersfield,BW,-9.67,96.9,311,106.6,247,69.2,325,11/6/24 0:00
295,Lehigh,PL,-9.83,97.9,297,107.7,268,72.5,92,11/6/24 0:00
296,Coastal Carolina,SB,-9.87,96.5,325,106.3,237,69.9,286,11/6/24 0:00
297,Queens,ASun,-10.01,99.5,262,109.6,319,74.6,11,11/6/24 0:00
298,Idaho St.,BSky,-10.02,96.1,328,106.2,230,68,351,11/6/24 0:00
299,Stetson,ASun,-10.04,100.2,250,110.2,333,70,282,11/6/24 0:00
300,Sacramento St.,BSky,-10.11,97.1,309,107.2,254,70.1,268,11/6/24 0:00
301,Bellarmine,ASun,-10.32,100.7,235,111,343,68.4,345,11/6/24 0:00
302,Robert Morris,Horz,-10.36,98.1,290,108.5,293,70.7,223,11/6/24 0:00
303,Tennessee St.,OVC,-10.6,96.8,316,107.4,257,72.4,98,11/6/24 0:00
304,Green Bay,Horz,-10.7,101.2,225,111.9,352,70.2,262,11/6/24 0:00
305,Louisiana Monroe,SB,-10.86,97.2,306,108.1,281,70.7,224,11/6/24 0:00
306,UT Rio Grande Valley,Slnd,-10.97,98,291,109,308,73,58,11/6/24 0:00
307,Campbell,CAA,-11.12,98.1,288,109.2,310,69.7,304,11/6/24 0:00
308,Bethune Cookman,SWAC,-11.21,98.5,279,109.7,323,72.4,99,11/6/24 0:00
309,Canisius,MAAC,-11.42,97.9,296,109.3,312,71.9,133,11/6/24 0:00
310,Western Michigan,MAC,-11.5,97.9,293,109.4,316,70,279,11/6/24 0:00
311,Incarnate Word,Slnd,-11.58,100.1,251,111.7,349,72.3,103,11/6/24 0:00
312,Eastern Michigan,MAC,-11.61,95.4,335,107,251,69.3,324,11/6/24 0:00
313,Morgan St.,MEAC,-11.71,97.5,304,109.2,309,73.8,32,11/6/24 0:00
314,Hampton,CAA,-11.8,98.2,283,110,332,72.1,120,11/6/24 0:00
315,Le Moyne,NEC,-12.21,97.6,303,109.8,325,71.8,145,11/6/24 0:00
316,Dartmouth,Ivy,-12.21,94.9,338,107.1,252,69.8,294,11/6/24 0:00
317,Southern Indiana,OVC,-12.45,97.2,307,109.7,321,71.6,156,11/6/24 0:00
318,Nebraska Omaha,Sum,-12.45,98.2,284,110.7,337,71.3,178,11/6/24 0:00
319,Manhattan,MAAC,-12.81,95.3,336,108.1,283,71.7,150,11/6/24 0:00
320,Niagara,MAAC,-12.83,96.6,322,109.4,315,70.2,265,11/6/24 0:00
,,« Ratings on 2024-11-06 »,Current Ratings,Rk,EM,AdjT,,,,11/6/24 0:00
Rk,Team,Conf,AdjEM,AdjO,AdjD,AdjT,Rk,AdjEM,AdjO,11/6/24 0:00
321,SIUE,OVC,-12.85,96.7,318,109.6,320,71.4,171,11/6/24 0:00
322,Tennessee Tech,OVC,-12.86,96.5,324,109.3,313,70.5,239,11/6/24 0:00
323,Northern Illinois,MAC,-12.96,96.8,315,109.8,324,72.1,121,11/6/24 0:00
324,Denver,Sum,-13.02,98.1,286,111.2,344,72.5,93,11/6/24 0:00
325,Binghamton,AE,-13.02,97.9,295,110.9,341,70.6,234,11/6/24 0:00
326,Tennessee Martin,OVC,-13.11,94.8,340,107.9,278,74.4,16,11/6/24 0:00
327,Northwestern St.,Slnd,-13.21,97.1,308,110.3,334,71.2,189,11/6/24 0:00
328,Siena,MAAC,-13.25,92.9,354,106.2,231,69.5,310,11/6/24 0:00
329,Chicago St.,NEC,-13.28,95.7,330,109,307,70.9,203,11/6/24 0:00
330,Cal Poly,BW,-13.92,93.6,348,107.6,266,72.6,83,11/6/24 0:00
331,Jackson St.,SWAC,-13.97,94.4,344,108.4,290,72,126,11/6/24 0:00
332,NJIT,AE,-13.98,94.1,347,108.1,280,69.5,314,11/6/24 0:00
333,New Hampshire,AE,-14.08,95.8,329,109.9,328,74.3,21,11/6/24 0:00
334,West Georgia,ASun,-14.35,97.5,305,111.8,351,71.8,146,11/6/24 0:00
335,Central Arkansas,ASun,-14.41,95.6,331,110,330,72.2,106,11/6/24 0:00
336,Delaware St.,MEAC,-14.42,93.1,353,107.5,263,72,129,11/6/24 0:00
337,Sacred Heart,MAAC,-14.46,96.3,326,110.7,339,72.8,71,11/6/24 0:00
338,Buffalo,MAC,-14.52,98.1,287,112.6,357,72.4,96,11/6/24 0:00
339,Southeast Missouri,OVC,-14.58,94.9,337,109.5,317,72.8,69,11/6/24 0:00
340,The Citadel,SC,-14.74,94.8,341,109.5,318,69.7,301,11/6/24 0:00
341,Eastern Illinois,OVC,-14.76,94.5,342,109.3,311,72.1,118,11/6/24 0:00
342,Alcorn St.,SWAC,-15.01,97.7,301,112.7,359,70,281,11/6/24 0:00
343,Detroit Mercy,Horz,-15.38,96.6,320,112,353,69.4,319,11/6/24 0:00
344,Alabama A&M,SWAC,-15.5,92.3,357,107.8,272,73.1,52,11/6/24 0:00
345,Prairie View A&M,SWAC,-15.56,94.4,343,110,331,73.3,46,11/6/24 0:00
346,Holy Cross,PL,-15.95,96.6,321,112.5,355,70.1,270,11/6/24 0:00
347,Loyola MD,PL,-16.34,93.6,349,109.9,329,71.6,157,11/6/24 0:00
348,New Orleans,Slnd,-16.34,96.5,323,112.9,361,71.7,149,11/6/24 0:00
349,Lindenwood,OVC,-16.59,94.2,345,110.8,340,71.5,167,11/6/24 0:00
350,USC Upstate,BSth,-16.91,94.9,339,111.8,350,71.6,153,11/6/24 0:00
351,Saint Francis,NEC,-17.23,94.1,346,111.4,347,70.8,217,11/6/24 0:00
352,Fairleigh Dickinson,NEC,-18.15,95.5,334,113.6,363,74.3,17,11/6/24 0:00
353,LIU,NEC,-18.2,92.8,355,111,342,73.9,31,11/6/24 0:00
354,Florida A&M,SWAC,-18.97,90.9,361,109.8,326,71.2,185,11/6/24 0:00
355,Houston Christian,Slnd,-19.08,93.6,350,112.7,358,72.6,81,11/6/24 0:00
356,Mercyhurst,NEC,-19.19,93.6,351,112.7,360,70,275,11/6/24 0:00
357,Stonehill,NEC,-19.3,91.2,360,110.5,336,71.1,192,11/6/24 0:00
358,Arkansas Pine Bluff,SWAC,-19.45,93.5,352,113,362,74,29,11/6/24 0:00
359,Texas A&M Commerce,Slnd,-20,91.3,359,111.3,345,70.7,222,11/6/24 0:00
360,VMI,SC,-20.32,91.9,358,112.2,354,75.2,6,11/6/24 0:00
,,« Ratings on 2024-11-06 »,Current Ratings,Rk,EM,AdjT,,,,11/6/24 0:00
Rk,Team,Conf,AdjEM,AdjO,AdjD,AdjT,Rk,AdjEM,AdjO,11/6/24 0:00
361,Coppin St.,MEAC,-20.67,87.9,362,108.6,297,70.3,256,11/6/24 0:00
362,IU Indy,Horz,-21.83,92.5,356,114.3,364,71.3,176,11/6/24 0:00
363,Maryland Eastern Shore,MEAC,-23.42,87.9,363,111.4,346,71.2,187,11/6/24 0:00
364,Mississippi Valley St.,SWAC,-26.32,86.3,364,112.6,356,70.1,272,11/6/24 0:00
1,Houston,B12,30.24,118.7,4,88.4,1,67.9,353,11/7/24 0:00
2,Auburn,SEC,28.91,119.2,3,90.3,2,73,59,11/7/24 0:00
3,Gonzaga,WCC,27.81,122.9,1,95.1,26,72.8,69,11/7/24 0:00
4,Duke,ACC,26.96,118.6,5,91.7,4,70.9,213,11/7/24 0:00
5,Alabama,SEC,26.95,122,2,95,23,75,8,11/7/24 0:00
6,Connecticut,BE,25.68,118,9,92.3,6,69.6,305,11/7/24 0:00
7,Kansas,B12,24.93,118.2,8,93.2,9,72,126,11/7/24 0:00
8,Iowa St.,B12,24.3,114.6,30,90.3,3,71.1,193,11/7/24 0:00
9,Arizona,B12,23.87,117.4,10,93.5,11,74.2,24,11/7/24 0:00
10,Texas Tech,B12,22.59,115.8,17,93.2,8,68.5,341,11/7/24 0:00
11,Purdue,B10,22.43,118.2,7,95.8,32,70.5,239,11/7/24 0:00
12,St. John's,BE,21.09,115,24,93.9,15,72.5,89,11/7/24 0:00
13,Creighton,BE,21.05,118.6,6,97.6,56,71.6,153,11/7/24 0:00
14,Tennessee,SEC,21.05,113.8,33,92.7,7,70.9,212,11/7/24 0:00
15,Cincinnati,B12,20.86,114.7,29,93.8,14,71.4,171,11/7/24 0:00
16,Marquette,BE,20.48,116,15,95.6,28,71.9,140,11/7/24 0:00
17,North Carolina,ACC,20.47,116.4,13,95.9,35,73.7,35,11/7/24 0:00
18,Texas A&M,SEC,20.43,114.8,27,94.3,17,69.4,314,11/7/24 0:00
19,BYU,B12,19.98,115.1,22,95.2,27,71.2,184,11/7/24 0:00
20,UCLA,B10,19.87,114.9,25,95,22,67.6,355,11/7/24 0:00
21,Ohio St.,B10,19.55,115.5,19,96,36,70.9,209,11/7/24 0:00
22,Illinois,B10,19.35,115.7,18,96.3,39,74.2,23,11/7/24 0:00
23,Florida,SEC,19.17,116.5,11,97.4,51,74.3,20,11/7/24 0:00
24,Clemson,ACC,19.16,115.3,20,96.1,37,70.3,257,11/7/24 0:00
25,Michigan,B10,19.06,114.8,28,95.7,29,72.1,118,11/7/24 0:00
26,Baylor,B12,18.79,116.5,12,97.7,58,69.8,289,11/7/24 0:00
27,Texas,SEC,18.53,113.5,34,95,21,71.2,185,11/7/24 0:00
28,Arkansas,SEC,18.52,111.9,54,93.4,10,73.3,45,11/7/24 0:00
29,Mississippi St.,SEC,18.49,114.3,31,95.8,33,70.3,252,11/7/24 0:00
30,Dayton,A10,18.4,113,39,94.6,18,69,328,11/7/24 0:00
31,Pittsburgh,ACC,18.28,114.8,26,96.5,40,70.4,244,11/7/24 0:00
32,Boise St.,MWC,18.17,113.3,37,95.1,25,69.9,285,11/7/24 0:00
33,Oregon,B10,17.83,115.2,21,97.4,52,70.9,206,11/7/24 0:00
34,Michigan St.,B10,17.57,111.2,63,93.6,12,70.1,269,11/7/24 0:00
35,Kentucky,SEC,17.42,115.1,23,97.6,57,72.9,65,11/7/24 0:00
36,Maryland,B10,17.11,109.3,81,92.2,5,70,273,11/7/24 0:00
37,Iowa,B10,16.99,116.1,14,99.1,77,74.2,22,11/7/24 0:00
38,Northwestern,B10,16.78,111.8,55,95.1,24,68.5,339,11/7/24 0:00
39,Oklahoma,SEC,16.55,111.5,56,95,20,70.7,226,11/7/24 0:00
40,Memphis,Amer,16.23,112.8,45,96.6,41,74.3,19,11/7/24 0:00
,,« Ratings on 2024-11-07 »,Current Ratings,Rk,EM,AdjT,,,,11/7/24 0:00
Rk,Team,Conf,AdjEM,AdjO,AdjD,AdjT,Rk,AdjEM,AdjO,11/7/24 0:00
41,Saint Mary's,WCC,16.2,113,41,96.8,44,67.4,357,11/7/24 0:00
42,Xavier,BE,15.96,113.4,36,97.4,54,73.1,55,11/7/24 0:00
43,USC,B10,15.84,112.1,50,96.3,38,72.2,110,11/7/24 0:00
44,LSU,SEC,15.61,113.5,35,97.9,60,72.4,95,11/7/24 0:00
45,Indiana,B10,15.56,111.4,58,95.8,31,72,134,11/7/24 0:00
46,VCU,A10,15.52,112.2,49,96.7,42,70.1,267,11/7/24 0:00
47,Mississippi,SEC,15.51,115.9,16,100.4,94,70.4,251,11/7/24 0:00
48,Wisconsin,B10,15.18,112.9,43,97.7,59,69,327,11/7/24 0:00
49,Miami FL,ACC,15.04,114.2,32,99.1,76,71.9,141,11/7/24 0:00
50,Kansas St.,B12,14.88,109.8,76,94.9,19,70.8,215,11/7/24 0:00
51,N.C. State,ACC,14.74,113.1,38,98.4,70,72.1,119,11/7/24 0:00
52,Penn St.,B10,14.52,112.4,48,97.9,61,72.8,66,11/7/24 0:00
53,TCU,B12,14.51,112.6,47,98.1,63,71.9,138,11/7/24 0:00
54,Louisville,ACC,14.43,111.3,61,96.9,46,74,28,11/7/24 0:00
55,Minnesota,B10,14.24,111.4,57,97.1,48,69.5,311,11/7/24 0:00
56,Missouri,SEC,13.99,112.8,44,98.9,73,70.8,218,11/7/24 0:00
57,San Diego St.,MWC,13.92,107.8,99,93.9,16,69.4,318,11/7/24 0:00
58,Nebraska,B10,13.62,110.3,70,96.7,43,72.9,60,11/7/24 0:00
59,Villanova,BE,13.54,113,40,99.5,81,68.3,347,11/7/24 0:00
60,Wake Forest,ACC,13.53,110.4,69,96.9,45,72,129,11/7/24 0:00
61,UCF,B12,13.32,109.2,84,95.9,34,70.8,217,11/7/24 0:00
62,Rutgers,B10,13.09,106.8,119,93.8,13,71.4,173,11/7/24 0:00
63,Utah St.,MWC,13.04,111.4,59,98.3,68,71.7,147,11/7/24 0:00
64,SMU,ACC,13.02,112.7,46,99.7,83,72,131,11/7/24 0:00
65,Grand Canyon,WAC,12.74,112.9,42,100.1,89,71.8,146,11/7/24 0:00
66,Nevada,MWC,12.35,112.1,53,99.7,84,70.7,227,11/7/24 0:00
67,Colorado St.,MWC,12,109,87,97,47,71.1,198,11/7/24 0:00
68,Notre Dame,ACC,11.97,110.1,73,98.1,62,68.5,342,11/7/24 0:00
69,Utah,B12,11.56,110.1,72,98.5,71,71.5,169,11/7/24 0:00
70,Georgia Tech,ACC,11.43,110.6,67,99.2,79,71.2,183,11/7/24 0:00
71,New Mexico,MWC,11.4,109.7,78,98.3,67,76.5,1,11/7/24 0:00
72,North Texas,Amer,10.89,109.1,85,98.2,65,66.6,361,11/7/24 0:00
73,West Virginia,B12,10.74,109.9,75,99.2,78,71.3,174,11/7/24 0:00
74,Colorado,B12,10.72,108.2,97,97.4,53,70.7,228,11/7/24 0:00
75,Providence,BE,10.57,107.7,100,97.1,49,69.7,302,11/7/24 0:00
76,Washington,B10,9.96,107.5,108,97.5,55,73.9,31,11/7/24 0:00
77,Bradley,MVC,9.61,109.1,86,99.5,82,70,275,11/7/24 0:00
78,Arizona St.,B12,9.59,105.3,140,95.8,30,72,125,11/7/24 0:00
79,Georgia,SEC,9.41,109.2,83,99.8,85,72,133,11/7/24 0:00
80,Florida St.,ACC,9.35,107.6,103,98.3,66,74.1,25,11/7/24 0:00
,,« Ratings on 2024-11-07 »,Current Ratings,Rk,EM,AdjT,,,,11/7/24 0:00
Rk,Team,Conf,AdjEM,AdjO,AdjD,AdjT,Rk,AdjEM,AdjO,11/7/24 0:00
81,Princeton,Ivy,9.29,112.1,51,102.8,136,69.9,279,11/7/24 0:00
82,Santa Clara,WCC,9.22,110.8,66,101.6,109,72.5,86,11/7/24 0:00
83,Vanderbilt,SEC,9.11,111.1,65,102,112,72.5,87,11/7/24 0:00
84,Florida Atlantic,Amer,9.1,109.5,79,100.4,95,73.2,52,11/7/24 0:00
85,Butler,BE,9,109.7,77,100.7,97,71,202,11/7/24 0:00
86,South Carolina,SEC,8.91,107.6,102,98.7,72,68.4,345,11/7/24 0:00
87,Syracuse,ACC,8.78,111.3,60,102.5,129,74.1,26,11/7/24 0:00
88,Oklahoma St.,B12,8.44,106.8,121,98.3,69,74.8,9,11/7/24 0:00
89,Virginia,ACC,8.42,106.6,124,98.1,64,65.6,364,11/7/24 0:00
90,Saint Joseph's,A10,8.34,108.5,93,100.2,90,72.6,85,11/7/24 0:00
91,UNLV,MWC,8.28,111.1,64,102.8,135,70.3,253,11/7/24 0:00
92,Loyola Chicago,A10,8.22,107.1,115,98.9,74,72.1,117,11/7/24 0:00
93,George Mason,A10,8.2,107.5,105,99.3,80,68.6,336,11/7/24 0:00
94,Stanford,ACC,8.12,109.5,80,101.4,106,69.7,298,11/7/24 0:00
95,Georgetown,BE,8.07,112.1,52,104,160,70.7,223,11/7/24 0:00
96,Virginia Tech,ACC,8.04,108.9,90,100.8,102,70.7,225,11/7/24 0:00
97,UAB,Amer,7.87,110.6,68,102.7,134,70.9,211,11/7/24 0:00
98,Wichita St.,Amer,7.77,108.5,94,100.7,96,73.8,33,11/7/24 0:00
99,San Francisco,WCC,7.75,108.9,89,101.1,103,73.2,51,11/7/24 0:00
100,Seton Hall,BE,7.56,104.9,149,97.3,50,69.7,301,11/7/24 0:00
101,Liberty,CUSA,7.54,108.3,96,100.8,100,68.4,346,11/7/24 0:00
102,Yale,Ivy,7.47,107.5,106,100.1,87,69.7,295,11/7/24 0:00
103,Vermont,AE,7.14,106.1,130,98.9,75,67.4,358,11/7/24 0:00
104,UC Irvine,BW,7.02,107.2,112,100.2,91,71.8,145,11/7/24 0:00
105,High Point,BSth,6.78,111.3,62,104.5,170,72,132,11/7/24 0:00
106,Rhode Island,A10,6.39,108.4,95,102,114,72.1,114,11/7/24 0:00
107,South Florida,Amer,5.64,107.3,110,101.7,110,72.1,115,11/7/24 0:00
108,Louisiana Tech,CUSA,5.61,106,132,100.3,93,70.1,265,11/7/24 0:00
109,Massachusetts,A10,5.11,107.3,111,102.2,119,73.5,41,11/7/24 0:00
110,Saint Louis,A10,4.96,109.9,74,104.9,180,73.1,57,11/7/24 0:00
111,Wofford,SC,4.52,110.3,71,105.8,199,69.9,283,11/7/24 0:00
112,Murray St.,MVC,4.38,106.9,118,102.5,126,69.7,299,11/7/24 0:00
113,McNeese,Slnd,4.37,107.2,113,102.9,138,71.3,175,11/7/24 0:00
114,St. Bonaventure,A10,4.25,104.2,163,99.9,86,70.1,264,11/7/24 0:00
115,Towson,CAA,4.19,106.9,117,102.7,133,68,351,11/7/24 0:00
116,Washington St.,WCC,4.08,107.5,107,103.4,146,73.5,40,11/7/24 0:00
117,UC San Diego,BW,4.07,106.4,127,102.3,122,69.7,300,11/7/24 0:00
118,Northern Iowa,MVC,4.06,105.8,135,101.7,111,70.8,221,11/7/24 0:00
119,Troy,SB,4.04,104.1,165,100.1,88,72.6,82,11/7/24 0:00
120,Arkansas St.,SB,3.75,107.7,101,103.9,157,72.2,108,11/7/24 0:00
,,« Ratings on 2024-11-07 »,Current Ratings,Rk,EM,AdjT,,,,11/7/24 0:00
Rk,Team,Conf,AdjEM,AdjO,AdjD,AdjT,Rk,AdjEM,AdjO,11/7/24 0:00
121,UMass Lowell,AE,3.68,106.8,122,103.1,139,72.9,62,11/7/24 0:00
122,Oregon St.,WCC,3.54,105,147,101.5,108,68.9,329,11/7/24 0:00
123,East Carolina,Amer,3.53,106.7,123,103.2,141,69.8,288,11/7/24 0:00
124,Davidson,A10,3.5,106.1,129,102.6,130,69.7,296,11/7/24 0:00
125,Charleston,CAA,3.5,107.9,98,104.4,167,72.1,113,11/7/24 0:00
126,Boston College,ACC,3.28,105.9,133,102.7,132,70.1,262,11/7/24 0:00
127,Lipscomb,ASun,3.23,106.5,126,103.2,142,72.7,71,11/7/24 0:00
128,Sam Houston St.,CUSA,3.16,107,116,103.9,156,70.8,216,11/7/24 0:00
129,Kent St.,MAC,3.12,105.5,136,102.4,124,69.9,282,11/7/24 0:00
130,Loyola Marymount,WCC,2.94,108.9,88,106,209,69.4,316,11/7/24 0:00
131,Akron,MAC,2.82,103.6,174,100.7,99,70.7,229,11/7/24 0:00
132,Drake,MVC,2.73,104.8,150,102.1,117,71.5,166,11/7/24 0:00
133,Charlotte,Amer,2.72,108.7,91,106,207,66.7,360,11/7/24 0:00
134,California,ACC,2.42,105.2,143,102.8,137,72.8,70,11/7/24 0:00
135,Ohio,MAC,2.26,109.2,82,107,244,71.7,148,11/7/24 0:00
136,Richmond,A10,2.01,104.1,166,102.1,116,70.6,231,11/7/24 0:00
137,Western Kentucky,CUSA,1.72,104.4,158,102.6,131,75.4,5,11/7/24 0:00
138,Purdue Fort Wayne,Horz,1.71,105.2,144,103.5,147,73.3,49,11/7/24 0:00
139,Seattle,WAC,1.49,104.6,152,103.1,140,71.1,194,11/7/24 0:00
140,Texas St.,SB,1.39,102.7,194,101.3,104,68.8,333,11/7/24 0:00
141,Temple,Amer,1.31,105.4,139,104.1,162,71.2,188,11/7/24 0:00
142,James Madison,SB,1.12,105.1,146,103.9,158,69.7,303,11/7/24 0:00
143,UC Santa Barbara,BW,0.91,105.3,141,104.4,168,70.4,248,11/7/24 0:00
144,Bryant,AE,0.87,102.1,211,101.3,105,75.8,2,11/7/24 0:00
145,Tulsa,Amer,0.85,104.4,156,103.5,150,72.9,63,11/7/24 0:00
146,Samford,SC,0.84,107.6,104,106.8,237,74.6,11,11/7/24 0:00
147,La Salle,A10,0.64,103.1,182,102.5,127,69.3,322,11/7/24 0:00
148,Cal Baptist,WAC,0.61,106.4,128,105.8,197,68.3,348,11/7/24 0:00
149,Duquesne,A10,0.59,102.9,186,102.3,121,71.5,165,11/7/24 0:00
150,Utah Valley,WAC,0.57,102,217,101.4,107,71.3,176,11/7/24 0:00
151,Chattanooga,SC,0.51,106.8,120,106.3,219,70,271,11/7/24 0:00
152,East Tennessee St.,SC,0.49,103.8,169,103.3,143,70.9,208,11/7/24 0:00
153,Stephen F. Austin,Slnd,0.39,102.4,202,102,113,72.7,72,11/7/24 0:00
154,George Washington,A10,0.25,106.5,125,106.3,221,71.6,160,11/7/24 0:00
155,Appalachian St.,SB,0.22,102.5,200,102.3,120,70.5,236,11/7/24 0:00
156,South Dakota St.,Sum,0.17,104.7,151,104.5,171,72.1,124,11/7/24 0:00
157,New Mexico St.,CUSA,0.1,102.2,209,102.1,118,70.4,247,11/7/24 0:00
158,Columbia,Ivy,-0.03,108.6,92,108.7,286,72.5,88,11/7/24 0:00
159,Marshall,SB,-0.05,104,168,104,159,72.3,102,11/7/24 0:00
160,UC Davis,BW,-0.06,100.7,249,100.7,98,73.3,47,11/7/24 0:00
,,« Ratings on 2024-11-07 »,Current Ratings,Rk,EM,AdjT,,,,11/7/24 0:00
Rk,Team,Conf,AdjEM,AdjO,AdjD,AdjT,Rk,AdjEM,AdjO,11/7/24 0:00
161,UNC Wilmington,CAA,-0.09,104.4,155,104.5,172,69.8,293,11/7/24 0:00
162,Southern Illinois,MVC,-0.13,103.4,178,103.6,151,74,29,11/7/24 0:00
163,UT Arlington,WAC,-0.3,104.6,153,104.9,177,73.6,37,11/7/24 0:00
164,Miami OH,MAC,-0.35,103.2,181,103.5,149,71.4,172,11/7/24 0:00
165,Abilene Christian,WAC,-0.38,103.1,183,103.5,148,72.3,99,11/7/24 0:00
166,UC Riverside,BW,-0.38,105.4,138,105.8,201,70.8,220,11/7/24 0:00
167,Cornell,Ivy,-0.42,107.2,114,107.6,254,72.7,76,11/7/24 0:00
168,Winthrop,BSth,-0.49,105.2,145,105.6,192,71.3,180,11/7/24 0:00
169,Louisiana,SB,-0.53,102.8,190,103.3,144,71.5,164,11/7/24 0:00
170,Northern Kentucky,Horz,-0.53,100.3,256,100.8,101,71.1,192,11/7/24 0:00
171,Furman,SC,-0.55,104.3,161,104.9,179,71.8,143,11/7/24 0:00
172,North Alabama,ASun,-0.61,105.3,142,105.9,205,71,204,11/7/24 0:00
173,Belmont,MVC,-0.7,104.2,162,104.9,181,73.6,36,11/7/24 0:00
174,Milwaukee,Horz,-0.71,106,131,106.7,236,72.8,67,11/7/24 0:00
175,UNC Greensboro,SC,-0.78,104.4,159,105.1,183,68.5,340,11/7/24 0:00
176,Nicholls,Slnd,-0.9,102.9,187,103.8,154,72.2,109,11/7/24 0:00
177,UTEP,CUSA,-0.9,101.5,230,102.4,123,72.4,96,11/7/24 0:00
178,Weber St.,BSky,-1.03,103.6,173,104.6,174,69.8,292,11/7/24 0:00
179,Montana,BSky,-1.2,105.8,134,107,247,69.9,287,11/7/24 0:00
180,Georgia Southern,SB,-1.37,102.2,208,103.6,152,72.5,91,11/7/24 0:00
181,Hofstra,CAA,-1.54,102.7,193,104.2,165,70.4,246,11/7/24 0:00
182,Jacksonville,ASun,-1.54,102.2,210,103.7,153,68.7,334,11/7/24 0:00
183,Toledo,MAC,-1.71,107.4,109,109.2,299,72.7,73,11/7/24 0:00
184,Iona,MAAC,-1.73,105,148,106.7,234,71.3,182,11/7/24 0:00
185,Fordham,A10,-1.81,101.5,229,103.3,145,72.5,92,11/7/24 0:00
186,Middle Tennessee,CUSA,-2.08,100,262,102,115,70.3,256,11/7/24 0:00
187,DePaul,BE,-2.22,103.7,171,105.9,204,69.5,310,11/7/24 0:00
188,Northeastern,CAA,-2.44,104,167,106.5,226,69.3,320,11/7/24 0:00
189,Youngstown St.,Horz,-2.45,102.8,188,105.3,185,71.8,144,11/7/24 0:00
190,Georgia St.,SB,-2.5,103.2,180,105.7,195,70.9,210,11/7/24 0:00
191,Tulane,Amer,-2.66,103.5,176,106.2,215,74.4,14,11/7/24 0:00
192,Longwood,BSth,-2.75,102.6,195,105.4,187,70.4,245,11/7/24 0:00
193,Southern Utah,WAC,-2.85,102.7,192,105.5,190,72.5,90,11/7/24 0:00
194,Montana St.,BSky,-2.88,102.5,199,105.3,186,72.2,112,11/7/24 0:00
195,Missouri St.,MVC,-2.91,99.6,269,102.5,128,69.7,294,11/7/24 0:00
196,Northern Colorado,BSky,-2.94,104.4,157,107.3,250,72.9,61,11/7/24 0:00
197,Penn,Ivy,-3.03,103.5,175,106.5,228,69.4,317,11/7/24 0:00
198,Hawaii,BW,-3.09,100.7,247,103.8,155,70,274,11/7/24 0:00
199,Indiana St.,MVC,-3.22,103.2,179,106.5,225,74.6,13,11/7/24 0:00
200,Kansas City,Sum,-3.33,102.8,191,106.1,212,70.6,235,11/7/24 0:00
,,« Ratings on 2024-11-07 »,Current Ratings,Rk,EM,AdjT,,,,11/7/24 0:00
Rk,Team,Conf,AdjEM,AdjO,AdjD,AdjT,Rk,AdjEM,AdjO,11/7/24 0:00
201,Harvard,Ivy,-3.37,102.3,206,105.6,193,70.4,242,11/7/24 0:00
202,St. Thomas,Sum,-3.47,105.5,137,109,293,68.4,343,11/7/24 0:00
203,North Florida,ASun,-3.6,104.3,160,107.9,264,71.3,181,11/7/24 0:00
204,Oakland,Horz,-3.62,102.5,198,106.1,213,70.1,270,11/7/24 0:00
205,Southern Miss,SB,-3.69,100.5,254,104.2,164,71.9,139,11/7/24 0:00
206,Pepperdine,WCC,-3.81,101.9,218,105.8,198,70.6,232,11/7/24 0:00
207,Cleveland St.,Horz,-3.86,102,216,105.8,203,71.5,167,11/7/24 0:00
208,Mercer,SC,-4.03,102.4,203,106.4,222,74.1,27,11/7/24 0:00
209,UNC Asheville,BSth,-4.18,104.5,154,108.7,287,71.6,158,11/7/24 0:00
210,Bucknell,PL,-4.18,100.8,245,105,182,71,203,11/7/24 0:00
211,Saint Peter's,MAAC,-4.27,96,332,100.2,92,67.8,354,11/7/24 0:00
212,Evansville,MVC,-4.3,101.7,223,106,208,71.5,162,11/7/24 0:00
213,Wyoming,MWC,-4.4,101.1,239,105.5,189,68.6,338,11/7/24 0:00
214,Colgate,PL,-4.54,101.7,221,106.3,220,70.9,207,11/7/24 0:00
215,CSUN,BW,-4.57,99.6,270,104.1,163,75.6,4,11/7/24 0:00
216,Texas A&M Corpus Chris,Slnd,-4.58,102,215,106.6,229,72.5,93,11/7/24 0:00
217,Jacksonville St.,CUSA,-4.58,101,241,105.5,191,69.3,321,11/7/24 0:00
218,North Dakota St.,Sum,-4.59,103.5,177,108,269,70,277,11/7/24 0:00
219,Florida Gulf Coast,ASun,-4.66,102,213,106.7,232,68.9,331,11/7/24 0:00
220,Drexel,CAA,-4.72,101.4,233,106.1,214,68.8,332,11/7/24 0:00
221,Illinois Chicago,MVC,-4.74,101.4,232,106.2,216,69.8,291,11/7/24 0:00
222,Kennesaw St.,CUSA,-4.78,103,184,107.8,258,75.7,3,11/7/24 0:00
223,Monmouth,CAA,-4.79,101.3,235,106.1,210,72.3,105,11/7/24 0:00
224,Portland St.,BSky,-4.81,101.6,225,106.5,224,74.3,18,11/7/24 0:00
225,Wright St.,Horz,-4.83,104.1,164,109,294,72.7,74,11/7/24 0:00
226,San Jose St.,MWC,-4.85,99.9,268,104.7,175,68.2,349,11/7/24 0:00
227,William & Mary,CAA,-4.98,101.9,219,106.9,242,72.9,64,11/7/24 0:00
228,UTSA,Amer,-4.99,102.9,185,107.9,265,73.4,43,11/7/24 0:00
229,Howard,MEAC,-5.05,102.3,205,107.3,251,71.6,154,11/7/24 0:00
230,Quinnipiac,MAAC,-5.2,100.7,248,105.9,206,73.7,34,11/7/24 0:00
231,Merrimack,MAAC,-5.22,97.2,313,102.4,125,70.4,250,11/7/24 0:00
232,Rice,Amer,-5.23,101.5,228,106.8,238,72.1,121,11/7/24 0:00
233,Norfolk St.,MEAC,-5.28,101.7,220,107,246,70.2,258,11/7/24 0:00
234,Tarleton St.,WAC,-5.51,101.4,231,107,243,70.9,214,11/7/24 0:00
235,Illinois St.,MVC,-5.78,99,282,104.8,176,69.9,286,11/7/24 0:00
236,Little Rock,OVC,-5.9,102.3,204,108.2,270,72.3,107,11/7/24 0:00
237,Ball St.,MAC,-6,101.1,237,107.1,248,70.4,249,11/7/24 0:00
238,Navy,PL,-6.08,98.5,292,104.6,173,69.4,312,11/7/24 0:00
239,Lafayette,PL,-6.11,98.3,295,104.4,169,70,272,11/7/24 0:00
240,Cal St. Fullerton,BW,-6.27,98.6,288,104.9,178,71.2,186,11/7/24 0:00
,,« Ratings on 2024-11-07 »,Current Ratings,Rk,EM,AdjT,,,,11/7/24 0:00
Rk,Team,Conf,AdjEM,AdjO,AdjD,AdjT,Rk,AdjEM,AdjO,11/7/24 0:00
241,Central Michigan,MAC,-6.5,99.3,277,105.8,200,69.7,304,11/7/24 0:00
242,Charleston Southern,BSth,-6.57,102.5,197,109.1,297,71.1,196,11/7/24 0:00
243,American,PL,-6.58,101.7,222,108.3,275,66.5,362,11/7/24 0:00
244,South Dakota,Sum,-6.77,103.8,170,110.5,330,74.8,10,11/7/24 0:00
245,Brown,Ivy,-6.85,101.7,224,108.5,281,70.1,261,11/7/24 0:00
246,Boston University,PL,-6.95,101.3,234,108.3,274,69.2,325,11/7/24 0:00
247,Eastern Washington,BSky,-6.97,103.6,172,110.5,329,73.3,44,11/7/24 0:00
248,Northern Arizona,BSky,-6.97,102.3,207,109.2,303,71.1,195,11/7/24 0:00
249,South Alabama,SB,-6.98,100.8,243,107.8,260,70.7,222,11/7/24 0:00
250,Texas Southern,SWAC,-7,97,316,104,161,71.9,135,11/7/24 0:00
251,Valparaiso,MVC,-7.03,101.6,226,108.7,285,71.3,178,11/7/24 0:00
252,Albany,AE,-7.03,99.4,275,106.4,223,73.4,42,11/7/24 0:00
253,Gardner Webb,BSth,-7.11,99.2,281,106.3,218,71.2,190,11/7/24 0:00
254,Oral Roberts,Sum,-7.27,102.1,212,109.4,305,70.4,243,11/7/24 0:00
255,Long Beach St.,BW,-7.35,100.8,242,108.2,271,72.6,79,11/7/24 0:00
256,Grambling St.,SWAC,-7.35,99.5,272,106.8,241,69.9,280,11/7/24 0:00
257,Marist,MAAC,-7.39,98.7,286,106.1,211,68.6,335,11/7/24 0:00
258,Maine,AE,-7.43,98.3,299,105.7,196,70.5,238,11/7/24 0:00
259,Western Carolina,SC,-7.5,100.7,246,108.2,273,71.6,161,11/7/24 0:00
260,North Carolina Central,MEAC,-7.53,99.2,280,106.7,233,70.6,230,11/7/24 0:00
261,North Dakota,Sum,-7.7,100.6,250,108.3,276,71.5,163,11/7/24 0:00
262,Rider,MAAC,-7.73,99.5,271,107.3,249,70.3,255,11/7/24 0:00
263,Mount St. Mary's,MAAC,-7.77,98.1,301,105.8,202,71.9,142,11/7/24 0:00
264,Air Force,MWC,-7.78,102,214,109.8,314,65.9,363,11/7/24 0:00
265,Old Dominion,SB,-8,99.9,267,107.9,261,72.2,111,11/7/24 0:00
266,Army,PL,-8,99.9,266,107.9,262,67.5,356,11/7/24 0:00
267,Bowling Green,MAC,-8.04,100.8,244,108.8,290,72.4,97,11/7/24 0:00
268,Portland,WCC,-8.07,102.8,189,110.9,333,72,127,11/7/24 0:00
269,Fresno St.,MWC,-8.14,98.4,293,106.5,227,75.1,7,11/7/24 0:00
270,Austin Peay,ASun,-8.14,101,240,109.1,298,69.5,306,11/7/24 0:00
271,Central Connecticut,NEC,-8.19,97.3,310,105.4,188,69.1,326,11/7/24 0:00
272,South Carolina St.,MEAC,-8.24,99.4,274,107.6,256,72.7,78,11/7/24 0:00
273,Elon,CAA,-8.34,100.3,255,108.6,284,71.1,197,11/7/24 0:00
274,Southern,SWAC,-8.43,95.9,333,104.4,166,71.9,136,11/7/24 0:00
275,Alabama St.,SWAC,-8.52,99.9,265,108.4,279,71.1,199,11/7/24 0:00
276,FIU,CUSA,-8.57,98.2,300,106.8,239,73.6,39,11/7/24 0:00
277,Delaware,CAA,-8.58,100,260,108.6,283,72.7,75,11/7/24 0:00
278,Lamar,Slnd,-8.6,100.2,257,108.8,288,71.6,155,11/7/24 0:00
279,Wagner,NEC,-8.63,96.6,325,105.2,184,67,359,11/7/24 0:00
280,Lehigh,PL,-8.66,99.3,276,108,267,72.6,80,11/7/24 0:00
,,« Ratings on 2024-11-07 »,Current Ratings,Rk,EM,AdjT,,,,11/7/24 0:00
Rk,Team,Conf,AdjEM,AdjO,AdjD,AdjT,Rk,AdjEM,AdjO,11/7/24 0:00
281,UMBC,AE,-8.71,102.4,201,111.1,336,74.4,15,11/7/24 0:00
282,Idaho,BSky,-8.83,99.2,279,108,268,69.4,315,11/7/24 0:00
283,Western Illinois,OVC,-8.9,97.9,302,106.8,240,68.1,350,11/7/24 0:00
284,Eastern Kentucky,ASun,-9,101.1,236,110.1,322,73.1,56,11/7/24 0:00
285,Morehead St.,OVC,-9,96.7,324,105.7,194,70.5,240,11/7/24 0:00
286,UT Rio Grande Valley,Slnd,-9.09,100.5,253,109.6,308,73.6,38,11/7/24 0:00
287,Pacific,WCC,-9.1,100.2,258,109.3,304,71.6,157,11/7/24 0:00
288,Radford,BSth,-9.11,100.1,259,109.2,302,68.9,330,11/7/24 0:00
289,Stony Brook,CAA,-9.16,99.9,264,109,295,70.6,234,11/7/24 0:00
290,Presbyterian,BSth,-9.36,102.6,196,111.9,348,69.5,309,11/7/24 0:00
291,Utah Tech,WAC,-9.42,99.4,273,108.8,289,73.3,50,11/7/24 0:00
292,Southeastern Louisiana,Slnd,-9.45,98.9,284,108.4,278,70.5,241,11/7/24 0:00
293,North Carolina A&T,CAA,-9.47,99.9,263,109.4,307,71.7,149,11/7/24 0:00
294,Fairfield,MAAC,-9.52,98.3,298,107.8,257,72.7,77,11/7/24 0:00
295,Cal St. Bakersfield,BW,-9.67,97.3,308,107,245,69.2,324,11/7/24 0:00
296,Coastal Carolina,SB,-9.87,96.9,323,106.7,235,69.9,281,11/7/24 0:00
297,San Diego,WCC,-9.9,96.3,328,106.2,217,73.2,53,11/7/24 0:00
298,Queens,ASun,-10.01,100,261,110,319,74.6,12,11/7/24 0:00
299,Campbell,CAA,-10.02,99.2,278,109.2,301,68.6,337,11/7/24 0:00
300,Idaho St.,BSky,-10.02,96.6,326,106.6,230,68,352,11/7/24 0:00
301,Stetson,ASun,-10.05,100.6,251,110.7,331,69.9,278,11/7/24 0:00
302,Sacramento St.,BSky,-10.11,97.5,306,107.6,255,70.1,263,11/7/24 0:00
303,Bellarmine,ASun,-10.32,101.1,238,111.4,342,68.4,344,11/7/24 0:00
304,Robert Morris,Horz,-10.36,98.5,291,108.9,292,70.7,224,11/7/24 0:00
305,Tennessee St.,OVC,-10.6,97.2,312,107.8,259,72.3,100,11/7/24 0:00
306,Green Bay,Horz,-10.7,101.6,227,112.3,351,70.2,259,11/7/24 0:00
307,Bethune Cookman,SWAC,-11.21,98.9,283,110.1,321,72.3,101,11/7/24 0:00
308,Canisius,MAAC,-11.42,98.3,296,109.8,312,71.9,137,11/7/24 0:00
309,Western Michigan,MAC,-11.5,98.3,297,109.8,315,70,276,11/7/24 0:00
310,Incarnate Word,Slnd,-11.58,100.5,252,112.1,349,72.3,106,11/7/24 0:00
311,Eastern Michigan,MAC,-11.61,95.8,335,107.4,252,69.3,323,11/7/24 0:00
312,Hampton,CAA,-11.8,98.7,285,110.5,328,72.1,122,11/7/24 0:00
313,Louisiana Monroe,SB,-11.89,97.2,314,109.1,296,71,201,11/7/24 0:00
314,Dartmouth,Ivy,-12.21,95.3,338,107.6,253,69.8,290,11/7/24 0:00
315,SIUE,OVC,-12.22,96.9,321,109.2,300,71.5,168,11/7/24 0:00
316,Southern Indiana,OVC,-12.45,97.6,304,110.1,320,71.6,159,11/7/24 0:00
317,Nebraska Omaha,Sum,-12.46,98.7,287,111.1,335,71.3,179,11/7/24 0:00
318,Manhattan,MAAC,-12.81,95.7,336,108.5,282,71.6,152,11/7/24 0:00
319,Niagara,MAAC,-12.83,97,318,109.8,316,70.2,260,11/7/24 0:00
320,Tennessee Tech,OVC,-12.87,96.9,322,109.7,311,70.5,237,11/7/24 0:00
,,« Ratings on 2024-11-07 »,Current Ratings,Rk,EM,AdjT,,,,11/7/24 0:00
Rk,Team,Conf,AdjEM,AdjO,AdjD,AdjT,Rk,AdjEM,AdjO,11/7/24 0:00
321,Northern Illinois,MAC,-12.96,97.2,315,110.2,323,72.1,123,11/7/24 0:00
322,Denver,Sum,-13.02,98.6,289,111.6,343,72.5,94,11/7/24 0:00
323,Binghamton,AE,-13.02,98.3,294,111.4,339,70.6,233,11/7/24 0:00
324,Tennessee Martin,OVC,-13.11,95.2,341,108.3,277,74.4,16,11/7/24 0:00
325,Northwestern St.,Slnd,-13.21,97.6,305,110.8,332,71.1,191,11/7/24 0:00
326,Siena,MAAC,-13.25,93.3,354,106.6,231,69.5,308,11/7/24 0:00
327,Chicago St.,NEC,-13.28,96.1,330,109.4,306,70.9,205,11/7/24 0:00
328,Cal Poly,BW,-13.92,94,349,108,266,72.6,84,11/7/24 0:00
329,Morgan St.,MEAC,-13.92,97.5,307,111.4,340,73.3,48,11/7/24 0:00
330,Jackson St.,SWAC,-13.98,94.9,345,108.9,291,72,128,11/7/24 0:00
331,NJIT,AE,-13.98,94.5,348,108.5,280,69.4,313,11/7/24 0:00
332,New Hampshire,AE,-14.08,96.2,329,110.3,325,74.3,21,11/7/24 0:00
333,Central Arkansas,ASun,-14.39,96,331,110.4,326,72.3,104,11/7/24 0:00
334,West Georgia,ASun,-14.4,97.2,311,111.6,344,72.3,103,11/7/24 0:00
335,Delaware St.,MEAC,-14.42,93.5,353,107.9,263,72,130,11/7/24 0:00
336,Buffalo,MAC,-14.52,98.5,290,113,358,72.4,98,11/7/24 0:00
337,Southeast Missouri,OVC,-14.58,95.3,339,109.9,317,72.8,68,11/7/24 0:00
338,Sacred Heart,MAAC,-14.61,96.5,327,111.1,334,73,58,11/7/24 0:00
339,The Citadel,SC,-14.74,95.2,342,109.9,318,69.7,297,11/7/24 0:00
340,Eastern Illinois,OVC,-14.76,94.9,343,109.7,310,72.1,120,11/7/24 0:00
341,Le Moyne,NEC,-14.76,97.7,303,112.5,353,72.1,116,11/7/24 0:00
342,Detroit Mercy,Horz,-15.38,97,317,112.4,352,69.3,319,11/7/24 0:00
343,Alabama A&M,SWAC,-15.5,92.7,357,108.2,272,73.1,54,11/7/24 0:00
344,Prairie View A&M,SWAC,-15.56,94.9,344,110.5,327,73.3,46,11/7/24 0:00
345,Loyola MD,PL,-15.74,94,351,109.8,313,71.7,151,11/7/24 0:00
346,Holy Cross,PL,-15.95,97,319,112.9,356,70.1,266,11/7/24 0:00
347,New Orleans,Slnd,-16.34,97,320,113.3,360,71.7,150,11/7/24 0:00
348,Lindenwood,OVC,-16.59,94.6,346,111.2,338,71.5,170,11/7/24 0:00
349,Alcorn St.,SWAC,-16.59,97.3,309,113.9,362,69.9,284,11/7/24 0:00
350,USC Upstate,BSth,-16.91,95.3,340,112.2,350,71.6,156,11/7/24 0:00
351,Mercyhurst,NEC,-17.16,95.5,337,112.7,355,69.5,307,11/7/24 0:00
352,Saint Francis,NEC,-17.23,94.6,347,111.8,347,70.8,219,11/7/24 0:00
353,Fairleigh Dickinson,NEC,-18.15,95.9,334,114.1,363,74.3,17,11/7/24 0:00
354,LIU,NEC,-18.2,93.2,355,111.4,341,73.9,32,11/7/24 0:00
355,Florida A&M,SWAC,-18.97,91.3,361,110.3,324,71.2,187,11/7/24 0:00
356,Houston Christian,Slnd,-19.08,94,350,113.1,359,72.6,81,11/7/24 0:00
357,Texas A&M Commerce,Slnd,-19.12,92,359,111.2,337,72.6,83,11/7/24 0:00
358,Arkansas Pine Bluff,SWAC,-19.45,94,352,113.4,361,74,30,11/7/24 0:00
359,Stonehill,NEC,-19.78,92,360,111.7,345,71.1,200,11/7/24 0:00
360,VMI,SC,-20.32,92.4,358,112.7,354,75.2,6,11/7/24 0:00
,,« Ratings on 2024-11-07 »,Current Ratings,Rk,EM,AdjT,,,,11/7/24 0:00
Rk,Team,Conf,AdjEM,AdjO,AdjD,AdjT,Rk,AdjEM,AdjO,11/7/24 0:00
361,IU Indy,Horz,-21.83,93,356,114.8,364,71.3,177,11/7/24 0:00
362,Coppin St.,MEAC,-22.11,87.6,363,109.7,309,70.3,254,11/7/24 0:00
363,Maryland Eastern Shore,MEAC,-23.42,88.4,362,111.8,346,71.2,189,11/7/24 0:00
364,Mississippi Valley St.,SWAC,-26.33,86.7,364,113,357,70.1,268,11/7/24 0:00
1,Houston,B12,30.24,119.3,4,89,1,67.9,352,11/8/24 0:00
2,Auburn,SEC,28.91,119.8,3,90.8,2,73.1,62,11/8/24 0:00
3,Gonzaga,WCC,27.81,123.5,1,95.7,26,72.8,76,11/8/24 0:00
4,Duke,ACC,26.96,119.2,5,92.2,4,70.9,212,11/8/24 0:00
5,Alabama,SEC,26.95,122.6,2,95.6,23,75,8,11/8/24 0:00
6,Connecticut,BE,25.68,118.6,9,92.9,6,69.6,304,11/8/24 0:00
7,Kansas,B12,24.93,118.7,8,93.8,9,72,132,11/8/24 0:00
8,Iowa St.,B12,24.3,115.2,30,90.9,3,71.1,194,11/8/24 0:00
9,Arizona,B12,23.87,117.9,10,94.1,11,74.2,23,11/8/24 0:00
10,Texas Tech,B12,22.59,116.3,17,93.7,8,68.5,339,11/8/24 0:00
11,Purdue,B10,22.43,118.8,7,96.4,31,70.5,236,11/8/24 0:00
12,St. John's,BE,21.09,115.5,24,94.4,15,72.5,93,11/8/24 0:00
13,Creighton,BE,21.05,119.2,6,98.1,54,71.6,157,11/8/24 0:00
14,Tennessee,SEC,21.05,114.3,34,93.3,7,70.9,211,11/8/24 0:00
15,Cincinnati,B12,20.86,115.3,29,94.4,14,71.4,174,11/8/24 0:00
16,Marquette,BE,20.55,116.6,15,96.1,29,71.9,141,11/8/24 0:00
17,North Carolina,ACC,20.47,116.9,13,96.5,36,73.7,35,11/8/24 0:00
18,Texas A&M,SEC,20.43,115.3,28,94.9,17,69.4,314,11/8/24 0:00
19,BYU,B12,19.92,115.7,22,95.8,27,71.1,193,11/8/24 0:00
20,UCLA,B10,19.87,115.4,25,95.6,22,67.6,355,11/8/24 0:00
21,Florida,SEC,19.7,117.2,11,97.5,45,73.6,40,11/8/24 0:00
22,Ohio St.,B10,19.55,116,19,96.5,37,70.9,209,11/8/24 0:00
23,Illinois,B10,19.35,116.3,18,96.9,39,74.2,22,11/8/24 0:00
24,Michigan,B10,19.06,115.3,27,96.3,30,72.1,122,11/8/24 0:00
25,Clemson,ACC,18.96,115.7,21,96.8,38,70.1,262,11/8/24 0:00
26,Baylor,B12,18.79,117,12,98.2,56,69.8,286,11/8/24 0:00
27,Texas,SEC,18.53,114,35,95.5,20,71.2,187,11/8/24 0:00
28,Arkansas,SEC,18.52,112.4,54,93.9,10,73.3,47,11/8/24 0:00
29,Mississippi St.,SEC,18.49,114.9,32,96.4,33,70.3,252,11/8/24 0:00
30,Dayton,A10,18.4,113.6,42,95.2,18,69,327,11/8/24 0:00
31,Michigan St.,B10,18.35,112.5,53,94.1,12,70.3,254,11/8/24 0:00
32,Pittsburgh,ACC,18.28,115.3,26,97.1,40,70.4,241,11/8/24 0:00
33,Boise St.,MWC,18.17,113.8,38,95.6,25,69.9,283,11/8/24 0:00
34,Oregon,B10,17.83,115.8,20,97.9,50,70.9,206,11/8/24 0:00
35,Kentucky,SEC,17.42,115.6,23,98.2,55,72.9,72,11/8/24 0:00
36,Maryland,B10,17.11,109.9,80,92.7,5,70,272,11/8/24 0:00
37,Northwestern,B10,16.78,112.4,55,95.6,24,68.5,337,11/8/24 0:00
38,Oklahoma,SEC,16.55,112.1,56,95.5,21,70.7,222,11/8/24 0:00
39,Memphis,Amer,16.23,113.4,46,97.1,41,74.3,20,11/8/24 0:00
40,Iowa,B10,16.07,116.9,14,100.8,91,73.9,30,11/8/24 0:00
,,« Ratings on 2024-11-08 »,Current Ratings,Rk,EM,AdjT,,,,11/8/24 0:00
Rk,Team,Conf,AdjEM,AdjO,AdjD,AdjT,Rk,AdjEM,AdjO,11/8/24 0:00
41,Saint Mary's,WCC,16.05,115.1,31,99,70,67,358,11/8/24 0:00
42,Xavier,BE,15.96,113.9,37,98,53,73.1,57,11/8/24 0:00
43,LSU,SEC,15.61,114,36,98.4,58,72.4,99,11/8/24 0:00
44,Indiana,B10,15.56,111.9,61,96.4,32,72,137,11/8/24 0:00
45,VCU,A10,15.52,112.8,49,97.2,42,70.1,268,11/8/24 0:00
46,Mississippi,SEC,15.51,116.5,16,100.9,93,70.3,251,11/8/24 0:00
47,Miami FL,ACC,15.04,114.7,33,99.7,76,71.9,144,11/8/24 0:00
48,Kansas St.,B12,14.88,110.4,75,95.5,19,70.8,213,11/8/24 0:00
49,Wisconsin,B10,14.76,113.8,40,99,71,68.3,346,11/8/24 0:00
50,N.C. State,ACC,14.74,113.7,41,98.9,69,72.1,123,11/8/24 0:00
51,Penn St.,B10,14.52,113,48,98.4,59,72.8,73,11/8/24 0:00
52,TCU,B12,14.5,113.2,47,98.7,60,71.8,150,11/8/24 0:00
53,Louisville,ACC,14.42,111.8,63,97.4,44,74,27,11/8/24 0:00
54,Minnesota,B10,14.24,111.9,60,97.7,48,69.4,311,11/8/24 0:00
55,Missouri,SEC,13.99,113.4,45,99.4,74,70.8,216,11/8/24 0:00
56,San Diego St.,MWC,13.92,108.4,100,94.4,16,69.4,316,11/8/24 0:00
57,USC,B10,13.71,112,58,98.3,57,71.9,142,11/8/24 0:00
58,Nebraska,B10,13.62,110.9,70,97.3,43,72.9,66,11/8/24 0:00
59,Villanova,BE,13.54,113.5,43,100,80,68.3,345,11/8/24 0:00
60,UCF,B12,13.32,109.7,83,96.4,34,70.8,215,11/8/24 0:00
61,Rutgers,B10,13.09,107.4,120,94.3,13,71.4,177,11/8/24 0:00
62,Utah St.,MWC,13.05,111.9,59,98.9,68,71.8,151,11/8/24 0:00
63,SMU,ACC,13.04,113.8,39,100.8,90,72.9,71,11/8/24 0:00
64,Wake Forest,ACC,12.77,109.2,91,96.4,35,73.2,52,11/8/24 0:00
65,Grand Canyon,WAC,12.74,113.4,44,100.7,87,71.8,149,11/8/24 0:00
66,Utah,B12,12.36,111.1,69,98.7,63,72.1,120,11/8/24 0:00
67,Nevada,MWC,12.35,112.6,52,100.3,82,70.7,225,11/8/24 0:00
68,Colorado St.,MWC,12,109.6,86,97.6,46,71.1,199,11/8/24 0:00
69,Notre Dame,ACC,11.97,110.6,72,98.7,61,68.5,340,11/8/24 0:00
70,Georgia Tech,ACC,11.43,111.2,68,99.7,78,71.2,185,11/8/24 0:00
71,New Mexico,MWC,11.4,110.2,77,98.8,66,76.4,1,11/8/24 0:00
72,North Texas,Amer,10.89,109.7,84,98.8,64,66.6,361,11/8/24 0:00
73,West Virginia,B12,10.74,110.5,73,99.7,77,71.2,186,11/8/24 0:00
74,Colorado,B12,10.72,108.7,98,98,51,70.7,224,11/8/24 0:00
75,Providence,BE,10.57,108.2,102,97.7,47,69.7,301,11/8/24 0:00
76,Washington,B10,9.97,107.9,111,98,52,73.9,32,11/8/24 0:00
77,Arizona St.,B12,9.84,105.9,141,96.1,28,72.1,117,11/8/24 0:00
78,Bradley,MVC,9.61,109.6,85,100,81,70,275,11/8/24 0:00
79,Georgia,SEC,9.41,109.8,82,100.3,83,72,136,11/8/24 0:00
80,Florida St.,ACC,9.35,108.1,105,98.8,65,74.1,24,11/8/24 0:00
,,« Ratings on 2024-11-08 »,Current Ratings,Rk,EM,AdjT,,,,11/8/24 0:00
Rk,Team,Conf,AdjEM,AdjO,AdjD,AdjT,Rk,AdjEM,AdjO,11/8/24 0:00
81,Vanderbilt,SEC,9.31,111.6,65,102.3,112,72.5,90,11/8/24 0:00
82,Princeton,Ivy,9.29,112.6,50,103.3,135,69.9,277,11/8/24 0:00
83,South Carolina,SEC,9.23,108.4,101,99.1,72,68.2,347,11/8/24 0:00
84,Santa Clara,WCC,9.22,111.3,67,102.1,110,72.5,91,11/8/24 0:00
85,Florida Atlantic,Amer,9.1,110.1,78,101,95,73.2,54,11/8/24 0:00
86,Butler,BE,9,110.2,76,101.2,97,71,203,11/8/24 0:00
87,Syracuse,ACC,8.78,111.9,62,103.1,129,74.1,25,11/8/24 0:00
88,Oklahoma St.,B12,8.44,107.3,123,98.9,67,74.8,10,11/8/24 0:00
89,Virginia,ACC,8.42,107.1,125,98.7,62,65.6,364,11/8/24 0:00
90,Loyola Chicago,A10,8.4,107.9,112,99.5,75,72.3,108,11/8/24 0:00
91,Saint Joseph's,A10,8.34,109,93,100.7,88,72.6,89,11/8/24 0:00
92,UNLV,MWC,8.28,111.6,66,103.3,134,70.3,253,11/8/24 0:00
93,George Mason,A10,8.2,108.1,106,99.9,79,68.6,334,11/8/24 0:00
94,Stanford,ACC,8.12,110,79,101.9,106,69.7,297,11/8/24 0:00
95,Georgetown,BE,8.07,112.6,51,104.6,159,70.7,220,11/8/24 0:00
96,Virginia Tech,ACC,8.04,109.4,88,101.4,101,70.7,221,11/8/24 0:00
97,UAB,Amer,8,112,57,104,146,72.1,119,11/8/24 0:00
98,Wichita St.,Amer,7.77,109,94,101.2,96,73.8,33,11/8/24 0:00
99,San Francisco,WCC,7.73,109.3,89,101.6,102,73.1,59,11/8/24 0:00
100,Seton Hall,BE,7.56,105.4,150,97.8,49,69.7,300,11/8/24 0:00
101,Liberty,CUSA,7.54,108.8,96,101.3,99,68.4,343,11/8/24 0:00
102,Yale,Ivy,7.47,108.1,107,100.6,85,69.7,294,11/8/24 0:00
103,Vermont,AE,7.14,106.5,134,99.3,73,67.1,357,11/8/24 0:00
104,UC Irvine,BW,7.02,107.8,114,100.8,92,71.8,147,11/8/24 0:00
105,High Point,BSth,6.78,111.8,64,105,170,72,131,11/8/24 0:00
106,Rhode Island,A10,6.39,109,95,102.6,114,72.1,116,11/8/24 0:00
107,Northern Iowa,MVC,5.94,108.1,108,102.1,109,70,274,11/8/24 0:00
108,South Florida,Amer,5.71,107.9,113,102.2,111,72.3,109,11/8/24 0:00
109,Louisiana Tech,CUSA,5.61,106.6,131,100.9,94,70.1,267,11/8/24 0:00
110,Massachusetts,A10,5.11,107.8,115,102.7,119,73.5,43,11/8/24 0:00
111,Saint Louis,A10,4.96,110.4,74,105.5,180,73.1,61,11/8/24 0:00
112,Wofford,SC,4.52,110.9,71,106.4,201,69.9,281,11/8/24 0:00
113,Murray St.,MVC,4.38,107.5,119,103.1,130,69.7,298,11/8/24 0:00
114,McNeese,Slnd,4.37,107.7,117,103.4,136,71.3,179,11/8/24 0:00
115,St. Bonaventure,A10,4.25,104.7,165,100.4,84,70.1,265,11/8/24 0:00
116,Towson,CAA,4.17,107.2,124,103,128,68.1,349,11/8/24 0:00
117,Washington St.,WCC,4.08,108,109,103.9,145,73.5,41,11/8/24 0:00
118,UC San Diego,BW,4.07,106.9,128,102.8,122,69.7,299,11/8/24 0:00
119,Troy,SB,4.04,104.7,167,100.6,86,72.6,88,11/8/24 0:00
120,Arkansas St.,SB,3.75,108.2,104,104.4,156,72.2,112,11/8/24 0:00
,,« Ratings on 2024-11-08 »,Current Ratings,Rk,EM,AdjT,,,,11/8/24 0:00
Rk,Team,Conf,AdjEM,AdjO,AdjD,AdjT,Rk,AdjEM,AdjO,11/8/24 0:00
121,UMass Lowell,AE,3.68,107.4,121,103.7,138,72.9,68,11/8/24 0:00
122,Oregon St.,WCC,3.54,105.6,146,102,108,68.9,328,11/8/24 0:00
123,East Carolina,Amer,3.53,107.3,122,103.8,140,69.8,285,11/8/24 0:00
124,Davidson,A10,3.5,106.7,130,103.2,133,69.7,295,11/8/24 0:00
125,Charleston,CAA,3.5,108.4,99,104.9,166,72.1,115,11/8/24 0:00
126,Boston College,ACC,3.28,106.5,133,103.2,132,70.1,261,11/8/24 0:00
127,Lipscomb,ASun,3.23,107,127,103.7,139,72.7,77,11/8/24 0:00
128,Sam Houston St.,CUSA,3.16,107.5,118,104.4,154,70.8,214,11/8/24 0:00
129,Kent St.,MAC,3.12,106,138,102.9,123,69.9,280,11/8/24 0:00
130,Loyola Marymount,WCC,2.94,109.5,87,106.6,209,69.4,315,11/8/24 0:00
131,Akron,MAC,2.82,104.1,175,101.3,98,70.7,226,11/8/24 0:00
132,Drake,MVC,2.73,105.4,151,102.7,117,71.5,169,11/8/24 0:00
133,Charlotte,Amer,2.72,109.2,90,106.5,205,66.7,360,11/8/24 0:00
134,California,ACC,2.67,106.5,132,103.9,142,73,64,11/8/24 0:00
135,Ohio,MAC,2.26,109.8,81,107.5,243,71.7,152,11/8/24 0:00
136,Richmond,A10,2.01,104.7,166,102.7,116,70.6,227,11/8/24 0:00
137,Western Kentucky,CUSA,1.72,104.9,161,103.2,131,75.4,5,11/8/24 0:00
138,Purdue Fort Wayne,Horz,1.71,105.8,144,104.1,148,73.3,50,11/8/24 0:00
139,Seattle,WAC,1.49,105.1,154,103.6,137,71.1,195,11/8/24 0:00
140,Texas St.,SB,1.39,103.2,197,101.8,104,68.8,332,11/8/24 0:00
141,Temple,Amer,1.31,105.9,142,104.6,161,71.2,189,11/8/24 0:00
142,James Madison,SB,1.12,105.6,147,104.5,158,69.7,302,11/8/24 0:00
143,UC Santa Barbara,BW,0.91,105.9,140,105,168,70.4,247,11/8/24 0:00
144,Bryant,AE,0.87,102.7,210,101.9,105,75.8,2,11/8/24 0:00
145,Tulsa,Amer,0.85,105,158,104.1,151,72.9,69,11/8/24 0:00
146,Samford,SC,0.84,108.2,103,107.4,238,74.6,11,11/8/24 0:00
147,La Salle,A10,0.64,103.7,184,103,127,69.3,319,11/8/24 0:00
148,Cal Baptist,WAC,0.61,106.9,129,106.3,196,68.3,344,11/8/24 0:00
149,Duquesne,A10,0.59,103.4,188,102.8,121,71.5,168,11/8/24 0:00
150,Utah Valley,WAC,0.57,102.6,212,102,107,71.3,180,11/8/24 0:00
151,East Tennessee St.,SC,0.49,104.4,171,103.9,143,70.9,208,11/8/24 0:00
152,Stephen F. Austin,Slnd,0.39,102.9,202,102.6,113,72.7,78,11/8/24 0:00
153,Chattanooga,SC,0.35,108.8,97,108.5,262,69.8,288,11/8/24 0:00
154,George Washington,A10,0.25,107.1,126,106.8,218,71.6,163,11/8/24 0:00
155,Appalachian St.,SB,0.22,103,201,102.8,120,70.5,233,11/8/24 0:00
156,South Dakota St.,Sum,0.17,105.2,152,105,169,72,130,11/8/24 0:00
157,New Mexico St.,CUSA,0.1,102.8,207,102.7,118,70.4,246,11/8/24 0:00
158,UC Davis,BW,0,101.8,236,101.8,103,73.5,44,11/8/24 0:00
159,Columbia,Ivy,-0.03,109.1,92,109.1,281,72.5,92,11/8/24 0:00
160,Marshall,SB,-0.05,104.6,169,104.6,162,72.3,105,11/8/24 0:00
,,« Ratings on 2024-11-08 »,Current Ratings,Rk,EM,AdjT,,,,11/8/24 0:00
Rk,Team,Conf,AdjEM,AdjO,AdjD,AdjT,Rk,AdjEM,AdjO,11/8/24 0:00
161,UNC Wilmington,CAA,-0.09,105,156,105.1,174,69.8,292,11/8/24 0:00
162,Southern Illinois,MVC,-0.13,104,177,104.1,150,74,28,11/8/24 0:00
163,UT Arlington,WAC,-0.3,105.1,153,105.4,179,73.6,37,11/8/24 0:00
164,Miami OH,MAC,-0.35,103.7,182,104,147,71.4,175,11/8/24 0:00
165,Abilene Christian,WAC,-0.38,103.7,183,104.1,149,72.3,102,11/8/24 0:00
166,UC Riverside,BW,-0.38,106,139,106.3,199,70.8,219,11/8/24 0:00
167,Cornell,Ivy,-0.42,107.8,116,108.2,253,72.7,81,11/8/24 0:00
168,Winthrop,BSth,-0.49,105.7,145,106.2,194,71.3,183,11/8/24 0:00
169,North Alabama,ASun,-0.51,105.8,143,106.3,198,71,204,11/8/24 0:00
170,Louisiana,SB,-0.53,103.3,192,103.8,141,71.5,167,11/8/24 0:00
171,Northern Kentucky,Horz,-0.53,100.8,259,101.3,100,71.1,192,11/8/24 0:00
172,DePaul,BE,-0.55,104.6,170,105.1,172,70.6,231,11/8/24 0:00
173,Furman,SC,-0.55,104.9,160,105.5,181,71.8,145,11/8/24 0:00
174,Belmont,MVC,-0.7,104.8,163,105.5,182,73.6,36,11/8/24 0:00
175,UNC Greensboro,SC,-0.78,104.9,162,105.7,184,68.5,338,11/8/24 0:00
176,Nicholls,Slnd,-0.9,103.4,189,104.3,153,72.2,113,11/8/24 0:00
177,UTEP,CUSA,-0.9,102.1,229,103,124,72.4,100,11/8/24 0:00
178,Weber St.,BSky,-1.03,104.2,173,105.2,176,69.8,291,11/8/24 0:00
179,Montana,BSky,-1.2,106.4,136,107.6,245,69.8,284,11/8/24 0:00
180,North Florida,ASun,-1.28,105.5,148,106.8,219,71.9,139,11/8/24 0:00
181,Georgia Southern,SB,-1.37,102.8,209,104.1,152,72.5,95,11/8/24 0:00
182,Hofstra,CAA,-1.54,103.3,194,104.8,164,70.4,245,11/8/24 0:00
183,Toledo,MAC,-1.71,108,110,109.7,296,72.7,79,11/8/24 0:00
184,Iona,MAAC,-1.73,105.5,149,107.3,233,71.2,184,11/8/24 0:00
185,Fordham,A10,-1.81,102.1,227,103.9,144,72.5,96,11/8/24 0:00
186,Middle Tennessee,CUSA,-2.08,100.6,263,102.6,115,70.3,255,11/8/24 0:00
187,Jacksonville,ASun,-2.11,102.3,218,104.5,157,67.9,351,11/8/24 0:00
188,Northeastern,CAA,-2.44,104.6,168,107,225,69.3,317,11/8/24 0:00
189,Montana St.,BSky,-2.44,103.9,178,106.3,200,71.3,178,11/8/24 0:00
190,Youngstown St.,Horz,-2.45,103.4,187,105.9,186,71.8,146,11/8/24 0:00
191,Georgia St.,SB,-2.5,103.7,181,106.2,192,70.9,210,11/8/24 0:00
192,Milwaukee,Horz,-2.59,106.4,135,109,277,72.1,125,11/8/24 0:00
193,Tulane,Amer,-2.66,104.1,174,106.8,215,74.4,15,11/8/24 0:00
194,Longwood,BSth,-2.75,103.2,196,106,188,70.4,242,11/8/24 0:00
195,Southern Utah,WAC,-2.85,103.3,193,106.1,190,72.5,94,11/8/24 0:00
196,Missouri St.,MVC,-2.91,100.1,270,103,126,69.7,293,11/8/24 0:00
197,Northern Colorado,BSky,-2.94,105,159,107.9,249,72.9,67,11/8/24 0:00
198,Hawaii,BW,-3.09,101.3,247,104.4,155,70,273,11/8/24 0:00
199,Indiana St.,MVC,-3.22,103.8,180,107,226,74.6,13,11/8/24 0:00
200,Kansas City,Sum,-3.33,103.4,191,106.7,212,70.6,232,11/8/24 0:00
,,« Ratings on 2024-11-08 »,Current Ratings,Rk,EM,AdjT,,,,11/8/24 0:00
Rk,Team,Conf,AdjEM,AdjO,AdjD,AdjT,Rk,AdjEM,AdjO,11/8/24 0:00
201,Harvard,Ivy,-3.37,102.8,208,106.2,191,70.4,239,11/8/24 0:00
202,St. Thomas,Sum,-3.47,106.1,137,109.6,294,68.4,341,11/8/24 0:00
203,Oakland,Horz,-3.62,103.1,199,106.7,211,70,270,11/8/24 0:00
204,Illinois St.,MVC,-3.71,101.4,244,105.1,173,69.3,322,11/8/24 0:00
205,Bucknell,PL,-3.72,101.1,253,104.8,165,69.9,282,11/8/24 0:00
206,Pepperdine,WCC,-3.81,102.5,217,106.3,197,70.6,229,11/8/24 0:00
207,Southern Miss,SB,-3.83,101.8,235,105.6,183,73.2,53,11/8/24 0:00
208,Cleveland St.,Horz,-3.86,102.5,213,106.4,202,71.5,170,11/8/24 0:00
209,Mercer,SC,-4.03,102.9,203,107,222,74.1,26,11/8/24 0:00
210,UNC Asheville,BSth,-4.18,105.1,155,109.3,287,71.6,162,11/8/24 0:00
211,Saint Peter's,MAAC,-4.27,96.5,332,100.8,89,67.8,353,11/8/24 0:00
212,Evansville,MVC,-4.3,102.2,222,106.5,206,71.5,165,11/8/24 0:00
213,Wyoming,MWC,-4.4,101.7,239,106.1,189,68.6,336,11/8/24 0:00
214,Colgate,PL,-4.54,102.3,220,106.9,220,70.9,207,11/8/24 0:00
215,CSUN,BW,-4.57,100,273,104.6,163,75.6,4,11/8/24 0:00
216,Texas A&M Corpus Chris,Slnd,-4.58,102.5,214,107.1,230,72.5,97,11/8/24 0:00
217,Florida Gulf Coast,ASun,-4.66,102.5,215,107.2,231,68.9,330,11/8/24 0:00
218,Monmouth,CAA,-4.72,101.8,234,106.5,207,72.2,111,11/8/24 0:00
219,Drexel,CAA,-4.72,102,231,106.7,213,68.8,331,11/8/24 0:00
220,Illinois Chicago,MVC,-4.74,102,230,106.8,216,69.8,289,11/8/24 0:00
221,Kennesaw St.,CUSA,-4.78,103.6,185,108.4,259,75.7,3,11/8/24 0:00
222,Portland St.,BSky,-4.81,102.2,224,107,224,74.3,19,11/8/24 0:00
223,Wright St.,Horz,-4.83,104.7,164,109.5,292,72.7,80,11/8/24 0:00
224,San Jose St.,MWC,-4.85,100.4,267,105.2,177,68.2,348,11/8/24 0:00
225,William & Mary,CAA,-4.98,102.5,216,107.5,242,72.9,70,11/8/24 0:00
226,UTSA,Amer,-4.99,103.5,186,108.5,265,73.4,46,11/8/24 0:00
227,Howard,MEAC,-5.05,102.8,206,107.9,248,71.6,158,11/8/24 0:00
228,Quinnipiac,MAAC,-5.2,101.2,249,106.4,204,73.7,34,11/8/24 0:00
229,Merrimack,MAAC,-5.22,97.8,310,103,125,70.4,250,11/8/24 0:00
230,Rice,Amer,-5.23,102.1,228,107.3,236,72.1,126,11/8/24 0:00
231,Norfolk St.,MEAC,-5.28,102.3,219,107.6,244,70.2,258,11/8/24 0:00
232,Jacksonville St.,CUSA,-5.29,101.7,238,107,223,69.3,321,11/8/24 0:00
233,Penn,Ivy,-5.42,105,157,110.5,315,69.3,318,11/8/24 0:00
234,Tarleton St.,WAC,-5.51,102,232,107.5,241,70.7,223,11/8/24 0:00
235,Little Rock,OVC,-5.9,102.9,204,108.8,267,72.3,110,11/8/24 0:00
236,Ball St.,MAC,-6,101.6,241,107.6,246,70.4,249,11/8/24 0:00
237,Navy,PL,-6.08,99,291,105.1,171,69.4,313,11/8/24 0:00
238,Lafayette,PL,-6.11,98.9,296,105,167,70,271,11/8/24 0:00
239,Cal St. Fullerton,BW,-6.27,99.1,288,105.4,178,71.2,188,11/8/24 0:00
240,American,PL,-6.58,102.2,221,108.8,270,66.5,362,11/8/24 0:00
,,« Ratings on 2024-11-08 »,Current Ratings,Rk,EM,AdjT,,,,11/8/24 0:00
Rk,Team,Conf,AdjEM,AdjO,AdjD,AdjT,Rk,AdjEM,AdjO,11/8/24 0:00
241,South Dakota,Sum,-6.67,104.2,172,110.9,324,74.8,9,11/8/24 0:00
242,Brown,Ivy,-6.85,102.2,223,109,278,70.1,260,11/8/24 0:00
243,North Dakota St.,Sum,-6.92,103.8,179,110.7,322,69.3,323,11/8/24 0:00
244,Boston University,PL,-6.95,101.8,233,108.8,269,69.2,324,11/8/24 0:00
245,Eastern Washington,BSky,-6.97,104,176,111,325,73.3,48,11/8/24 0:00
246,Northern Arizona,BSky,-6.97,102.9,205,109.8,301,71.1,196,11/8/24 0:00
247,Texas Southern,SWAC,-7,97.6,319,104.6,160,71.9,138,11/8/24 0:00
248,Valparaiso,MVC,-7.03,102.2,225,109.2,283,71.3,182,11/8/24 0:00
249,Albany,AE,-7.03,99.9,277,106.9,221,73.4,45,11/8/24 0:00
250,South Alabama,SB,-7.09,101.3,248,108.4,257,70.8,217,11/8/24 0:00
251,Gardner Webb,BSth,-7.11,99.7,281,106.8,217,71.1,190,11/8/24 0:00
252,Air Force,MWC,-7.2,103.2,195,110.4,314,65.9,363,11/8/24 0:00
253,Oral Roberts,Sum,-7.27,102.6,211,109.9,303,70.4,240,11/8/24 0:00
254,Central Michigan,MAC,-7.3,99.7,280,107,227,69.6,305,11/8/24 0:00
255,Long Beach St.,BW,-7.35,101.4,243,108.8,268,72.6,84,11/8/24 0:00
256,Grambling St.,SWAC,-7.35,100.1,272,107.4,240,69.9,278,11/8/24 0:00
257,Marist,MAAC,-7.39,99.2,287,106.6,210,68.6,333,11/8/24 0:00
258,Maine,AE,-7.43,98.8,298,106.3,195,70.5,235,11/8/24 0:00
259,Western Carolina,SC,-7.5,101.3,246,108.8,272,71.6,164,11/8/24 0:00
260,North Carolina Central,MEAC,-7.53,99.7,282,107.2,232,70.6,228,11/8/24 0:00
261,Southern,SWAC,-7.64,97.5,320,105.1,175,71.7,155,11/8/24 0:00
262,North Dakota,Sum,-7.7,101.2,252,108.9,274,71.5,166,11/8/24 0:00
263,Rider,MAAC,-7.73,100,274,107.8,247,70.3,256,11/8/24 0:00
264,Mount St. Mary's,MAAC,-7.77,98.7,302,106.4,203,71.9,143,11/8/24 0:00
265,Idaho St.,BSky,-7.8,98.8,300,106.6,208,67.6,354,11/8/24 0:00
266,Old Dominion,SB,-8,100.4,268,108.4,258,72.2,114,11/8/24 0:00
267,Army,PL,-8,100.4,266,108.4,261,67.5,356,11/8/24 0:00
268,Bowling Green,MAC,-8.07,101.2,251,109.3,286,72.1,118,11/8/24 0:00
269,Portland,WCC,-8.07,103.4,190,111.5,333,72,133,11/8/24 0:00
270,Fresno St.,MWC,-8.14,99,292,107.1,228,75.1,7,11/8/24 0:00
271,Austin Peay,ASun,-8.14,101.6,242,109.7,298,69.5,306,11/8/24 0:00
272,Central Connecticut,NEC,-8.19,97.8,312,106,187,69.1,326,11/8/24 0:00
273,South Carolina St.,MEAC,-8.24,100,275,108.2,255,72.7,82,11/8/24 0:00
274,Stony Brook,CAA,-8.32,101.2,250,109.5,293,70.4,243,11/8/24 0:00
275,Elon,CAA,-8.34,100.8,257,109.2,282,71.1,198,11/8/24 0:00
276,Alabama St.,SWAC,-8.52,100.4,265,108.9,275,71.1,200,11/8/24 0:00
277,Delaware,CAA,-8.57,100.5,264,109.1,280,73.5,42,11/8/24 0:00
278,FIU,CUSA,-8.57,98.7,301,107.3,237,73.6,39,11/8/24 0:00
279,Lamar,Slnd,-8.6,100.8,258,109.4,290,71.6,159,11/8/24 0:00
280,Wagner,NEC,-8.63,97.1,327,105.8,185,67,359,11/8/24 0:00
,,« Ratings on 2024-11-08 »,Current Ratings,Rk,EM,AdjT,,,,11/8/24 0:00
Rk,Team,Conf,AdjEM,AdjO,AdjD,AdjT,Rk,AdjEM,AdjO,11/8/24 0:00
281,Lehigh,PL,-8.66,99.8,278,108.5,264,72.6,85,11/8/24 0:00
282,North Carolina A&T,CAA,-8.69,99.5,284,108.2,252,73.1,60,11/8/24 0:00
283,UMBC,AE,-8.71,103,200,111.7,336,74.4,16,11/8/24 0:00
284,Idaho,BSky,-8.88,100.4,269,109.3,285,69.6,303,11/8/24 0:00
285,Western Illinois,OVC,-8.9,98.4,303,107.3,235,68.1,350,11/8/24 0:00
286,Charleston Southern,BSth,-8.96,101.4,245,110.4,313,71.8,148,11/8/24 0:00
287,Eastern Kentucky,ASun,-9,101.7,237,110.7,321,73.1,58,11/8/24 0:00
288,Morehead St.,OVC,-9,97.2,326,106.2,193,70.5,237,11/8/24 0:00
289,UT Rio Grande Valley,Slnd,-9.09,101,255,110.1,305,73.6,38,11/8/24 0:00
290,Pacific,WCC,-9.1,100.8,260,109.9,304,71.6,161,11/8/24 0:00
291,Radford,BSth,-9.11,100.7,261,109.8,300,68.9,329,11/8/24 0:00
292,Presbyterian,BSth,-9.36,103.1,198,112.4,347,69.5,310,11/8/24 0:00
293,Utah Tech,WAC,-9.42,99.9,276,109.4,289,73.2,51,11/8/24 0:00
294,Southeastern Louisiana,Slnd,-9.45,99.5,283,109,276,70.5,238,11/8/24 0:00
295,Fairfield,MAAC,-9.52,98.8,299,108.4,256,72.6,83,11/8/24 0:00
296,Cal St. Bakersfield,BW,-9.64,97.8,311,107.4,239,69.2,325,11/8/24 0:00
297,Coastal Carolina,SB,-9.87,97.4,325,107.3,234,69.9,279,11/8/24 0:00
298,San Diego,WCC,-9.9,96.8,329,106.7,214,73.2,55,11/8/24 0:00
299,Queens,ASun,-10.01,100.6,262,110.6,318,74.6,12,11/8/24 0:00
300,Campbell,CAA,-10.02,99.7,279,109.7,299,68.6,335,11/8/24 0:00
301,Sacramento St.,BSky,-10.11,98.1,306,108.2,254,70.1,263,11/8/24 0:00
302,Bellarmine,ASun,-10.32,101.7,240,112,341,68.4,342,11/8/24 0:00
303,Robert Morris,Horz,-10.34,99,293,109.3,288,71.4,176,11/8/24 0:00
304,Tennessee St.,OVC,-10.6,97.8,309,108.4,260,72.3,103,11/8/24 0:00
305,Green Bay,Horz,-10.7,102.1,226,112.8,350,70.2,259,11/8/24 0:00
306,Stetson,ASun,-11.17,100.9,256,112.1,342,70.1,266,11/8/24 0:00
307,Bethune Cookman,SWAC,-11.21,99.5,285,110.7,320,72.3,104,11/8/24 0:00
308,Nebraska Omaha,Sum,-11.33,100.1,271,111.4,331,71.4,173,11/8/24 0:00
309,Canisius,MAAC,-11.42,98.9,295,110.3,310,71.9,140,11/8/24 0:00
310,Western Michigan,MAC,-11.5,98.8,297,110.3,311,70,276,11/8/24 0:00
311,Incarnate Word,Slnd,-11.58,101.1,254,112.7,348,72.3,107,11/8/24 0:00
312,Eastern Michigan,MAC,-11.61,96.3,334,108,250,69.3,320,11/8/24 0:00
313,Hampton,CAA,-11.8,99.3,286,111.1,326,72.1,127,11/8/24 0:00
314,Louisiana Monroe,SB,-11.89,97.8,313,109.7,295,71,202,11/8/24 0:00
315,Dartmouth,Ivy,-12.21,95.9,338,108.2,251,69.8,287,11/8/24 0:00
316,SIUE,OVC,-12.22,97.5,322,109.7,297,71.5,171,11/8/24 0:00
317,Southern Indiana,OVC,-12.66,97.6,317,110.3,309,70.4,248,11/8/24 0:00
318,Manhattan,MAAC,-12.81,96.3,335,109.1,279,71.6,156,11/8/24 0:00
319,Tennessee Martin,OVC,-12.83,95.8,341,108.6,266,74.5,14,11/8/24 0:00
320,Tennessee Tech,OVC,-12.87,97.4,324,110.3,306,70.5,234,11/8/24 0:00
,,« Ratings on 2024-11-08 »,Current Ratings,Rk,EM,AdjT,,,,11/8/24 0:00
Rk,Team,Conf,AdjEM,AdjO,AdjD,AdjT,Rk,AdjEM,AdjO,11/8/24 0:00
321,Northern Illinois,MAC,-12.96,97.7,315,110.7,319,72.1,128,11/8/24 0:00
322,Denver,Sum,-13.02,99.1,289,112.1,343,72.5,98,11/8/24 0:00
323,Binghamton,AE,-13.02,98.9,294,111.9,338,70.6,230,11/8/24 0:00
324,Northwestern St.,Slnd,-13.21,98.1,305,111.4,329,71.1,191,11/8/24 0:00
325,Siena,MAAC,-13.25,93.9,354,107.1,229,69.5,309,11/8/24 0:00
326,Chicago St.,NEC,-13.27,96.6,331,109.9,302,70.9,205,11/8/24 0:00
327,Niagara,MAAC,-13.67,97.6,318,111.3,327,70.4,244,11/8/24 0:00
328,Morgan St.,MEAC,-13.92,98,307,111.9,339,73.3,49,11/8/24 0:00
329,Jackson St.,SWAC,-13.98,95.5,344,109.4,291,72,134,11/8/24 0:00
330,New Hampshire,AE,-14.08,96.8,330,110.9,323,74.2,21,11/8/24 0:00
331,Cal Poly,BW,-14.14,95.1,347,109.2,284,72.8,74,11/8/24 0:00
332,NJIT,AE,-14.3,94.6,349,108.9,273,69.4,312,11/8/24 0:00
333,West Georgia,ASun,-14.4,97.8,314,112.2,344,72.3,106,11/8/24 0:00
334,Delaware St.,MEAC,-14.42,94,352,108.5,263,72,135,11/8/24 0:00
335,Buffalo,MAC,-14.52,99,290,113.6,357,72.3,101,11/8/24 0:00
336,Southeast Missouri,OVC,-14.58,95.9,339,110.5,316,72.8,75,11/8/24 0:00
337,Sacred Heart,MAAC,-14.61,97,328,111.6,334,73,63,11/8/24 0:00
338,The Citadel,SC,-14.74,95.7,342,110.5,317,69.7,296,11/8/24 0:00
339,Eastern Illinois,OVC,-14.76,95.5,343,110.3,307,72.1,124,11/8/24 0:00
340,Le Moyne,NEC,-14.76,98.2,304,112.9,351,72.1,121,11/8/24 0:00
341,Central Arkansas,ASun,-15.2,96.2,336,111.4,330,73,65,11/8/24 0:00
342,Alabama A&M,SWAC,-15.5,93.3,357,108.8,271,73.1,56,11/8/24 0:00
343,Detroit Mercy,Horz,-15.6,97.7,316,113.3,354,69.5,307,11/8/24 0:00
344,Loyola MD,PL,-15.74,94.5,350,110.3,308,71.7,154,11/8/24 0:00
345,Holy Cross,PL,-15.98,97.5,323,113.5,355,70.2,257,11/8/24 0:00
346,New Orleans,Slnd,-16.34,97.5,321,113.8,360,71.7,153,11/8/24 0:00
347,Alcorn St.,SWAC,-16.52,97.8,308,114.3,362,69.8,290,11/8/24 0:00
348,Lindenwood,OVC,-16.59,95.2,345,111.8,337,71.4,172,11/8/24 0:00
349,USC Upstate,BSth,-16.91,95.9,340,112.8,349,71.6,160,11/8/24 0:00
350,Mercyhurst,NEC,-17.16,96,337,113.2,352,69.5,308,11/8/24 0:00
351,Saint Francis,NEC,-17.23,95.1,346,112.4,346,70.8,218,11/8/24 0:00
352,Prairie View A&M,SWAC,-17.5,93.9,353,111.4,332,74.4,17,11/8/24 0:00
353,Fairleigh Dickinson,NEC,-18.15,96.5,333,114.6,363,74.3,18,11/8/24 0:00
354,LIU,NEC,-18.2,93.8,355,112,340,73.9,31,11/8/24 0:00
355,Florida A&M,SWAC,-18.97,92.4,362,111.4,328,72,129,11/8/24 0:00
356,Houston Christian,Slnd,-19.08,94.6,348,113.7,359,72.6,86,11/8/24 0:00
357,Texas A&M Commerce,Slnd,-19.16,92.5,361,111.6,335,72.6,87,11/8/24 0:00
358,Arkansas Pine Bluff,SWAC,-19.45,94.5,351,114,361,74,29,11/8/24 0:00
359,Stonehill,NEC,-19.78,92.5,360,112.3,345,71,201,11/8/24 0:00
360,VMI,SC,-20.32,93,358,113.3,353,75.2,6,11/8/24 0:00
,,« Ratings on 2024-11-08 »,Current Ratings,Rk,EM,AdjT,,,,11/8/24 0:00
Rk,Team,Conf,AdjEM,AdjO,AdjD,AdjT,Rk,AdjEM,AdjO,11/8/24 0:00
361,Maryland Eastern Shore,MEAC,-20.93,92.6,359,113.6,356,71.1,197,11/8/24 0:00
362,IU Indy,Horz,-21.83,93.6,356,115.4,364,71.3,181,11/8/24 0:00
363,Coppin St.,MEAC,-22.18,88.2,363,110.4,312,70.1,264,11/8/24 0:00
364,Mississippi Valley St.,SWAC,-26.33,87.3,364,113.6,358,70.1,269,11/8/24 0:00
1,Houston,B12,30.24,119.5,6,89.2,1,67.9,352,11/9/24 0:00
2,Auburn,SEC,28.91,120,4,91.1,2,73.1,62,11/9/24 0:00
3,Gonzaga,WCC,27.81,123.7,1,95.9,28,72.8,79,11/9/24 0:00
4,Duke,ACC,27.77,120,3,92.3,4,71.4,180,11/9/24 0:00
5,Connecticut,BE,25.7,118.8,8,93.1,6,69.6,301,11/9/24 0:00
6,Alabama,SEC,25.26,120.7,2,95.4,22,76.4,2,11/9/24 0:00
7,Kansas,B12,24.36,119.6,5,95.3,19,72.6,90,11/9/24 0:00
8,Iowa St.,B12,24.3,115.4,29,91.1,3,71.1,189,11/9/24 0:00
9,Arizona,B12,23.87,118.2,11,94.3,9,74.2,23,11/9/24 0:00
10,Purdue,B10,22.95,118.8,9,95.8,26,69.3,312,11/9/24 0:00
11,Texas Tech,B12,21.78,116.5,17,94.8,14,68.4,341,11/9/24 0:00
12,Cincinnati,B12,21.41,116.4,18,95,15,70.2,262,11/9/24 0:00
13,Marquette,BE,21.34,116.6,16,95.3,18,72.5,92,11/9/24 0:00
14,Tennessee,SEC,21.17,114.4,35,93.2,7,70.8,216,11/9/24 0:00
15,St. John's,BE,21.09,115.7,24,94.6,12,72.5,94,11/9/24 0:00
16,Creighton,BE,21.05,119.4,7,98.3,55,71.7,155,11/9/24 0:00
17,North Carolina,ACC,21.04,118.4,10,97.3,43,74.2,25,11/9/24 0:00
18,Texas A&M,SEC,20.49,115.7,26,95.2,17,69,323,11/9/24 0:00
19,Illinois,B10,19.98,117,15,97,39,73.4,51,11/9/24 0:00
20,Mississippi St.,SEC,19.77,116.1,20,96.3,30,71.1,200,11/9/24 0:00
21,Ohio St.,B10,19.57,116.2,19,96.6,38,71,201,11/9/24 0:00
22,Oregon,B10,19.56,116,21,96.5,32,70.2,263,11/9/24 0:00
23,Florida,SEC,19.51,117.4,12,97.9,53,73.4,50,11/9/24 0:00
24,Michigan,B10,19.06,115.6,27,96.5,33,72.1,124,11/9/24 0:00
25,Pittsburgh,ACC,18.82,115.9,22,97.1,41,70.5,233,11/9/24 0:00
26,Baylor,B12,18.79,117.2,13,98.4,56,69.8,286,11/9/24 0:00
27,Texas,SEC,18.68,114.6,34,96,29,70.5,235,11/9/24 0:00
28,Clemson,ACC,18.63,115.7,25,97.1,40,70.4,243,11/9/24 0:00
29,Arkansas,SEC,18.52,112.6,51,94.1,8,73.4,53,11/9/24 0:00
30,Dayton,A10,18.43,113.8,40,95.4,20,68.9,324,11/9/24 0:00
31,Maryland,B10,18.18,110.5,75,92.4,5,70,276,11/9/24 0:00
32,Boise St.,MWC,18.17,114,37,95.9,27,69.9,283,11/9/24 0:00
33,BYU,B12,18.1,115.5,28,97.4,44,71.7,151,11/9/24 0:00
34,Michigan St.,B10,18.1,112.5,53,94.4,10,70.3,257,11/9/24 0:00
35,UCLA,B10,17.76,112.9,47,95.1,16,67.9,351,11/9/24 0:00
36,VCU,A10,17.54,113,46,95.4,21,70.5,234,11/9/24 0:00
37,Kentucky,SEC,17.42,115.8,23,98.4,57,72.9,74,11/9/24 0:00
38,Northwestern,B10,16.78,112.6,52,95.8,25,68.6,336,11/9/24 0:00
39,Oklahoma,SEC,16.55,112.3,54,95.8,24,70.7,220,11/9/24 0:00
40,Memphis,Amer,16.2,113.6,41,97.4,45,74.4,18,11/9/24 0:00
,,« Ratings on 2024-11-09 »,Current Ratings,Rk,EM,AdjT,,,,11/9/24 0:00
Rk,Team,Conf,AdjEM,AdjO,AdjD,AdjT,Rk,AdjEM,AdjO,11/9/24 0:00
41,Iowa,B10,16.06,117.1,14,101,90,74,29,11/9/24 0:00
42,Saint Mary's,WCC,16.05,115.3,30,99.2,72,67.1,358,11/9/24 0:00
43,Penn St.,B10,15.89,113.4,45,97.5,47,73.5,43,11/9/24 0:00
44,LSU,SEC,15.53,114.3,36,98.7,61,72.5,100,11/9/24 0:00
45,Indiana,B10,15.5,112.1,59,96.6,36,72.1,121,11/9/24 0:00
46,Miami FL,ACC,15.04,114.9,33,99.9,77,71.9,140,11/9/24 0:00
47,Kansas St.,B12,14.88,110.6,74,95.7,23,70.9,214,11/9/24 0:00
48,Wisconsin,B10,14.81,114,39,99.2,71,68.2,345,11/9/24 0:00
49,Villanova,BE,14.77,115.1,31,100.4,81,67.6,356,11/9/24 0:00
50,TCU,B12,14.47,112.1,61,97.6,48,70.9,208,11/9/24 0:00
51,Louisville,ACC,14.38,112,63,97.6,49,74.3,22,11/9/24 0:00
52,Minnesota,B10,14.24,112.1,58,97.9,52,69.5,306,11/9/24 0:00
53,Xavier,BE,14.19,115.1,32,100.9,87,72.3,108,11/9/24 0:00
54,San Diego St.,MWC,13.92,108.6,100,94.6,13,69.4,307,11/9/24 0:00
55,Missouri,SEC,13.74,112.8,48,99.1,69,70.5,237,11/9/24 0:00
56,USC,B10,13.72,112.2,56,98.5,58,71.9,139,11/9/24 0:00
57,Nebraska,B10,13.62,111.1,72,97.5,46,72.9,70,11/9/24 0:00
58,New Mexico,MWC,13.26,109.7,84,96.4,31,77.1,1,11/9/24 0:00
59,N.C. State,ACC,13.17,113.5,44,100.3,80,71.6,160,11/9/24 0:00
60,Rutgers,B10,13.09,107.6,118,94.5,11,71.4,179,11/9/24 0:00
61,Utah St.,MWC,13.05,112.2,57,99.1,68,71.8,147,11/9/24 0:00
62,SMU,ACC,13.04,114,38,101,89,72.9,75,11/9/24 0:00
63,Mississippi,SEC,12.81,113.6,42,100.8,85,70.6,230,11/9/24 0:00
64,Wake Forest,ACC,12.78,109.4,89,96.6,37,73.2,56,11/9/24 0:00
65,UCF,B12,12.68,109.2,92,96.5,34,70.7,219,11/9/24 0:00
66,Grand Canyon,WAC,12.55,113.5,43,101,88,72,133,11/9/24 0:00
67,Nevada,MWC,12.35,112.8,50,100.5,82,70.7,222,11/9/24 0:00
68,Utah,B12,12.35,111.3,69,98.9,64,72.1,120,11/9/24 0:00
69,Notre Dame,ACC,11.97,110.8,73,98.9,62,68.5,338,11/9/24 0:00
70,Georgia Tech,ACC,11.44,111.4,68,99.9,78,71.3,184,11/9/24 0:00
71,Providence,BE,10.96,108.6,99,97.7,50,69.8,292,11/9/24 0:00
72,North Texas,Amer,10.89,109.9,82,99,65,66.6,361,11/9/24 0:00
73,Arizona St.,B12,10.84,107.4,123,96.5,35,71.6,159,11/9/24 0:00
74,West Virginia,B12,10.37,109.8,83,99.4,73,71.1,197,11/9/24 0:00
75,Colorado St.,MWC,10.28,108.8,98,98.5,59,71.2,187,11/9/24 0:00
76,Washington,B10,9.97,108.2,106,98.2,54,73.9,31,11/9/24 0:00
77,Stanford,ACC,9.92,111.2,70,101.3,93,68.8,330,11/9/24 0:00
78,South Carolina,SEC,9.87,109,95,99.1,70,68.5,337,11/9/24 0:00
79,Georgia,SEC,9.41,110,81,100.6,83,72,131,11/9/24 0:00
80,UC Irvine,BW,9.36,106.6,135,97.3,42,71.6,157,11/9/24 0:00
,,« Ratings on 2024-11-09 »,Current Ratings,Rk,EM,AdjT,,,,11/9/24 0:00
Rk,Team,Conf,AdjEM,AdjO,AdjD,AdjT,Rk,AdjEM,AdjO,11/9/24 0:00
81,Vanderbilt,SEC,9.31,111.9,64,102.5,109,72.5,93,11/9/24 0:00
82,Florida St.,ACC,9.28,108.4,103,99.1,67,74.4,15,11/9/24 0:00
83,Florida Atlantic,Amer,9.1,110.3,79,101.2,92,73.2,58,11/9/24 0:00
84,Princeton,Ivy,9.05,111.8,65,102.8,115,70.2,265,11/9/24 0:00
85,Colorado,B12,8.9,107.6,117,98.7,60,70.3,256,11/9/24 0:00
86,Syracuse,ACC,8.78,112.1,60,103.3,128,74.1,27,11/9/24 0:00
87,Virginia,ACC,8.42,107.3,125,98.9,63,65.6,364,11/9/24 0:00
88,Loyola Chicago,A10,8.4,108.1,108,99.7,75,72.3,110,11/9/24 0:00
89,UNLV,MWC,8.28,111.8,67,103.5,133,70.3,252,11/9/24 0:00
90,Oklahoma St.,B12,8.28,107.4,124,99.1,66,74.7,12,11/9/24 0:00
91,Santa Clara,WCC,8.22,111.8,66,103.6,135,72,130,11/9/24 0:00
92,Georgetown,BE,8.07,112.8,49,104.8,160,70.7,218,11/9/24 0:00
93,UAB,Amer,8,112.2,55,104.2,145,72.2,118,11/9/24 0:00
94,Virginia Tech,ACC,7.78,110.3,78,102.5,110,70.9,211,11/9/24 0:00
95,Wichita St.,Amer,7.77,109.2,91,101.4,95,73.8,34,11/9/24 0:00
96,San Francisco,WCC,7.73,109.5,87,101.8,98,73.1,60,11/9/24 0:00
97,Seton Hall,BE,7.58,105.5,153,97.9,51,69.7,296,11/9/24 0:00
98,Liberty,CUSA,7.54,109,93,101.5,96,68.4,342,11/9/24 0:00
99,George Mason,A10,7.3,107.1,130,99.8,76,69.2,320,11/9/24 0:00
100,Vermont,AE,7.14,106.6,134,99.5,74,67.1,357,11/9/24 0:00
101,Bradley,MVC,6.91,109.5,86,102.6,111,69.9,285,11/9/24 0:00
102,High Point,BSth,6.78,112,62,105.3,168,72.1,127,11/9/24 0:00
103,Washington St.,WCC,6.72,110.5,76,103.8,138,73.4,48,11/9/24 0:00
104,Oregon St.,WCC,6.49,106.6,137,100.1,79,68.5,340,11/9/24 0:00
105,Butler,BE,6.3,108.5,101,102.2,104,70.5,241,11/9/24 0:00
106,Northern Iowa,MVC,5.94,108.3,104,102.3,108,70,274,11/9/24 0:00
107,Rhode Island,A10,5.81,109.6,85,103.7,137,72.5,91,11/9/24 0:00
108,Louisiana Tech,CUSA,5.61,106.8,132,101.2,91,70.1,270,11/9/24 0:00
109,Massachusetts,A10,5.51,107.5,120,102,100,73.4,49,11/9/24 0:00
110,Arkansas St.,SB,5.38,108.1,109,102.7,112,73.6,38,11/9/24 0:00
111,Charleston,CAA,5.23,108.4,102,103.2,123,73.4,47,11/9/24 0:00
112,Saint Joseph's,A10,5.18,107.5,121,102.3,107,72.2,115,11/9/24 0:00
113,Yale,Ivy,4.9,107.7,114,102.8,113,71.1,192,11/9/24 0:00
114,Saint Louis,A10,4.83,110.5,77,105.6,178,73.2,57,11/9/24 0:00
115,Wofford,SC,4.52,111.1,71,106.6,205,69.9,280,11/9/24 0:00
116,Temple,Amer,4.3,108.9,96,104.6,156,71.4,174,11/9/24 0:00
117,St. Bonaventure,A10,4.25,104.9,166,100.7,84,70.1,268,11/9/24 0:00
118,McNeese,Slnd,4.22,107.8,112,103.5,134,71.5,171,11/9/24 0:00
119,Towson,CAA,4.17,107.4,122,103.3,126,68.1,346,11/9/24 0:00
120,UC San Diego,BW,4.07,107.1,128,103,121,69.7,294,11/9/24 0:00
,,« Ratings on 2024-11-09 »,Current Ratings,Rk,EM,AdjT,,,,11/9/24 0:00
Rk,Team,Conf,AdjEM,AdjO,AdjD,AdjT,Rk,AdjEM,AdjO,11/9/24 0:00
121,Troy,SB,4.04,104.9,167,100.8,86,72.6,88,11/9/24 0:00
122,Murray St.,MVC,4.04,107.7,113,103.7,136,69.8,288,11/9/24 0:00
123,South Florida,Amer,3.96,106.1,141,102.2,103,73.5,41,11/9/24 0:00
124,Davidson,A10,3.56,108.1,107,104.6,153,70.8,217,11/9/24 0:00
125,UMass Lowell,AE,3.54,108.8,97,105.3,169,73,67,11/9/24 0:00
126,East Carolina,Amer,3.53,107.6,119,104,143,69.9,284,11/9/24 0:00
127,Lipscomb,ASun,3.23,107.2,127,104,140,72.7,84,11/9/24 0:00
128,Sam Houston St.,CUSA,3.16,107.8,111,104.6,154,70.9,215,11/9/24 0:00
129,Kent St.,MAC,3.12,106.2,139,103.1,122,69.9,279,11/9/24 0:00
130,Akron,MAC,3.03,104.5,173,101.5,97,70.4,246,11/9/24 0:00
131,Charlotte,Amer,2.9,109.5,88,106.6,204,66.9,360,11/9/24 0:00
132,Drake,MVC,2.73,105.6,152,102.9,118,71.5,166,11/9/24 0:00
133,California,ACC,2.67,106.7,133,104,142,73,65,11/9/24 0:00
134,Purdue Fort Wayne,Horz,2.45,105.9,145,103.5,132,73.1,63,11/9/24 0:00
135,Ohio,MAC,2.26,110,80,107.7,245,71.7,149,11/9/24 0:00
136,Richmond,A10,2.01,104.9,165,102.9,117,70.7,224,11/9/24 0:00
137,George Washington,A10,1.99,107,131,105,164,71.6,156,11/9/24 0:00
138,Western Kentucky,CUSA,1.72,105.1,161,103.4,129,75.4,7,11/9/24 0:00
139,UC Riverside,BW,1.55,107.7,115,106.1,185,71.4,172,11/9/24 0:00
140,Seattle,WAC,1.47,105.3,155,103.9,139,71.1,193,11/9/24 0:00
141,Texas St.,SB,1.39,103.4,199,102,101,68.8,329,11/9/24 0:00
142,Boston College,ACC,1.29,104.7,172,103.4,130,70.6,229,11/9/24 0:00
143,James Madison,SB,1.12,105.8,148,104.7,158,69.7,295,11/9/24 0:00
144,UC Santa Barbara,BW,0.91,106.2,140,105.2,167,70.4,248,11/9/24 0:00
145,Tulsa,Amer,0.85,105.2,159,104.4,150,72.9,71,11/9/24 0:00
146,Samford,SC,0.76,107.6,116,106.8,215,75.9,3,11/9/24 0:00
147,La Salle,A10,0.64,103.9,186,103.2,125,69.3,308,11/9/24 0:00
148,Cal Baptist,WAC,0.61,107.1,129,106.5,199,68.3,344,11/9/24 0:00
149,Loyola Marymount,WCC,0.6,106,143,105.4,173,69.2,316,11/9/24 0:00
150,Duquesne,A10,0.59,102.8,210,102.3,106,71.8,142,11/9/24 0:00
151,Utah Valley,WAC,0.57,102.8,214,102.2,105,71.3,182,11/9/24 0:00
152,UNC Wilmington,CAA,0.42,106.6,138,106.2,188,71,205,11/9/24 0:00
153,Stephen F. Austin,Slnd,0.39,103.2,204,102.8,114,72.7,80,11/9/24 0:00
154,Chattanooga,SC,0.35,109,94,108.6,261,69.8,290,11/9/24 0:00
155,Hofstra,CAA,0.25,105.3,157,105,166,70.9,212,11/9/24 0:00
156,Appalachian St.,SB,0.22,103.2,203,103,120,70.6,231,11/9/24 0:00
157,Furman,SC,0.2,105.7,151,105.5,174,71.1,195,11/9/24 0:00
158,Columbia,Ivy,0.13,109.3,90,109.1,271,72.7,85,11/9/24 0:00
159,Southern Illinois,MVC,0.11,104.4,177,104.3,148,73.8,33,11/9/24 0:00
160,New Mexico St.,CUSA,0.1,103,209,102.9,119,70.4,247,11/9/24 0:00
,,« Ratings on 2024-11-09 »,Current Ratings,Rk,EM,AdjT,,,,11/9/24 0:00
Rk,Team,Conf,AdjEM,AdjO,AdjD,AdjT,Rk,AdjEM,AdjO,11/9/24 0:00
161,UC Davis,BW,0,102,241,102,99,73.5,42,11/9/24 0:00
162,Marshall,SB,-0.05,104.8,169,104.8,162,72.3,107,11/9/24 0:00
163,UT Arlington,WAC,-0.3,105.4,154,105.7,180,73.6,35,11/9/24 0:00
164,Cornell,Ivy,-0.34,107.3,126,107.6,240,73.9,30,11/9/24 0:00
165,Miami OH,MAC,-0.35,103.9,185,104.2,146,71.4,175,11/9/24 0:00
166,Abilene Christian,WAC,-0.38,103.9,184,104.3,147,72.4,104,11/9/24 0:00
167,Winthrop,BSth,-0.49,106,144,106.5,198,71.3,185,11/9/24 0:00
168,North Alabama,ASun,-0.51,106,142,106.5,200,71,204,11/9/24 0:00
169,Louisiana,SB,-0.53,103.5,196,104,141,71.5,165,11/9/24 0:00
170,DePaul,BE,-0.55,104.8,171,105.3,170,70.6,227,11/9/24 0:00
171,UNC Greensboro,SC,-0.78,105.2,158,106,183,68.7,332,11/9/24 0:00
172,UTEP,CUSA,-0.9,102.3,231,103.2,124,72.4,101,11/9/24 0:00
173,Northern Colorado,BSky,-0.96,105.8,147,106.8,214,72.5,98,11/9/24 0:00
174,South Dakota St.,Sum,-1,105.7,150,106.7,211,71.5,169,11/9/24 0:00
175,Northern Kentucky,Horz,-1.05,100.3,272,101.3,94,70,277,11/9/24 0:00
176,North Florida,ASun,-1.21,105.8,149,107,221,71.9,137,11/9/24 0:00
177,Belmont,MVC,-1.45,104.8,168,106.3,190,72.9,72,11/9/24 0:00
178,Bryant,AE,-1.5,102.8,212,104.3,149,75.8,4,11/9/24 0:00
179,St. Thomas,Sum,-1.68,107.8,110,109.4,283,69.2,317,11/9/24 0:00
180,Toledo,MAC,-1.71,108.2,105,109.9,295,72.7,82,11/9/24 0:00
181,East Tennessee St.,SC,-1.74,105.2,160,106.9,220,69.8,293,11/9/24 0:00
182,Tulane,Amer,-1.75,104.1,181,105.8,181,74.3,20,11/9/24 0:00
183,Fordham,A10,-1.81,102.3,230,104.1,144,72.5,97,11/9/24 0:00
184,Georgia Southern,SB,-1.82,103.7,190,105.5,176,73.5,40,11/9/24 0:00
185,Illinois Chicago,MVC,-1.84,104.5,176,106.3,192,71.4,181,11/9/24 0:00
186,Middle Tennessee,CUSA,-2.08,100.8,262,102.9,116,70.3,254,11/9/24 0:00
187,Jacksonville,ASun,-2.13,102.5,221,104.7,159,68,348,11/9/24 0:00
188,Montana St.,BSky,-2.43,104.1,180,106.6,203,71.4,178,11/9/24 0:00
189,Youngstown St.,Horz,-2.45,103.7,191,106.1,184,71.8,145,11/9/24 0:00
190,Milwaukee,Horz,-2.59,106.6,136,109.2,276,72.1,125,11/9/24 0:00
191,Northeastern,CAA,-2.75,104.5,174,107.3,231,69.7,298,11/9/24 0:00
192,Longwood,BSth,-2.75,103.5,197,106.2,189,70.4,244,11/9/24 0:00
193,Nicholls,Slnd,-2.83,102.7,216,105.6,177,71,202,11/9/24 0:00
194,Southern Utah,WAC,-2.85,103.5,195,106.4,195,72.5,96,11/9/24 0:00
195,Montana,BSky,-2.87,105,163,107.8,247,69.2,321,11/9/24 0:00
196,Hawaii,BW,-3.09,101.5,250,104.6,155,70,273,11/9/24 0:00
197,Indiana St.,MVC,-3.22,104,183,107.2,230,74.6,13,11/9/24 0:00
198,Missouri St.,MVC,-3.23,100.2,274,103.5,131,69.9,281,11/9/24 0:00
199,Iona,MAAC,-3.32,105.9,146,109.2,274,71.6,161,11/9/24 0:00
200,Kansas City,Sum,-3.33,103.6,194,106.9,218,70.6,228,11/9/24 0:00
,,« Ratings on 2024-11-09 »,Current Ratings,Rk,EM,AdjT,,,,11/9/24 0:00
Rk,Team,Conf,AdjEM,AdjO,AdjD,AdjT,Rk,AdjEM,AdjO,11/9/24 0:00
201,Oakland,Horz,-3.62,103.3,202,106.9,217,70.1,272,11/9/24 0:00
202,Georgia St.,SB,-3.69,103.6,192,107.3,233,71.5,163,11/9/24 0:00
203,Illinois St.,MVC,-3.71,101.6,248,105.3,171,69.3,313,11/9/24 0:00
204,Bucknell,PL,-3.72,101.3,253,105,163,69.9,282,11/9/24 0:00
205,Southern Miss,SB,-3.83,101.8,245,105.7,179,73,64,11/9/24 0:00
206,Pepperdine,WCC,-3.85,102.7,218,106.5,201,70.7,223,11/9/24 0:00
207,Cleveland St.,Horz,-3.86,102.8,215,106.6,207,71.5,167,11/9/24 0:00
208,Mercer,SC,-4.03,103.2,205,107.2,229,74.1,28,11/9/24 0:00
209,Saint Peter's,MAAC,-4.13,97.9,313,102.1,102,67.8,353,11/9/24 0:00
210,Harvard,Ivy,-4.26,103.7,189,108,251,71.2,188,11/9/24 0:00
211,Weber St.,BSky,-4.27,102.1,237,106.3,194,69.2,318,11/9/24 0:00
212,Evansville,MVC,-4.3,102.4,225,106.7,212,71.5,162,11/9/24 0:00
213,UNC Asheville,BSth,-4.3,105.3,156,109.6,287,71.4,177,11/9/24 0:00
214,Wyoming,MWC,-4.4,101.9,242,106.3,193,68.6,335,11/9/24 0:00
215,Portland St.,BSky,-4.49,102.4,228,106.9,216,74.4,17,11/9/24 0:00
216,Grambling St.,SWAC,-4.52,100,279,104.5,152,70.1,266,11/9/24 0:00
217,Texas A&M Corpus Chris,Slnd,-4.52,102.8,213,107.3,235,72.7,81,11/9/24 0:00
218,Colgate,PL,-4.54,102.5,220,107.1,223,70.9,210,11/9/24 0:00
219,CSUN,BW,-4.57,100.2,273,104.8,161,75.6,6,11/9/24 0:00
220,Florida Gulf Coast,ASun,-4.62,101.5,249,106.2,186,68.1,347,11/9/24 0:00
221,Drexel,CAA,-4.72,102.2,234,106.9,219,68.9,327,11/9/24 0:00
222,Kennesaw St.,CUSA,-4.78,103.8,187,108.6,260,75.7,5,11/9/24 0:00
223,Wright St.,Horz,-4.83,104.9,164,109.8,293,72.7,83,11/9/24 0:00
224,Howard,MEAC,-4.84,102.5,223,107.3,232,71.3,186,11/9/24 0:00
225,Central Connecticut,NEC,-4.9,99.6,284,104.5,151,68.8,328,11/9/24 0:00
226,South Alabama,SB,-4.95,102.5,222,107.4,236,69.7,297,11/9/24 0:00
227,UTSA,Amer,-4.99,103.8,188,108.8,263,73.4,44,11/9/24 0:00
228,Austin Peay,ASun,-5.19,102.7,217,107.9,248,68.9,325,11/9/24 0:00
229,Merrimack,MAAC,-5.22,98,309,103.3,127,70.4,250,11/9/24 0:00
230,Rice,Amer,-5.23,102.3,233,107.5,238,72.1,126,11/9/24 0:00
231,Norfolk St.,MEAC,-5.28,102.5,219,107.8,246,70.2,260,11/9/24 0:00
232,Jacksonville St.,CUSA,-5.29,101.9,244,107.2,228,69.3,310,11/9/24 0:00
233,Tarleton St.,WAC,-5.51,102.2,235,107.7,244,70.7,221,11/9/24 0:00
234,Navy,PL,-5.54,100.6,264,106.2,187,70.2,259,11/9/24 0:00
235,Quinnipiac,MAAC,-5.57,101.2,257,106.8,213,73.4,45,11/9/24 0:00
236,Penn,Ivy,-5.59,105,162,110.6,313,69.5,304,11/9/24 0:00
237,Gardner Webb,BSth,-5.72,102.3,232,108,252,71.5,168,11/9/24 0:00
238,Little Rock,OVC,-5.9,103.1,207,109,267,72.3,111,11/9/24 0:00
239,Lafayette,PL,-5.97,99.1,293,105,165,70.2,261,11/9/24 0:00
240,Long Beach St.,BW,-6.02,103.3,200,109.4,280,72,135,11/9/24 0:00
,,« Ratings on 2024-11-09 »,Current Ratings,Rk,EM,AdjT,,,,11/9/24 0:00
Rk,Team,Conf,AdjEM,AdjO,AdjD,AdjT,Rk,AdjEM,AdjO,11/9/24 0:00
241,Ball St.,MAC,-6.16,101.7,246,107.9,249,70.2,258,11/9/24 0:00
242,Pacific,WCC,-6.47,102.1,236,108.6,257,72.3,106,11/9/24 0:00
243,Brown,Ivy,-6.56,102.4,227,109,266,70.2,264,11/9/24 0:00
244,American,PL,-6.58,102.5,224,109,268,66.5,362,11/9/24 0:00
245,South Dakota,Sum,-6.69,104.4,178,111.1,323,74.9,11,11/9/24 0:00
246,Eastern Kentucky,ASun,-6.76,104.8,170,111.6,328,72,134,11/9/24 0:00
247,North Dakota St.,Sum,-6.91,104,182,110.9,321,69.3,314,11/9/24 0:00
248,Northern Arizona,BSky,-6.97,103.1,208,110.1,297,71.1,190,11/9/24 0:00
249,Central Michigan,MAC,-7.03,100,275,107.1,222,69.8,287,11/9/24 0:00
250,Valparaiso,MVC,-7.03,102.4,229,109.4,281,71.3,183,11/9/24 0:00
251,Radford,BSth,-7.1,103.3,201,110.4,303,68.9,326,11/9/24 0:00
252,William & Mary,CAA,-7.13,103.1,206,110.3,300,72.8,78,11/9/24 0:00
253,Albany,AE,-7.14,100,276,107.2,226,73.3,54,11/9/24 0:00
254,Eastern Washington,BSky,-7.14,104.1,179,111.3,325,73.4,46,11/9/24 0:00
255,Texas Southern,SWAC,-7.18,97.5,324,104.7,157,72.1,122,11/9/24 0:00
256,Air Force,MWC,-7.2,103.4,198,110.6,314,65.9,363,11/9/24 0:00
257,San Jose St.,MWC,-7.23,99.2,291,106.4,196,68.8,331,11/9/24 0:00
258,Oral Roberts,Sum,-7.27,102.8,211,110.1,299,70.5,240,11/9/24 0:00
259,Maine,AE,-7.38,99.1,294,106.4,197,70.5,242,11/9/24 0:00
260,Marist,MAAC,-7.52,99.2,289,106.7,210,68.5,339,11/9/24 0:00
261,Rider,MAAC,-7.64,100.3,270,108,250,70.5,236,11/9/24 0:00
262,Southern,SWAC,-7.64,97.7,320,105.3,172,71.7,154,11/9/24 0:00
263,Fresno St.,MWC,-7.65,97.8,314,105.5,175,74.2,24,11/9/24 0:00
264,San Diego,WCC,-7.66,98.6,301,106.3,191,71.8,146,11/9/24 0:00
265,Idaho St.,BSky,-7.69,98.9,298,106.6,206,67.7,355,11/9/24 0:00
266,Monmouth,CAA,-7.77,101.9,243,109.7,291,72.5,95,11/9/24 0:00
267,Presbyterian,BSth,-7.83,104.5,175,112.3,344,69,322,11/9/24 0:00
268,North Dakota,Sum,-7.88,101.3,255,109.2,272,71.5,164,11/9/24 0:00
269,Old Dominion,SB,-8,100.6,266,108.6,258,72.2,113,11/9/24 0:00
270,Cal St. Fullerton,BW,-8.02,98.5,302,106.5,202,70.3,253,11/9/24 0:00
271,Portland,WCC,-8.07,103.6,193,111.7,334,72,128,11/9/24 0:00
272,Bowling Green,MAC,-8.13,102.4,226,110.5,309,73,69,11/9/24 0:00
273,Stony Brook,CAA,-8.22,101.5,251,109.7,292,70.3,255,11/9/24 0:00
274,Queens,ASun,-8.25,98.4,304,106.7,209,75.2,8,11/9/24 0:00
275,Elon,CAA,-8.3,101,260,109.3,277,71,203,11/9/24 0:00
276,Alabama St.,SWAC,-8.52,100.6,265,109.1,270,71.1,198,11/9/24 0:00
277,Delaware,CAA,-8.57,100.7,263,109.3,278,73.5,39,11/9/24 0:00
278,FIU,CUSA,-8.57,98.9,297,107.5,239,73.6,37,11/9/24 0:00
279,Lamar,Slnd,-8.6,101,259,109.6,288,71.6,158,11/9/24 0:00
280,Wagner,NEC,-8.63,97.3,327,106,182,67,359,11/9/24 0:00
,,« Ratings on 2024-11-09 »,Current Ratings,Rk,EM,AdjT,,,,11/9/24 0:00
Rk,Team,Conf,AdjEM,AdjO,AdjD,AdjT,Rk,AdjEM,AdjO,11/9/24 0:00
281,Lehigh,PL,-8.66,100,277,108.7,262,72.7,86,11/9/24 0:00
282,North Carolina A&T,CAA,-8.69,99.7,282,108.4,255,73.1,61,11/9/24 0:00
283,Army,PL,-8.71,100.4,268,109.2,273,68,349,11/9/24 0:00
284,Tennessee St.,OVC,-8.72,98.9,299,107.6,241,72.5,99,11/9/24 0:00
285,Idaho,BSky,-8.88,100.6,267,109.5,284,69.6,300,11/9/24 0:00
286,Mount St. Mary's,MAAC,-8.88,98.3,306,107.1,225,71.8,143,11/9/24 0:00
287,North Carolina Central,MEAC,-8.97,100.9,261,109.9,294,70.9,213,11/9/24 0:00
288,Charleston Southern,BSth,-8.98,101.6,247,110.6,312,71.8,148,11/9/24 0:00
289,South Carolina St.,MEAC,-8.99,100,278,109,265,73,66,11/9/24 0:00
290,Utah Tech,WAC,-9.05,100.4,269,109.5,285,73.4,52,11/9/24 0:00
291,UT Rio Grande Valley,Slnd,-9.09,101.2,256,110.3,301,73.6,36,11/9/24 0:00
292,Western Illinois,OVC,-9.2,98.4,303,107.6,242,68,350,11/9/24 0:00
293,Boston University,PL,-9.25,101.4,252,110.7,316,67.8,354,11/9/24 0:00
294,Western Carolina,SC,-9.26,97.4,325,106.7,208,72.2,117,11/9/24 0:00
295,Southeastern Louisiana,Slnd,-9.45,99.7,281,109.2,275,70.5,239,11/9/24 0:00
296,Morehead St.,OVC,-9.53,97.8,317,107.3,234,69.3,311,11/9/24 0:00
297,Fairfield,MAAC,-9.6,98.9,296,108.5,256,72.6,89,11/9/24 0:00
298,Cal St. Bakersfield,BW,-9.64,98,310,107.6,243,69.2,319,11/9/24 0:00
299,Coastal Carolina,SB,-9.87,97.6,322,107.5,237,69.9,278,11/9/24 0:00
300,Campbell,CAA,-10.02,99.9,280,109.9,296,68.6,334,11/9/24 0:00
301,Bellarmine,ASun,-10.14,102,238,112.2,340,68.3,343,11/9/24 0:00
302,UMBC,AE,-10.16,102,239,112.2,339,75.1,10,11/9/24 0:00
303,Robert Morris,Horz,-10.37,99.2,288,109.6,286,71.4,176,11/9/24 0:00
304,Sacramento St.,BSky,-10.6,96.5,337,107.1,224,69.3,315,11/9/24 0:00
305,Siena,MAAC,-11.12,96.1,341,107.2,227,69.5,305,11/9/24 0:00
306,Stetson,ASun,-11.17,101.1,258,112.3,342,70.1,269,11/9/24 0:00
307,Bethune Cookman,SWAC,-11.27,99.7,283,110.9,320,72.4,103,11/9/24 0:00
308,Nebraska Omaha,Sum,-11.33,100.3,271,111.6,331,71.4,173,11/9/24 0:00
309,Canisius,MAAC,-11.42,99.1,292,110.5,308,71.9,136,11/9/24 0:00
310,Western Michigan,MAC,-11.5,99,295,110.5,310,70,275,11/9/24 0:00
311,Incarnate Word,Slnd,-11.58,101.3,254,112.9,348,72.3,109,11/9/24 0:00
312,Eastern Michigan,MAC,-11.61,96.6,336,108.2,253,69.3,309,11/9/24 0:00
313,Dartmouth,Ivy,-12.21,96.2,340,108.4,254,69.8,289,11/9/24 0:00
314,Green Bay,Horz,-12.36,102,240,114.3,360,70.9,209,11/9/24 0:00
315,Northwestern St.,Slnd,-12.36,99.2,287,111.6,329,71.1,191,11/9/24 0:00
316,Southern Indiana,OVC,-12.66,97.8,316,110.5,306,70.4,249,11/9/24 0:00
317,Manhattan,MAAC,-12.73,96.6,335,109.3,279,71.7,153,11/9/24 0:00
318,Louisiana Monroe,SB,-12.76,96.9,331,109.6,289,70.9,206,11/9/24 0:00
319,SIUE,OVC,-12.82,97.6,323,110.4,302,70.6,225,11/9/24 0:00
320,Tennessee Martin,OVC,-12.83,96,342,108.8,264,74.5,14,11/9/24 0:00
,,« Ratings on 2024-11-09 »,Current Ratings,Rk,EM,AdjT,,,,11/9/24 0:00
Rk,Team,Conf,AdjEM,AdjO,AdjD,AdjT,Rk,AdjEM,AdjO,11/9/24 0:00
321,Denver,Sum,-12.84,99.4,285,112.2,341,72.7,87,11/9/24 0:00
322,Tennessee Tech,OVC,-12.86,97.6,321,110.5,305,70.5,232,11/9/24 0:00
323,Binghamton,AE,-12.9,99.2,290,112.1,337,70.5,238,11/9/24 0:00
324,Northern Illinois,MAC,-13.02,97.8,318,110.8,318,71.9,141,11/9/24 0:00
325,Chicago St.,NEC,-13.27,96.8,332,110.1,298,70.9,207,11/9/24 0:00
326,Hampton,CAA,-13.68,97.4,326,111,322,72.2,119,11/9/24 0:00
327,Niagara,MAAC,-13.69,97.8,315,111.5,327,70.4,245,11/9/24 0:00
328,Morgan St.,MEAC,-13.9,98.2,307,112.1,338,73.3,55,11/9/24 0:00
329,Jackson St.,SWAC,-13.97,95.7,346,109.7,290,72,129,11/9/24 0:00
330,New Hampshire,AE,-14.04,97.1,329,111.1,324,74.3,21,11/9/24 0:00
331,Cal Poly,BW,-14.14,95.3,349,109.4,282,72.8,77,11/9/24 0:00
332,Sacred Heart,MAAC,-14.3,97.2,328,111.5,326,73,68,11/9/24 0:00
333,West Georgia,ASun,-14.32,98,311,112.3,343,72.2,114,11/9/24 0:00
334,Delaware St.,MEAC,-14.45,94.2,354,108.6,259,72,132,11/9/24 0:00
335,Buffalo,MAC,-14.52,99.2,286,113.8,353,72.4,102,11/9/24 0:00
336,Eastern Illinois,OVC,-14.73,95.7,345,110.5,304,72.2,112,11/9/24 0:00
337,Le Moyne,NEC,-14.76,98.4,305,113.1,349,72.1,123,11/9/24 0:00
338,Southeast Missouri,OVC,-14.84,95.9,344,110.7,317,72.8,76,11/9/24 0:00
339,The Citadel,SC,-14.97,95.9,343,110.9,319,69.7,299,11/9/24 0:00
340,Central Arkansas,ASun,-15.31,96.3,339,111.6,330,72.9,73,11/9/24 0:00
341,Holy Cross,PL,-15.33,98.7,300,114,357,70.6,226,11/9/24 0:00
342,Alabama A&M,SWAC,-15.5,93.6,357,109.1,269,73.1,59,11/9/24 0:00
343,Detroit Mercy,Horz,-15.6,97.9,312,113.5,352,69.5,302,11/9/24 0:00
344,Loyola MD,PL,-15.72,94.8,352,110.5,307,71.7,152,11/9/24 0:00
345,NJIT,AE,-15.78,94.8,351,110.6,315,68.6,333,11/9/24 0:00
346,New Orleans,Slnd,-16.34,97.7,319,114.1,358,71.7,150,11/9/24 0:00
347,Alcorn St.,SWAC,-16.52,98,308,114.6,362,69.8,291,11/9/24 0:00
348,Lindenwood,OVC,-16.59,95.4,348,112,336,71.5,170,11/9/24 0:00
349,USC Upstate,BSth,-16.76,97,330,113.8,355,71.9,138,11/9/24 0:00
350,Saint Francis,NEC,-16.89,95.4,347,112.3,345,71.1,194,11/9/24 0:00
351,Mercyhurst,NEC,-16.98,96.4,338,113.4,350,69.5,303,11/9/24 0:00
352,Prairie View A&M,SWAC,-17.5,94.2,355,111.7,333,74.4,16,11/9/24 0:00
353,Fairleigh Dickinson,NEC,-18.15,96.7,334,114.9,363,74.3,19,11/9/24 0:00
354,LIU,NEC,-18.39,94,356,112.4,346,73.9,32,11/9/24 0:00
355,Florida A&M,SWAC,-18.98,92.6,362,111.6,332,72.2,116,11/9/24 0:00
356,Texas A&M Commerce,Slnd,-19.24,92.7,360,112,335,72.3,105,11/9/24 0:00
357,Houston Christian,Slnd,-19.26,95.1,350,114.4,361,71.8,144,11/9/24 0:00
358,Arkansas Pine Bluff,SWAC,-19.44,94.8,353,114.2,359,74.1,26,11/9/24 0:00
359,Stonehill,NEC,-19.78,92.7,361,112.5,347,71.1,199,11/9/24 0:00
360,IU Indy,Horz,-19.95,96.7,333,116.7,364,70.4,251,11/9/24 0:00
,,« Ratings on 2024-11-09 »,Current Ratings,Rk,EM,AdjT,,,,11/9/24 0:00
Rk,Team,Conf,AdjEM,AdjO,AdjD,AdjT,Rk,AdjEM,AdjO,11/9/24 0:00
361,VMI,SC,-20.32,93.2,358,113.5,351,75.2,9,11/9/24 0:00
362,Maryland Eastern Shore,MEAC,-20.95,92.8,359,113.8,354,71.1,196,11/9/24 0:00
363,Coppin St.,MEAC,-22.18,88.4,363,110.6,311,70.1,267,11/9/24 0:00
364,Mississippi Valley St.,SWAC,-26.32,87.5,364,113.8,356,70.1,271,11/9/24 0:00
1,Auburn,SEC,29.88,121.4,2,91.5,4,71.9,136,11/10/24 0:00
2,Houston,B12,28.95,119.7,5,90.8,1,66.6,360,11/10/24 0:00
3,Gonzaga,WCC,27.95,123.5,1,95.6,25,73,65,11/10/24 0:00
4,Duke,ACC,27.77,119.8,4,92,5,71.3,180,11/10/24 0:00
5,Connecticut,BE,26.1,118.7,8,92.6,7,69.1,314,11/10/24 0:00
6,Alabama,SEC,25.28,120.5,3,95.2,22,76.4,2,11/10/24 0:00
7,Arizona,B12,24.98,118.1,11,93.1,8,74.2,20,11/10/24 0:00
8,Kansas,B12,24.37,119.4,6,95,20,72.5,91,11/10/24 0:00
9,Tennessee,SEC,24.32,115.2,29,90.9,3,69.7,284,11/10/24 0:00
10,Iowa St.,B12,24.3,115.1,30,90.8,2,71.1,191,11/10/24 0:00
11,Purdue,B10,22.95,118.6,9,95.6,26,69.2,306,11/10/24 0:00
12,Texas Tech,B12,21.94,116.5,16,94.6,13,68.4,337,11/10/24 0:00
13,Cincinnati,B12,21.36,116.1,19,94.7,16,70.2,262,11/10/24 0:00
14,Marquette,BE,21.34,116.4,18,95,19,72.5,92,11/10/24 0:00
15,St. John's,BE,21.13,115.8,22,94.7,14,73.3,53,11/10/24 0:00
16,North Carolina,ACC,21.04,118.1,10,97.1,46,74.1,23,11/10/24 0:00
17,Creighton,BE,21.03,119.1,7,98,55,71.6,154,11/10/24 0:00
18,Texas A&M,SEC,20.49,115.5,26,95,18,69,316,11/10/24 0:00
19,Illinois,B10,19.98,116.7,15,96.7,41,73.3,49,11/10/24 0:00
20,Mississippi St.,SEC,19.77,115.8,21,96.1,30,71,198,11/10/24 0:00
21,Ohio St.,B10,19.57,116,20,96.4,37,71,200,11/10/24 0:00
22,Oregon,B10,19.56,115.8,23,96.2,33,70.1,263,11/10/24 0:00
23,Baylor,B12,19.52,117.4,12,97.9,53,68.6,329,11/10/24 0:00
24,Florida,SEC,19.51,117.2,13,97.7,51,73.3,48,11/10/24 0:00
25,Michigan,B10,19.12,115.3,27,96.2,32,72.1,118,11/10/24 0:00
26,Pittsburgh,ACC,18.82,115.7,24,96.9,43,70.5,235,11/10/24 0:00
27,Texas,SEC,18.68,114.4,36,95.7,28,70.5,236,11/10/24 0:00
28,Clemson,ACC,18.63,115.5,25,96.8,42,70.4,242,11/10/24 0:00
29,Dayton,A10,18.52,113.2,44,94.7,15,69.3,298,11/10/24 0:00
30,Kentucky,SEC,18.38,116.4,17,98,54,74,27,11/10/24 0:00
31,Maryland,B10,18.18,110.3,74,92.1,6,70,274,11/10/24 0:00
32,BYU,B12,18.1,115.2,28,97.1,48,71.6,150,11/10/24 0:00
33,Michigan St.,B10,18.1,112.2,49,94.2,10,70.2,254,11/10/24 0:00
34,Arkansas,SEC,17.81,112,52,94.2,11,72.5,95,11/10/24 0:00
35,UCLA,B10,17.8,112.7,46,94.9,17,67.9,349,11/10/24 0:00
36,VCU,A10,17.36,112.6,48,95.3,23,70.6,225,11/10/24 0:00
37,Memphis,Amer,16.74,113.7,38,97,44,73.9,29,11/10/24 0:00
38,Northwestern,B10,16.71,111.9,54,95.2,21,68.9,318,11/10/24 0:00
39,Oklahoma,SEC,16.55,112,50,95.5,24,70.7,217,11/10/24 0:00
40,Iowa,B10,16.06,116.8,14,100.8,92,73.9,28,11/10/24 0:00
,,« Ratings on 2024-11-10 »,Current Ratings,Rk,EM,AdjT,,,,11/10/24 0:00
Rk,Team,Conf,AdjEM,AdjO,AdjD,AdjT,Rk,AdjEM,AdjO,11/10/24 0:00
41,Saint Mary's,WCC,16.05,115,31,99,72,67,357,11/10/24 0:00
42,Penn St.,B10,15.89,113.1,45,97.2,49,73.4,44,11/10/24 0:00
43,Boise St.,MWC,15.77,113.6,40,97.8,52,69.3,302,11/10/24 0:00
44,LSU,SEC,15.53,114,37,98.4,62,72.4,98,11/10/24 0:00
45,Indiana,B10,15.5,111.8,55,96.3,36,72.1,122,11/10/24 0:00
46,Utah St.,MWC,15.13,114.5,35,99.4,75,72.1,121,11/10/24 0:00
47,Miami FL,ACC,15.04,114.7,34,99.6,77,71.8,140,11/10/24 0:00
48,Villanova,BE,14.74,115,32,100.3,87,67.4,355,11/10/24 0:00
49,Wisconsin,B10,14.67,113.6,41,98.9,71,68.3,341,11/10/24 0:00
50,TCU,B12,14.47,111.8,56,97.3,50,70.9,207,11/10/24 0:00
51,Kansas St.,B12,14.33,110,79,95.7,27,70.5,237,11/10/24 0:00
52,Xavier,BE,14.19,114.8,33,100.7,91,72.3,105,11/10/24 0:00
53,San Diego St.,MWC,14.1,108.2,104,94.1,9,69.3,305,11/10/24 0:00
54,Missouri,SEC,13.8,112.6,47,98.8,69,70.6,228,11/10/24 0:00
55,USC,B10,13.72,112,51,98.3,59,71.8,139,11/10/24 0:00
56,Nevada,MWC,13.48,111.5,61,98.1,56,69.3,301,11/10/24 0:00
57,New Mexico,MWC,13.26,109.5,88,96.2,31,77.1,1,11/10/24 0:00
58,N.C. State,ACC,13.15,113.2,43,100.1,83,71.6,158,11/10/24 0:00
59,Rutgers,B10,13.09,107.3,121,94.3,12,71.3,179,11/10/24 0:00
60,Mississippi,SEC,12.81,113.3,42,100.5,89,70.5,231,11/10/24 0:00
61,Wake Forest,ACC,12.74,109.3,90,96.5,39,73.2,55,11/10/24 0:00
62,SMU,ACC,12.7,113.6,39,100.9,93,72.7,84,11/10/24 0:00
63,UCF,B12,12.68,109,92,96.3,34,70.7,215,11/10/24 0:00
64,Utah,B12,12.36,111,68,98.7,65,72.1,120,11/10/24 0:00
65,Notre Dame,ACC,11.96,110.6,71,98.7,66,68.4,338,11/10/24 0:00
66,Minnesota,B10,11.74,110,80,98.2,58,68.9,320,11/10/24 0:00
67,Georgia Tech,ACC,11.44,111.1,67,99.7,79,71.2,183,11/10/24 0:00
68,Louisville,ACC,11.35,109.6,83,98.3,60,73.2,56,11/10/24 0:00
69,Nebraska,B10,11.29,107.3,122,96,29,72.9,71,11/10/24 0:00
70,Grand Canyon,WAC,11.17,111.4,63,100.2,86,72,131,11/10/24 0:00
71,Providence,BE,11.06,107.5,111,96.5,38,70.1,268,11/10/24 0:00
72,North Texas,Amer,10.89,109.6,84,98.7,67,66.5,361,11/10/24 0:00
73,Arizona St.,B12,10.84,107.1,127,96.3,35,71.6,159,11/10/24 0:00
74,West Virginia,B12,10.36,109.5,86,99.2,74,71,197,11/10/24 0:00
75,Colorado St.,MWC,10.29,108.6,99,98.3,61,71.2,187,11/10/24 0:00
76,San Francisco,WCC,10.21,111.5,62,101.3,99,72.6,89,11/10/24 0:00
77,Stanford,ACC,9.9,111,69,101.1,95,68.8,324,11/10/24 0:00
78,South Carolina,SEC,9.87,108.8,97,98.9,70,68.5,335,11/10/24 0:00
79,Georgia,SEC,9.41,109.7,82,100.3,88,72,133,11/10/24 0:00
80,UC Irvine,BW,9.36,106.4,137,97,45,71.6,156,11/10/24 0:00
,,« Ratings on 2024-11-10 »,Current Ratings,Rk,EM,AdjT,,,,11/10/24 0:00
Rk,Team,Conf,AdjEM,AdjO,AdjD,AdjT,Rk,AdjEM,AdjO,11/10/24 0:00
81,Vanderbilt,SEC,9.31,111.6,60,102.3,114,72.5,93,11/10/24 0:00
82,Wichita St.,Amer,9.24,110.6,72,101.3,100,73.1,62,11/10/24 0:00
83,Washington,B10,9.23,105.8,144,96.6,40,72.7,81,11/10/24 0:00
84,Florida St.,ACC,9.13,107.3,123,98.2,57,73.8,33,11/10/24 0:00
85,Florida Atlantic,Amer,9.1,110,78,100.9,94,73.2,59,11/10/24 0:00
86,Princeton,Ivy,9.07,111.6,58,102.6,121,70.1,267,11/10/24 0:00
87,Colorado,B12,8.9,107.4,119,98.5,63,70.2,255,11/10/24 0:00
88,Syracuse,ACC,8.78,111.8,57,103,128,74.1,24,11/10/24 0:00
89,Virginia,ACC,8.42,107,129,98.6,64,65.6,364,11/10/24 0:00
90,Oklahoma St.,B12,8.28,107.1,128,98.8,68,74.7,12,11/10/24 0:00
91,Santa Clara,WCC,8.22,111.6,59,103.4,137,72,132,11/10/24 0:00
92,Loyola Chicago,A10,8.2,107.8,108,99.6,78,72.2,108,11/10/24 0:00
93,Louisiana Tech,CUSA,7.94,110.2,76,102.2,113,69.1,315,11/10/24 0:00
94,Liberty,CUSA,7.73,108.3,102,100.6,90,67.9,350,11/10/24 0:00
95,UNLV,MWC,7.73,111.4,64,103.6,141,69.9,275,11/10/24 0:00
96,Virginia Tech,ACC,7.7,110.1,77,102.4,117,70.8,211,11/10/24 0:00
97,Georgetown,BE,7.67,110.9,70,103.2,132,70.2,257,11/10/24 0:00
98,UAB,Amer,7.63,111.9,53,104.3,151,72.2,116,11/10/24 0:00
99,George Mason,A10,7.3,106.8,131,99.5,76,69.2,312,11/10/24 0:00
100,Bradley,MVC,6.91,109.3,89,102.4,116,69.8,279,11/10/24 0:00
101,Washington St.,WCC,6.72,110.3,73,103.6,139,73.4,47,11/10/24 0:00
102,Oregon St.,WCC,6.36,106.4,139,100,82,68.5,333,11/10/24 0:00
103,Sam Houston St.,CUSA,6.33,108.9,93,102.6,122,71.8,141,11/10/24 0:00
104,Butler,BE,6.3,108.3,103,102,108,70.4,243,11/10/24 0:00
105,Northern Iowa,MVC,5.94,108,106,102.1,111,70,273,11/10/24 0:00
106,Seton Hall,BE,5.86,103,201,97.1,47,68.8,325,11/10/24 0:00
107,Rhode Island,A10,5.86,109.5,87,103.6,140,72.6,88,11/10/24 0:00
108,High Point,BSth,5.6,111.3,65,105.7,184,71.7,149,11/10/24 0:00
109,Massachusetts,A10,5.47,107.2,124,101.8,104,73.4,43,11/10/24 0:00
110,UC San Diego,BW,5.45,108.8,95,103.3,136,70.2,261,11/10/24 0:00
111,Arkansas St.,SB,5.38,107.8,109,102.5,118,73.5,39,11/10/24 0:00
112,Charleston,CAA,5.23,108.2,105,102.9,126,73.4,46,11/10/24 0:00
113,Saint Joseph's,A10,5.19,107.2,125,102,109,72.2,115,11/10/24 0:00
114,UC Santa Barbara,BW,5.1,107.4,118,102.3,115,70.5,229,11/10/24 0:00
115,Yale,Ivy,4.92,107.5,117,102.5,120,71,202,11/10/24 0:00
116,Saint Louis,A10,4.83,110.2,75,105.4,177,73.2,58,11/10/24 0:00
117,Troy,SB,4.79,103.8,182,99,73,73,64,11/10/24 0:00
118,St. Bonaventure,A10,4.47,107.8,110,103.3,135,68.8,322,11/10/24 0:00
119,Lipscomb,ASun,4.45,108.5,101,104.1,146,71.5,163,11/10/24 0:00
120,Temple,Amer,4.29,108.7,98,104.4,157,71.3,182,11/10/24 0:00
,,« Ratings on 2024-11-10 »,Current Ratings,Rk,EM,AdjT,,,,11/10/24 0:00
Rk,Team,Conf,AdjEM,AdjO,AdjD,AdjT,Rk,AdjEM,AdjO,11/10/24 0:00
121,McNeese,Slnd,4.22,107.5,113,103.3,134,71.4,172,11/10/24 0:00
122,Towson,CAA,4.17,107.2,126,103,127,68.1,342,11/10/24 0:00
123,Vermont,AE,4.11,104,177,99.9,81,66.9,359,11/10/24 0:00
124,Murray St.,MVC,4.04,107.5,115,103.4,138,69.8,281,11/10/24 0:00
125,South Florida,Amer,3.96,105.9,143,102,106,73.5,41,11/10/24 0:00
126,Utah Valley,WAC,3.57,103.7,187,100.1,84,72.1,124,11/10/24 0:00
127,Davidson,A10,3.56,107.9,107,104.3,152,70.7,214,11/10/24 0:00
128,UMass Lowell,AE,3.52,108.5,100,105,163,72.9,70,11/10/24 0:00
129,Western Kentucky,CUSA,3.21,104.3,170,101.1,96,75.6,7,11/10/24 0:00
130,Kent St.,MAC,3.12,106,141,102.9,124,69.9,277,11/10/24 0:00
131,Wofford,SC,3.04,111.3,66,108.2,258,68,345,11/10/24 0:00
132,Akron,MAC,3.03,104.3,171,101.3,98,70.4,246,11/10/24 0:00
133,Drake,MVC,2.73,105.4,153,102.6,123,71.5,168,11/10/24 0:00
134,California,ACC,2.69,106.5,134,103.8,143,73,68,11/10/24 0:00
135,Purdue Fort Wayne,Horz,2.45,105.7,147,103.2,133,73,63,11/10/24 0:00
136,La Salle,A10,2.28,104.4,169,102.1,112,69.7,288,11/10/24 0:00
137,East Carolina,Amer,2.22,106.7,133,104.5,159,68.1,344,11/10/24 0:00
138,Middle Tennessee,CUSA,2.21,102,228,99.8,80,70.3,253,11/10/24 0:00
139,George Washington,A10,1.98,106.8,132,104.8,162,71.6,155,11/10/24 0:00
140,Ohio,MAC,1.59,109.1,91,107.5,244,71.8,143,11/10/24 0:00
141,UC Riverside,BW,1.55,107.5,116,105.9,186,71.4,174,11/10/24 0:00
142,New Mexico St.,CUSA,1.5,103.2,195,101.7,102,69.7,287,11/10/24 0:00
143,Texas St.,SB,1.39,103.2,197,101.8,103,68.8,323,11/10/24 0:00
144,Seattle,WAC,1.28,104.5,166,103.2,130,70.6,220,11/10/24 0:00
145,Boston College,ACC,1.27,104.4,167,103.2,129,70.5,233,11/10/24 0:00
146,Tulsa,Amer,1.25,106.5,135,105.2,173,72.9,74,11/10/24 0:00
147,Columbia,Ivy,1.05,108.8,94,107.8,251,72.9,73,11/10/24 0:00
148,Charlotte,Amer,0.9,109.7,81,108.8,270,67.1,356,11/10/24 0:00
149,Samford,SC,0.76,107.4,120,106.6,213,75.9,4,11/10/24 0:00
150,Duquesne,A10,0.73,102.6,209,101.8,105,72,130,11/10/24 0:00
151,Loyola Marymount,WCC,0.61,105.7,146,105.1,167,69.2,308,11/10/24 0:00
152,Winthrop,BSth,0.59,104.9,158,104.4,155,72.3,100,11/10/24 0:00
153,Toledo,MAC,0.45,109.5,85,109.1,285,72.9,75,11/10/24 0:00
154,UNC Wilmington,CAA,0.42,106.3,140,105.9,187,71,205,11/10/24 0:00
155,Stephen F. Austin,Slnd,0.39,102.9,202,102.5,119,72.7,83,11/10/24 0:00
156,Chattanooga,SC,0.35,108.8,96,108.4,260,69.8,282,11/10/24 0:00
157,Hofstra,CAA,0.25,105,154,104.8,160,70.8,210,11/10/24 0:00
158,Furman,SC,0.2,105.4,152,105.2,168,71.1,195,11/10/24 0:00
159,Cal Baptist,WAC,0.16,107.5,114,107.3,238,68.5,334,11/10/24 0:00
160,Southern Illinois,MVC,0.11,104.2,174,104.1,145,73.8,35,11/10/24 0:00
,,« Ratings on 2024-11-10 »,Current Ratings,Rk,EM,AdjT,,,,11/10/24 0:00
Rk,Team,Conf,AdjEM,AdjO,AdjD,AdjT,Rk,AdjEM,AdjO,11/10/24 0:00
161,UC Davis,BW,-0.08,101.9,230,102,107,73.7,36,11/10/24 0:00
162,Fordham,A10,-0.1,101.4,241,101.5,101,71.4,175,11/10/24 0:00
163,Appalachian St.,SB,-0.17,102.8,206,102.9,125,70.6,224,11/10/24 0:00
164,Youngstown St.,Horz,-0.33,103.7,186,104,144,72,129,11/10/24 0:00
165,Cornell,Ivy,-0.34,107,130,107.4,241,73.9,31,11/10/24 0:00
166,North Alabama,ASun,-0.51,105.7,145,106.3,200,71,204,11/10/24 0:00
167,Louisiana,SB,-0.53,103.3,194,103.8,142,71.5,167,11/10/24 0:00
168,DePaul,BE,-0.55,104.5,165,105.1,164,70.6,222,11/10/24 0:00
169,UNC Greensboro,SC,-0.78,105,155,105.8,185,68.7,328,11/10/24 0:00
170,Richmond,A10,-0.85,104.4,168,105.3,174,70.6,227,11/10/24 0:00
171,Northern Colorado,BSky,-0.96,105.6,149,106.5,210,72.4,96,11/10/24 0:00
172,South Dakota St.,Sum,-1,105.5,151,106.5,208,71.4,170,11/10/24 0:00
173,Northern Kentucky,Horz,-1.06,100.1,270,101.2,97,70,271,11/10/24 0:00
174,James Madison,SB,-1.2,104.9,159,106.1,195,69.8,283,11/10/24 0:00
175,North Florida,ASun,-1.21,105.5,150,106.7,220,71.9,137,11/10/24 0:00
176,Belmont,MVC,-1.45,104.6,163,106,191,72.9,76,11/10/24 0:00
177,Merrimack,MAAC,-1.47,98.7,294,100.2,85,69.9,276,11/10/24 0:00
178,Bryant,AE,-1.5,102.6,210,104.1,147,75.8,6,11/10/24 0:00
179,Longwood,BSth,-1.66,103.6,188,105.2,171,70.4,240,11/10/24 0:00
180,St. Thomas,Sum,-1.68,107.5,112,109.2,289,69.2,309,11/10/24 0:00
181,East Tennessee St.,SC,-1.74,105,156,106.7,218,69.7,285,11/10/24 0:00
182,Tulane,Amer,-1.75,103.8,181,105.6,182,74.3,19,11/10/24 0:00
183,Wright St.,Horz,-1.79,106,142,107.7,250,72.3,106,11/10/24 0:00
184,Georgia Southern,SB,-1.82,103.5,190,105.3,175,73.5,40,11/10/24 0:00
185,Illinois Chicago,MVC,-1.83,104.2,173,106,193,71.4,178,11/10/24 0:00
186,Jacksonville,ASun,-2.13,102.3,217,104.4,158,68,346,11/10/24 0:00
187,Marshall,SB,-2.38,103.8,184,106.2,196,72.7,85,11/10/24 0:00
188,Drexel,CAA,-2.4,102.4,215,104.8,161,68.4,336,11/10/24 0:00
189,Milwaukee,Horz,-2.59,106.4,138,109,279,72.1,125,11/10/24 0:00
190,UT Arlington,WAC,-2.62,106.4,136,109.1,284,72.6,90,11/10/24 0:00
191,Norfolk St.,MEAC,-2.72,104.1,176,106.8,221,70.3,250,11/10/24 0:00
192,Northeastern,CAA,-2.74,104.3,172,107,230,69.6,290,11/10/24 0:00
193,Nicholls,Slnd,-2.83,102.5,212,105.3,176,71,201,11/10/24 0:00
194,Montana,BSky,-2.87,104.7,162,107.6,245,69.1,313,11/10/24 0:00
195,Hawaii,BW,-3.09,101.3,246,104.3,154,70,272,11/10/24 0:00
196,Indiana St.,MVC,-3.22,103.7,185,107,229,74.5,14,11/10/24 0:00
197,Missouri St.,MVC,-3.23,100,271,103.2,131,69.8,278,11/10/24 0:00
198,Miami OH,MAC,-3.24,102,227,105.2,172,71.2,186,11/10/24 0:00
199,Southern Utah,WAC,-3.26,102.1,225,105.4,178,73.6,37,11/10/24 0:00
200,Iona,MAAC,-3.32,105.6,148,108.9,277,71.5,161,11/10/24 0:00
,,« Ratings on 2024-11-10 »,Current Ratings,Rk,EM,AdjT,,,,11/10/24 0:00
Rk,Team,Conf,AdjEM,AdjO,AdjD,AdjT,Rk,AdjEM,AdjO,11/10/24 0:00
201,Kansas City,Sum,-3.33,103.3,193,106.6,216,70.5,230,11/10/24 0:00
202,Cleveland St.,Horz,-3.39,102.6,208,106,190,71.2,184,11/10/24 0:00
203,Georgia St.,SB,-3.69,103.4,192,107.1,232,71.5,165,11/10/24 0:00
204,Illinois St.,MVC,-3.71,101.4,242,105.1,165,69.3,303,11/10/24 0:00
205,Montana St.,BSky,-3.72,104,179,107.7,249,70.6,218,11/10/24 0:00
206,Southern Miss,SB,-3.87,101.6,238,105.5,179,73,66,11/10/24 0:00
207,UTEP,CUSA,-3.9,100.2,269,104.1,148,73.2,57,11/10/24 0:00
208,Harvard,Ivy,-3.93,103.6,189,107.5,243,71.2,188,11/10/24 0:00
209,Oakland,Horz,-3.96,102.7,207,106.7,219,70.1,265,11/10/24 0:00
210,UNC Asheville,BSth,-3.97,104.9,157,108.9,276,71.5,164,11/10/24 0:00
211,Mercer,SC,-4.03,102.9,203,106.9,226,74,25,11/10/24 0:00
212,Bucknell,PL,-4.19,101,252,105.2,169,70.8,213,11/10/24 0:00
213,Weber St.,BSky,-4.29,101.8,232,106.1,194,69.2,311,11/10/24 0:00
214,Evansville,MVC,-4.3,102.2,223,106.5,207,71.5,162,11/10/24 0:00
215,Kennesaw St.,CUSA,-4.31,104.7,161,109,282,76,3,11/10/24 0:00
216,Saint Peter's,MAAC,-4.32,97.8,309,102.1,110,68,347,11/10/24 0:00
217,Wyoming,MWC,-4.4,101.6,237,106,192,68.5,332,11/10/24 0:00
218,Portland St.,BSky,-4.49,102.1,226,106.6,214,74.3,17,11/10/24 0:00
219,Grambling St.,SWAC,-4.52,99.7,277,104.2,149,70.1,266,11/10/24 0:00
220,Texas A&M Corpus Chris,Slnd,-4.52,102.6,211,107.1,233,72.7,82,11/10/24 0:00
221,CSUN,BW,-4.54,99.7,278,104.2,150,75.8,5,11/10/24 0:00
222,Florida Gulf Coast,ASun,-4.62,101.3,245,105.9,188,68.1,343,11/10/24 0:00
223,Abilene Christian,WAC,-4.66,100.8,256,105.5,180,72.3,101,11/10/24 0:00
224,Howard,MEAC,-4.83,102.2,220,107,231,71.2,185,11/10/24 0:00
225,Central Connecticut,NEC,-4.89,99.4,283,104.3,153,68.7,327,11/10/24 0:00
226,South Alabama,SB,-4.95,102.2,218,107.2,235,69.6,289,11/10/24 0:00
227,Marist,MAAC,-4.98,101.3,244,106.3,202,68.4,339,11/10/24 0:00
228,UTSA,Amer,-4.99,103.5,191,108.5,261,73.4,45,11/10/24 0:00
229,Rice,Amer,-5.04,101.5,239,106.5,211,71.3,181,11/10/24 0:00
230,Pepperdine,WCC,-5.18,103,200,108.2,257,71.1,190,11/10/24 0:00
231,Austin Peay,ASun,-5.19,102.4,214,107.6,246,68.9,319,11/10/24 0:00
232,Jacksonville St.,CUSA,-5.29,101.6,236,106.9,227,69.3,300,11/10/24 0:00
233,Quinnipiac,MAAC,-5.45,101.2,248,106.6,215,74,26,11/10/24 0:00
234,Gardner Webb,BSth,-5.47,102.2,219,107.7,248,71.6,151,11/10/24 0:00
235,Navy,PL,-5.5,100.4,263,105.9,189,70.2,258,11/10/24 0:00
236,Penn,Ivy,-5.59,104.8,160,110.4,315,69.5,295,11/10/24 0:00
237,Long Beach St.,BW,-6.02,103.1,198,109.1,286,71.9,135,11/10/24 0:00
238,Ball St.,MAC,-6.16,101.5,240,107.6,247,70.2,256,11/10/24 0:00
239,American,PL,-6.37,102.3,216,108.7,265,66.4,362,11/10/24 0:00
240,Pacific,WCC,-6.47,101.8,231,108.3,259,72.3,103,11/10/24 0:00
,,« Ratings on 2024-11-10 »,Current Ratings,Rk,EM,AdjT,,,,11/10/24 0:00
Rk,Team,Conf,AdjEM,AdjO,AdjD,AdjT,Rk,AdjEM,AdjO,11/10/24 0:00
241,Brown,Ivy,-6.56,102.2,224,108.7,268,70.1,264,11/10/24 0:00
242,South Dakota,Sum,-6.69,104.2,175,110.8,323,74.9,10,11/10/24 0:00
243,Eastern Kentucky,ASun,-6.76,104.5,164,111.3,328,72,134,11/10/24 0:00
244,Colgate,PL,-6.86,100.4,265,107.2,237,70.5,239,11/10/24 0:00
245,North Dakota St.,Sum,-6.91,103.8,183,110.7,321,69.3,304,11/10/24 0:00
246,Little Rock,OVC,-6.97,101,253,108,253,73.3,51,11/10/24 0:00
247,Northern Arizona,BSky,-6.97,102.8,205,109.8,300,71.1,193,11/10/24 0:00
248,Valparaiso,MVC,-7.01,102.2,222,109.2,290,71.4,177,11/10/24 0:00
249,Central Michigan,MAC,-7.03,99.8,274,106.8,223,69.8,280,11/10/24 0:00
250,Radford,BSth,-7.1,103,199,110.1,305,68.8,321,11/10/24 0:00
251,William & Mary,CAA,-7.13,102.9,204,110,301,72.8,79,11/10/24 0:00
252,Albany,AE,-7.14,99.8,275,106.9,225,73.3,52,11/10/24 0:00
253,Eastern Washington,BSky,-7.17,104,180,111.1,325,73.5,42,11/10/24 0:00
254,Texas Southern,SWAC,-7.18,97.2,323,104.4,156,72.1,123,11/10/24 0:00
255,Air Force,MWC,-7.2,103.2,196,110.4,316,65.8,363,11/10/24 0:00
256,San Jose St.,MWC,-7.25,98.9,289,106.2,198,68.8,326,11/10/24 0:00
257,Rider,MAAC,-7.28,99,286,106.3,201,70.3,248,11/10/24 0:00
258,Maine,AE,-7.38,98.8,293,106.2,197,70.4,244,11/10/24 0:00
259,Oral Roberts,Sum,-7.54,102.5,213,110,302,70.5,232,11/10/24 0:00
260,Lafayette,PL,-7.61,97.9,307,105.5,181,70.6,223,11/10/24 0:00
261,San Diego,WCC,-7.62,98.6,297,106.2,199,71.8,144,11/10/24 0:00
262,Southern,SWAC,-7.64,97.5,317,105.1,166,71.6,153,11/10/24 0:00
263,Fresno St.,MWC,-7.64,97.6,313,105.2,170,74.2,21,11/10/24 0:00
264,Idaho St.,BSky,-7.69,98.7,295,106.4,204,67.7,354,11/10/24 0:00
265,Monmouth,CAA,-7.77,101.7,235,109.4,294,72.5,94,11/10/24 0:00
266,North Dakota,Sum,-7.88,101,254,108.9,271,71.5,166,11/10/24 0:00
267,Presbyterian,BSth,-8.05,104,178,112.1,341,68.9,317,11/10/24 0:00
268,Bowling Green,MAC,-8.13,102.2,221,110.3,311,73,69,11/10/24 0:00
269,Cal St. Fullerton,BW,-8.15,98.4,299,106.5,209,70.3,251,11/10/24 0:00
270,FIU,CUSA,-8.2,98.2,302,106.4,203,74.7,11,11/10/24 0:00
271,Stony Brook,CAA,-8.22,101.2,247,109.5,295,70.3,252,11/10/24 0:00
272,Queens,ASun,-8.25,98.2,301,106.4,206,75.2,8,11/10/24 0:00
273,Elon,CAA,-8.29,100.7,258,109,280,71,203,11/10/24 0:00
274,Alabama St.,SWAC,-8.57,100.3,266,108.9,274,71.1,189,11/10/24 0:00
275,Lamar,Slnd,-8.6,100.8,257,109.4,292,71.6,157,11/10/24 0:00
276,Delaware,CAA,-8.63,100.4,264,109.1,283,73.3,50,11/10/24 0:00
277,Wagner,NEC,-8.63,97.1,326,105.7,183,67,358,11/10/24 0:00
278,Tarleton St.,WAC,-8.66,99.9,273,108.5,262,71.5,169,11/10/24 0:00
279,North Carolina A&T,CAA,-8.69,99.4,282,108.1,255,73.1,61,11/10/24 0:00
280,Lehigh,PL,-8.7,100,272,108.6,264,72.7,86,11/10/24 0:00
,,« Ratings on 2024-11-10 »,Current Ratings,Rk,EM,AdjT,,,,11/10/24 0:00
Rk,Team,Conf,AdjEM,AdjO,AdjD,AdjT,Rk,AdjEM,AdjO,11/10/24 0:00
281,Coastal Carolina,SB,-8.7,98,306,106.7,217,68.3,340,11/10/24 0:00
282,Army,PL,-8.71,100.2,268,108.9,275,67.9,348,11/10/24 0:00
283,Tennessee St.,OVC,-8.72,98.6,296,107.4,240,72.4,97,11/10/24 0:00
284,Nebraska Omaha,Sum,-8.86,100.7,262,109.5,296,70.9,208,11/10/24 0:00
285,Mount St. Mary's,MAAC,-8.88,98,304,106.9,224,71.8,145,11/10/24 0:00
286,Idaho,BSky,-8.89,100.3,267,109.2,288,69.6,292,11/10/24 0:00
287,Bethune Cookman,SWAC,-8.89,98.2,300,107.1,234,72.3,104,11/10/24 0:00
288,North Carolina Central,MEAC,-8.94,100.7,261,109.6,297,70.8,212,11/10/24 0:00
289,Charleston Southern,BSth,-8.98,101.4,243,110.3,312,71.7,148,11/10/24 0:00
290,South Carolina St.,MEAC,-8.99,99.7,276,108.7,266,73,67,11/10/24 0:00
291,Old Dominion,SB,-9.07,99.7,280,108.7,267,72,128,11/10/24 0:00
292,Boston University,PL,-9.25,101.2,249,110.4,317,67.8,353,11/10/24 0:00
293,Fairfield,MAAC,-9.26,97.3,321,106.6,212,72.1,126,11/10/24 0:00
294,Western Carolina,SC,-9.26,97.2,324,106.4,205,72.1,117,11/10/24 0:00
295,UT Rio Grande Valley,Slnd,-9.29,101.1,251,110.4,313,73.6,38,11/10/24 0:00
296,Western Illinois,OVC,-9.36,98,305,107.3,239,67.9,351,11/10/24 0:00
297,Southeastern Louisiana,Slnd,-9.45,99.5,281,108.9,273,70.4,241,11/10/24 0:00
298,Cal St. Bakersfield,BW,-9.64,97.7,310,107.4,242,69.2,310,11/10/24 0:00
299,Morehead St.,OVC,-9.88,97.4,318,107.2,236,69.5,297,11/10/24 0:00
300,Campbell,CAA,-10.02,99.7,279,109.7,299,68.6,331,11/10/24 0:00
301,UMBC,AE,-10.16,101.7,234,111.9,337,75.1,9,11/10/24 0:00
302,Utah Tech,WAC,-10.35,99.3,284,109.6,298,72.7,80,11/10/24 0:00
303,Robert Morris,Horz,-10.38,99,287,109.3,291,71.4,176,11/10/24 0:00
304,Sacramento St.,BSky,-10.6,96.2,335,106.8,222,69.2,307,11/10/24 0:00
305,Stetson,ASun,-10.84,101.1,250,112,339,70.2,259,11/10/24 0:00
306,Siena,MAAC,-11.12,95.8,341,107,228,69.5,296,11/10/24 0:00
307,Western Michigan,MAC,-11.34,98.9,292,110.2,307,70.3,249,11/10/24 0:00
308,Canisius,MAAC,-11.57,102,229,113.5,355,70.6,221,11/10/24 0:00
309,Eastern Michigan,MAC,-11.61,96.3,334,107.9,252,69.3,299,11/10/24 0:00
310,Incarnate Word,Slnd,-11.64,100.9,255,112.5,346,72.2,109,11/10/24 0:00
311,Dartmouth,Ivy,-12.03,96.1,337,108.1,256,70.7,216,11/10/24 0:00
312,Portland,WCC,-12.26,100.7,259,113,349,72.2,112,11/10/24 0:00
313,Northwestern St.,Slnd,-12.35,98.9,290,111.3,327,71.1,194,11/10/24 0:00
314,Green Bay,Horz,-12.36,101.8,233,114.1,360,70.9,209,11/10/24 0:00
315,Bellarmine,ASun,-12.44,100.7,260,113.1,350,67.8,352,11/10/24 0:00
316,Southern Indiana,OVC,-12.71,97.5,315,110.3,309,70.2,260,11/10/24 0:00
317,Manhattan,MAAC,-12.73,96.3,333,109,281,71.6,152,11/10/24 0:00
318,Louisiana Monroe,SB,-12.76,96.7,329,109.4,293,70.9,206,11/10/24 0:00
319,SIUE,OVC,-12.82,97.3,322,110.1,304,70.6,219,11/10/24 0:00
320,Tennessee Martin,OVC,-12.83,95.7,342,108.6,263,74.5,15,11/10/24 0:00
,,« Ratings on 2024-11-10 »,Current Ratings,Rk,EM,AdjT,,,,11/10/24 0:00
Rk,Team,Conf,AdjEM,AdjO,AdjD,AdjT,Rk,AdjEM,AdjO,11/10/24 0:00
321,Denver,Sum,-12.84,99.1,285,112,338,72.6,87,11/10/24 0:00
322,Tennessee Tech,OVC,-12.86,97.4,319,110.2,308,70.5,234,11/10/24 0:00
323,Jackson St.,SWAC,-12.88,96,340,108.9,272,71.8,146,11/10/24 0:00
324,Binghamton,AE,-12.9,98.9,291,111.8,336,70.5,238,11/10/24 0:00
325,Northern Illinois,MAC,-13.02,97.5,316,110.6,319,71.8,142,11/10/24 0:00
326,Hampton,CAA,-13.68,97.1,325,110.8,322,72.1,119,11/10/24 0:00
327,Niagara,MAAC,-13.69,97.6,314,111.3,326,70.4,245,11/10/24 0:00
328,Cal Poly,BW,-13.9,95.1,349,108.9,278,72.9,72,11/10/24 0:00
329,West Georgia,ASun,-14.32,97.7,311,112.1,340,72.2,113,11/10/24 0:00
330,Sacred Heart,MAAC,-14.43,97,327,111.4,333,73.8,34,11/10/24 0:00
331,New Hampshire,AE,-14.44,96.6,330,111,324,73.9,30,11/10/24 0:00
332,Buffalo,MAC,-14.66,98.9,288,113.6,357,72.4,99,11/10/24 0:00
333,Eastern Illinois,OVC,-14.73,95.5,346,110.2,306,72.2,110,11/10/24 0:00
334,Le Moyne,NEC,-14.76,98.2,303,112.9,348,72,127,11/10/24 0:00
335,Southeast Missouri,OVC,-14.84,95.6,345,110.5,318,72.8,78,11/10/24 0:00
336,Morgan St.,MEAC,-14.91,97.3,320,112.2,345,73.3,54,11/10/24 0:00
337,The Citadel,SC,-14.97,95.7,343,110.6,320,69.6,291,11/10/24 0:00
338,Chicago St.,NEC,-15.2,94.9,350,110.1,303,71.1,192,11/10/24 0:00
339,Central Arkansas,ASun,-15.31,96,339,111.3,329,72.9,77,11/10/24 0:00
340,Holy Cross,PL,-15.34,98.4,298,113.8,358,70.6,226,11/10/24 0:00
341,Delaware St.,MEAC,-15.39,92.6,358,108,254,72.2,107,11/10/24 0:00
342,Alabama A&M,SWAC,-15.5,93.3,357,108.8,269,73.1,60,11/10/24 0:00
343,Loyola MD,PL,-15.6,94.7,352,110.3,310,71.6,160,11/10/24 0:00
344,Detroit Mercy,Horz,-15.62,97.7,312,113.3,352,69.5,293,11/10/24 0:00
345,NJIT,AE,-15.79,94.6,353,110.4,314,68.6,330,11/10/24 0:00
346,Alcorn St.,SWAC,-16.34,97.8,308,114.2,361,69.7,286,11/10/24 0:00
347,Lindenwood,OVC,-16.59,95.1,348,111.7,334,71.4,171,11/10/24 0:00
348,USC Upstate,BSth,-16.77,96.8,328,113.5,354,71.9,138,11/10/24 0:00
349,New Orleans,Slnd,-16.88,96,338,112.9,347,72.2,111,11/10/24 0:00
350,Saint Francis,NEC,-16.89,95.2,347,112.1,344,71,199,11/10/24 0:00
351,Mercyhurst,NEC,-17.11,96.1,336,113.2,351,69.5,294,11/10/24 0:00
352,Prairie View A&M,SWAC,-17.5,93.9,355,111.4,331,74.4,16,11/10/24 0:00
353,VMI,SC,-17.86,94.2,354,112.1,342,74.6,13,11/10/24 0:00
354,Fairleigh Dickinson,NEC,-18.15,96.4,332,114.6,362,74.3,18,11/10/24 0:00
355,LIU,NEC,-18.39,93.7,356,112.1,343,73.9,32,11/10/24 0:00
356,Florida A&M,SWAC,-19,92.4,361,111.4,330,72.2,114,11/10/24 0:00
357,Texas A&M Commerce,Slnd,-19.24,92.5,360,111.8,335,72.3,102,11/10/24 0:00
358,Houston Christian,Slnd,-19.26,94.8,351,114.1,359,71.8,147,11/10/24 0:00
359,Arkansas Pine Bluff,SWAC,-19.84,95.6,344,115.5,363,74.1,22,11/10/24 0:00
360,Stonehill,NEC,-19.9,91.5,362,111.4,332,71.4,173,11/10/24 0:00
,,« Ratings on 2024-11-10 »,Current Ratings,Rk,EM,AdjT,,,,11/10/24 0:00
Rk,Team,Conf,AdjEM,AdjO,AdjD,AdjT,Rk,AdjEM,AdjO,11/10/24 0:00
361,IU Indy,Horz,-19.95,96.4,331,116.4,364,70.3,247,11/10/24 0:00
362,Maryland Eastern Shore,MEAC,-20.95,92.6,359,113.5,353,71.1,196,11/10/24 0:00
363,Coppin St.,MEAC,-22.7,86.5,364,109.2,287,70,270,11/10/24 0:00
364,Mississippi Valley St.,SWAC,-26.32,87.2,363,113.6,356,70.1,269,11/10/24 0:00
1,Auburn,SEC,29.87,121.4,2,91.5,4,71.8,137,11/11/24 0:00
2,Houston,B12,28.95,119.7,5,90.8,1,66.5,360,11/11/24 0:00
3,Duke,ACC,27.82,119.8,4,92,5,71.3,177,11/11/24 0:00
4,Gonzaga,WCC,27.06,124.2,1,97.1,48,72.7,79,11/11/24 0:00
5,Connecticut,BE,26.1,118.7,7,92.6,7,69,314,11/11/24 0:00
6,Alabama,SEC,25.28,120.5,3,95.2,22,76.3,2,11/11/24 0:00
7,Arizona,B12,24.98,118.1,11,93.1,8,74.1,20,11/11/24 0:00
8,Kansas,B12,24.37,119.4,6,95,20,72.4,92,11/11/24 0:00
9,Tennessee,SEC,24.32,115.2,28,90.9,3,69.6,284,11/11/24 0:00
10,Iowa St.,B12,24.3,115.1,29,90.8,2,71,187,11/11/24 0:00
11,Purdue,B10,22.95,118.5,9,95.6,26,69.1,307,11/11/24 0:00
12,Texas Tech,B12,21.94,116.5,16,94.6,13,68.3,337,11/11/24 0:00
13,Cincinnati,B12,21.36,116.1,19,94.7,16,70.1,261,11/11/24 0:00
14,Marquette,BE,21.34,116.4,18,95,19,72.4,93,11/11/24 0:00
15,St. John's,BE,21.13,115.8,22,94.7,14,73.2,54,11/11/24 0:00
16,North Carolina,ACC,21.04,118.1,10,97.1,45,74,23,11/11/24 0:00
17,Texas A&M,SEC,20.49,115.5,26,95,18,68.9,316,11/11/24 0:00
18,Creighton,BE,20.4,118.6,8,98.2,59,72,117,11/11/24 0:00
19,Illinois,B10,19.95,116.7,15,96.7,40,73.2,49,11/11/24 0:00
20,Mississippi St.,SEC,19.75,115.8,21,96.1,31,71,194,11/11/24 0:00
21,Ohio St.,B10,19.57,116,20,96.4,36,70.9,197,11/11/24 0:00
22,Oregon,B10,19.56,115.8,23,96.2,34,70,262,11/11/24 0:00
23,Florida,SEC,19.51,117.2,13,97.7,51,73.3,48,11/11/24 0:00
24,Baylor,B12,19.37,117.3,12,97.9,54,68.6,328,11/11/24 0:00
25,Pittsburgh,ACC,18.82,115.7,24,96.9,43,70.4,234,11/11/24 0:00
26,Clemson,ACC,18.74,115.6,25,96.9,42,70.4,237,11/11/24 0:00
27,Texas,SEC,18.68,114.4,36,95.7,28,70.4,236,11/11/24 0:00
28,Dayton,A10,18.6,113.3,42,94.7,15,69.2,298,11/11/24 0:00
29,Michigan,B10,18.44,114.9,33,96.5,37,71.1,182,11/11/24 0:00
30,Kentucky,SEC,18.37,116.4,17,98,56,73.9,27,11/11/24 0:00
31,Maryland,B10,18.18,110.3,75,92.1,6,69.9,272,11/11/24 0:00
32,BYU,B12,18.1,115.2,27,97.1,47,71.5,148,11/11/24 0:00
33,Michigan St.,B10,18.05,112.2,49,94.1,10,70.2,249,11/11/24 0:00
34,UCLA,B10,17.8,112.7,45,94.9,17,67.8,350,11/11/24 0:00
35,Arkansas,SEC,17.79,112,53,94.2,11,72.4,95,11/11/24 0:00
36,VCU,A10,17.36,112.6,47,95.3,23,70.5,224,11/11/24 0:00
37,Memphis,Amer,16.75,113.7,38,96.9,44,73.8,29,11/11/24 0:00
38,Northwestern,B10,16.72,111.9,54,95.2,21,68.8,318,11/11/24 0:00
39,Oklahoma,SEC,16.55,112,51,95.5,25,70.6,215,11/11/24 0:00
40,Wisconsin,B10,16.47,114.4,37,97.9,55,68.4,332,11/11/24 0:00
,,« Ratings on 2024-11-11 »,Current Ratings,Rk,EM,AdjT,,,,11/11/24 0:00
Rk,Team,Conf,AdjEM,AdjO,AdjD,AdjT,Rk,AdjEM,AdjO,11/11/24 0:00
41,Indiana,B10,16.2,112.1,50,95.9,29,71.9,131,11/11/24 0:00
42,Iowa,B10,16.06,116.8,14,100.8,91,73.8,28,11/11/24 0:00
43,Saint Mary's,WCC,16.05,115,31,99,72,66.9,357,11/11/24 0:00
44,Penn St.,B10,15.88,113.1,44,97.2,49,73.4,43,11/11/24 0:00
45,Boise St.,MWC,15.77,113.6,40,97.8,53,69.2,302,11/11/24 0:00
46,Miami FL,ACC,15.28,115,30,99.8,78,71.3,173,11/11/24 0:00
47,Utah St.,MWC,15.13,114.5,35,99.4,75,72,120,11/11/24 0:00
48,Villanova,BE,14.75,115,32,100.3,87,67.3,355,11/11/24 0:00
49,LSU,SEC,14.53,112.3,48,97.8,52,72.3,98,11/11/24 0:00
50,TCU,B12,14.47,111.8,55,97.3,50,70.8,204,11/11/24 0:00
51,Kansas St.,B12,14.32,110,80,95.7,27,70.4,238,11/11/24 0:00
52,San Diego St.,MWC,14.1,108.2,106,94.1,9,69.2,305,11/11/24 0:00
53,Xavier,BE,14.07,114.7,34,100.7,90,72.2,106,11/11/24 0:00
54,Missouri,SEC,13.81,112.6,46,98.8,71,70.5,225,11/11/24 0:00
55,USC,B10,13.73,112,52,98.3,61,71.7,139,11/11/24 0:00
56,Nevada,MWC,13.48,111.5,59,98.1,57,69.2,300,11/11/24 0:00
57,Wake Forest,ACC,13.37,109.5,87,96.1,32,72.4,96,11/11/24 0:00
58,New Mexico,MWC,13.26,109.4,89,96.2,33,77,1,11/11/24 0:00
59,N.C. State,ACC,13.15,113.2,43,100.1,82,71.5,154,11/11/24 0:00
60,Rutgers,B10,13.09,107.3,122,94.3,12,71.2,178,11/11/24 0:00
61,Mississippi,SEC,12.81,113.3,41,100.5,88,70.4,228,11/11/24 0:00
62,SMU,ACC,12.7,113.6,39,100.9,92,72.6,84,11/11/24 0:00
63,UCF,B12,12.68,109,92,96.3,35,70.6,213,11/11/24 0:00
64,UC Irvine,BW,12.47,107.8,111,95.3,24,71.4,162,11/11/24 0:00
65,Utah,B12,12.36,111,67,98.7,67,72,119,11/11/24 0:00
66,Notre Dame,ACC,11.96,110.6,72,98.7,68,68.3,338,11/11/24 0:00
67,Arizona St.,B12,11.75,108.5,100,96.8,41,71.2,179,11/11/24 0:00
68,Minnesota,B10,11.74,110,81,98.2,60,68.8,320,11/11/24 0:00
69,Louisville,ACC,11.35,109.6,83,98.3,62,73.1,57,11/11/24 0:00
70,Nebraska,B10,11.29,107.3,123,96,30,72.8,70,11/11/24 0:00
71,Grand Canyon,WAC,11.17,111.4,63,100.2,86,71.9,130,11/11/24 0:00
72,Providence,BE,11.06,107.5,113,96.5,38,70,267,11/11/24 0:00
73,North Texas,Amer,10.89,109.6,84,98.7,69,66.4,361,11/11/24 0:00
74,Georgia,SEC,10.63,110.8,71,100.2,84,71.8,135,11/11/24 0:00
75,West Virginia,B12,10.36,109.5,86,99.1,74,70.9,196,11/11/24 0:00
76,South Carolina,SEC,10.29,108.8,96,98.5,66,68.1,340,11/11/24 0:00
77,San Francisco,WCC,10.21,111.5,61,101.3,99,72.5,90,11/11/24 0:00
78,Colorado St.,MWC,10.17,108.5,103,98.3,64,71,186,11/11/24 0:00
79,Stanford,ACC,9.9,111,68,101.1,95,68.7,324,11/11/24 0:00
80,Wichita St.,Amer,9.26,110.6,73,101.3,100,73,62,11/11/24 0:00
,,« Ratings on 2024-11-11 »,Current Ratings,Rk,EM,AdjT,,,,11/11/24 0:00
Rk,Team,Conf,AdjEM,AdjO,AdjD,AdjT,Rk,AdjEM,AdjO,11/11/24 0:00
81,Washington,B10,9.23,105.8,146,96.6,39,72.6,82,11/11/24 0:00
82,Florida St.,ACC,9.13,107.3,124,98.2,58,73.7,33,11/11/24 0:00
83,Florida Atlantic,Amer,9.11,110,79,100.9,93,73.1,60,11/11/24 0:00
84,Colorado,B12,8.9,107.4,120,98.5,65,70.1,254,11/11/24 0:00
85,Syracuse,ACC,8.78,111.8,56,103,124,74,24,11/11/24 0:00
86,Princeton,Ivy,8.61,111.5,62,102.9,121,70.4,235,11/11/24 0:00
87,Santa Clara,WCC,8.33,111.5,58,103.2,128,71.9,127,11/11/24 0:00
88,Virginia,ACC,8.27,107.1,128,98.8,70,65.5,364,11/11/24 0:00
89,Loyola Chicago,A10,8.26,107.8,109,99.6,77,72.2,108,11/11/24 0:00
90,Oklahoma St.,B12,7.98,106.3,140,98.3,63,75.1,9,11/11/24 0:00
91,Louisiana Tech,CUSA,7.94,110.2,77,102.2,112,69,315,11/11/24 0:00
92,Georgia Tech,ACC,7.88,110.9,69,103,125,72.8,71,11/11/24 0:00
93,UNLV,MWC,7.83,111.5,60,103.7,140,69.8,273,11/11/24 0:00
94,Vanderbilt,SEC,7.73,111.3,65,103.5,137,72.3,100,11/11/24 0:00
95,Liberty,CUSA,7.73,108.3,104,100.6,89,67.8,351,11/11/24 0:00
96,Virginia Tech,ACC,7.7,110.1,78,102.4,115,70.7,208,11/11/24 0:00
97,Georgetown,BE,7.67,110.9,70,103.2,130,70.1,256,11/11/24 0:00
98,George Mason,A10,7.3,106.8,131,99.5,76,69.1,312,11/11/24 0:00
99,Bradley,MVC,7.05,109.3,90,102.3,113,69.7,278,11/11/24 0:00
100,UAB,Amer,6.89,111.6,57,104.7,157,72.1,115,11/11/24 0:00
101,Washington St.,WCC,6.74,110.3,74,103.6,138,73.3,47,11/11/24 0:00
102,Oregon St.,WCC,6.36,106.4,138,100,81,68.4,333,11/11/24 0:00
103,Sam Houston St.,CUSA,6.33,108.9,93,102.6,118,71.7,140,11/11/24 0:00
104,Butler,BE,6.3,108.3,105,102,108,70.3,241,11/11/24 0:00
105,Rhode Island,A10,5.87,109.5,88,103.6,139,72.5,88,11/11/24 0:00
106,Seton Hall,BE,5.86,102.9,201,97.1,46,68.7,326,11/11/24 0:00
107,High Point,BSth,5.6,111.3,64,105.7,185,71.6,147,11/11/24 0:00
108,Massachusetts,A10,5.47,107.2,125,101.8,104,73.3,44,11/11/24 0:00
109,UC San Diego,BW,5.44,108.8,95,103.3,134,70.1,259,11/11/24 0:00
110,Arkansas St.,SB,5.38,107.8,110,102.4,116,73.4,38,11/11/24 0:00
111,Charleston,CAA,5.23,108.2,107,102.9,122,73.3,46,11/11/24 0:00
112,Saint Joseph's,A10,5.17,107.2,126,102,109,72.1,114,11/11/24 0:00
113,UC Santa Barbara,BW,5.1,107.4,119,102.3,114,70.4,226,11/11/24 0:00
114,Yale,Ivy,4.92,107.5,118,102.5,117,70.9,199,11/11/24 0:00
115,Saint Louis,A10,4.84,110.2,76,105.4,176,73.1,59,11/11/24 0:00
116,Troy,SB,4.79,103.8,181,99,73,72.9,65,11/11/24 0:00
117,Drake,MVC,4.6,105.6,149,101,94,69.3,296,11/11/24 0:00
118,St. Bonaventure,A10,4.47,107.8,112,103.3,133,68.7,322,11/11/24 0:00
119,Lipscomb,ASun,4.44,108.5,102,104.1,146,71.4,156,11/11/24 0:00
120,Temple,Amer,4.29,108.7,98,104.4,154,71.2,181,11/11/24 0:00
,,« Ratings on 2024-11-11 »,Current Ratings,Rk,EM,AdjT,,,,11/11/24 0:00
Rk,Team,Conf,AdjEM,AdjO,AdjD,AdjT,Rk,AdjEM,AdjO,11/11/24 0:00
121,McNeese,Slnd,4.22,107.5,114,103.3,132,71.3,168,11/11/24 0:00
122,Towson,CAA,4.17,107.2,127,103,123,68,342,11/11/24 0:00
123,Murray St.,MVC,4.04,107.5,116,103.4,135,69.7,280,11/11/24 0:00
124,Vermont,AE,4.03,104,179,100,80,66.8,359,11/11/24 0:00
125,South Florida,Amer,3.96,105.9,145,102,106,73.4,41,11/11/24 0:00
126,Utah Valley,WAC,3.57,103.7,188,100.1,83,72,123,11/11/24 0:00
127,Davidson,A10,3.56,107.9,108,104.3,151,70.6,212,11/11/24 0:00
128,UMass Lowell,AE,3.52,108.5,101,105,162,72.8,69,11/11/24 0:00
129,Western Kentucky,CUSA,3.21,104.3,171,101.1,96,75.5,7,11/11/24 0:00
130,Kent St.,MAC,3.12,106,143,102.9,120,69.8,275,11/11/24 0:00
131,Wofford,SC,3.03,111.3,66,108.2,260,67.9,345,11/11/24 0:00
132,Akron,MAC,3.03,104.3,172,101.3,98,70.3,243,11/11/24 0:00
133,Northern Iowa,MVC,2.85,106.4,137,103.5,136,69.7,276,11/11/24 0:00
134,California,ACC,2.69,106.5,134,103.8,143,72.9,67,11/11/24 0:00
135,La Salle,A10,2.5,104.6,164,102.1,111,69.6,283,11/11/24 0:00
136,Purdue Fort Wayne,Horz,2.45,105.7,148,103.2,131,72.9,63,11/11/24 0:00
137,East Carolina,Amer,2.22,106.7,133,104.5,156,68,344,11/11/24 0:00
138,Middle Tennessee,CUSA,2.21,102,225,99.8,79,70.2,253,11/11/24 0:00
139,North Florida,ASun,2.07,108.6,99,106.6,211,73.2,50,11/11/24 0:00
140,George Washington,A10,1.98,106.8,132,104.8,160,71.5,152,11/11/24 0:00
141,Ohio,MAC,1.59,109.1,91,107.5,244,71.7,143,11/11/24 0:00
142,UC Riverside,BW,1.55,107.5,117,105.9,188,71.3,170,11/11/24 0:00
143,New Mexico St.,CUSA,1.5,103.2,195,101.7,102,69.6,288,11/11/24 0:00
144,Texas St.,SB,1.39,103.1,197,101.8,103,68.7,323,11/11/24 0:00
145,Seattle,WAC,1.28,104.5,168,103.2,127,70.5,220,11/11/24 0:00
146,Boston College,ACC,1.27,104.4,169,103.2,126,70.4,231,11/11/24 0:00
147,Tulsa,Amer,1.25,106.5,135,105.2,170,72.8,74,11/11/24 0:00
148,Columbia,Ivy,1.05,108.8,94,107.8,251,72.8,73,11/11/24 0:00
149,Loyola Marymount,WCC,1.05,106,142,105,161,69.1,306,11/11/24 0:00
150,Charlotte,Amer,0.9,109.7,82,108.8,273,67,356,11/11/24 0:00
151,Samford,SC,0.76,107.4,121,106.6,214,75.8,4,11/11/24 0:00
152,Duquesne,A10,0.68,102.5,209,101.9,105,71.9,133,11/11/24 0:00
153,Winthrop,BSth,0.59,104.9,158,104.3,153,72.2,102,11/11/24 0:00
154,Toledo,MAC,0.45,109.5,85,109.1,285,72.8,75,11/11/24 0:00
155,UNC Wilmington,CAA,0.42,106.3,139,105.9,189,70.9,202,11/11/24 0:00
156,Chattanooga,SC,0.36,108.8,97,108.4,263,69.7,281,11/11/24 0:00
157,Hofstra,CAA,0.24,105,154,104.8,159,70.8,206,11/11/24 0:00
158,Furman,SC,0.2,105.4,153,105.2,166,71,195,11/11/24 0:00
159,Cal Baptist,WAC,0.16,107.5,115,107.3,239,68.4,334,11/11/24 0:00
160,Southern Illinois,MVC,0.11,104.2,174,104.1,145,73.7,35,11/11/24 0:00
,,« Ratings on 2024-11-11 »,Current Ratings,Rk,EM,AdjT,,,,11/11/24 0:00
Rk,Team,Conf,AdjEM,AdjO,AdjD,AdjT,Rk,AdjEM,AdjO,11/11/24 0:00
161,UC Davis,BW,-0.08,101.9,229,102,107,73.6,36,11/11/24 0:00
162,Fordham,A10,-0.1,101.4,241,101.5,101,71.3,171,11/11/24 0:00
163,Youngstown St.,Horz,-0.32,103.7,187,104,144,71.9,129,11/11/24 0:00
164,Cornell,Ivy,-0.34,107,129,107.4,241,73.8,31,11/11/24 0:00
165,North Alabama,ASun,-0.51,105.7,147,106.3,201,70.9,201,11/11/24 0:00
166,Louisiana,SB,-0.53,103.2,194,103.8,141,71.4,160,11/11/24 0:00
167,DePaul,BE,-0.55,104.5,167,105.1,163,70.5,222,11/11/24 0:00
168,UNC Greensboro,SC,-0.78,105,155,105.8,186,68.6,329,11/11/24 0:00
169,Richmond,A10,-0.88,104.4,170,105.3,171,70.4,229,11/11/24 0:00
170,Northern Colorado,BSky,-0.96,105.6,151,106.5,208,72.3,99,11/11/24 0:00
171,South Dakota St.,Sum,-1,105.5,152,106.5,206,71.3,166,11/11/24 0:00
172,Northern Kentucky,Horz,-1.06,100.1,269,101.2,97,69.9,270,11/11/24 0:00
173,James Madison,SB,-1.2,104.9,159,106.1,195,69.7,282,11/11/24 0:00
174,St. Thomas,Sum,-1.37,107,130,108.4,262,69.6,287,11/11/24 0:00
175,Belmont,MVC,-1.45,104.6,165,106,191,72.8,76,11/11/24 0:00
176,Stephen F. Austin,Slnd,-1.48,101.3,246,102.8,119,70.5,217,11/11/24 0:00
177,Merrimack,MAAC,-1.48,98.7,292,100.2,85,69.8,274,11/11/24 0:00
178,Bryant,AE,-1.51,102.6,207,104.1,147,75.7,6,11/11/24 0:00
179,Longwood,BSth,-1.66,103.6,189,105.2,169,70.3,240,11/11/24 0:00
180,East Tennessee St.,SC,-1.74,104.9,156,106.7,219,69.6,285,11/11/24 0:00
181,Tulane,Amer,-1.76,103.8,182,105.6,182,74.2,19,11/11/24 0:00
182,Wright St.,Horz,-1.81,105.9,144,107.8,250,72.2,107,11/11/24 0:00
183,Georgia Southern,SB,-1.82,103.5,190,105.3,172,73.4,40,11/11/24 0:00
184,Illinois Chicago,MVC,-1.83,104.2,173,106,193,71.3,176,11/11/24 0:00
185,Hawaii,BW,-1.99,103.8,183,105.8,187,69.1,309,11/11/24 0:00
186,Appalachian St.,SB,-2.04,101.7,232,103.8,142,70.8,207,11/11/24 0:00
187,Jacksonville,ASun,-2.13,102.3,215,104.4,155,67.9,346,11/11/24 0:00
188,Northeastern,CAA,-2.29,104.6,163,106.9,226,70,268,11/11/24 0:00
189,Marshall,SB,-2.38,103.8,185,106.1,196,72.6,85,11/11/24 0:00
190,Drexel,CAA,-2.4,102.4,214,104.8,158,68.3,336,11/11/24 0:00
191,UT Arlington,WAC,-2.62,106.4,136,109.1,284,72.5,91,11/11/24 0:00
192,Norfolk St.,MEAC,-2.72,104.1,176,106.8,221,70.2,247,11/11/24 0:00
193,Nicholls,Slnd,-2.83,102.5,210,105.3,174,70.9,198,11/11/24 0:00
194,Montana,BSky,-2.87,104.7,162,107.6,245,69,313,11/11/24 0:00
195,Milwaukee,Horz,-3.01,106.2,141,109.2,290,72,122,11/11/24 0:00
196,Wyoming,MWC,-3.15,102.4,212,105.6,183,68.7,325,11/11/24 0:00
197,Indiana St.,MVC,-3.22,103.7,186,107,229,74.4,15,11/11/24 0:00
198,Missouri St.,MVC,-3.23,100,271,103.2,129,69.7,277,11/11/24 0:00
199,Southern Utah,WAC,-3.26,102.1,222,105.4,177,73.5,37,11/11/24 0:00
200,Kansas City,Sum,-3.33,103.3,193,106.6,217,70.4,227,11/11/24 0:00
,,« Ratings on 2024-11-11 »,Current Ratings,Rk,EM,AdjT,,,,11/11/24 0:00
Rk,Team,Conf,AdjEM,AdjO,AdjD,AdjT,Rk,AdjEM,AdjO,11/11/24 0:00
201,Iona,MAAC,-3.38,105.6,150,109,279,71.4,163,11/11/24 0:00
202,Miami OH,MAC,-3.47,101.9,228,105.4,175,71,185,11/11/24 0:00
203,Cleveland St.,Horz,-3.48,102.5,208,106,192,71.3,174,11/11/24 0:00
204,Montana St.,BSky,-3.54,104.1,177,107.6,246,70.5,219,11/11/24 0:00
205,Georgia St.,SB,-3.69,103.4,192,107.1,232,71.4,161,11/11/24 0:00
206,Illinois St.,MVC,-3.71,101.4,243,105.1,164,69.2,303,11/11/24 0:00
207,UTEP,CUSA,-3.9,100.2,268,104.1,148,73.1,58,11/11/24 0:00
208,Southern Miss,SB,-3.95,101.5,237,105.5,180,72.9,66,11/11/24 0:00
209,Oakland,Horz,-3.96,102.7,205,106.7,220,70,264,11/11/24 0:00
210,UNC Asheville,BSth,-3.97,104.9,157,108.9,277,71.4,159,11/11/24 0:00
211,Mercer,SC,-4.03,102.9,202,106.9,227,73.9,25,11/11/24 0:00
212,Bucknell,PL,-4.19,101,252,105.2,167,70.7,211,11/11/24 0:00
213,Weber St.,BSky,-4.29,101.8,230,106.1,194,69.1,311,11/11/24 0:00
214,Evansville,MVC,-4.3,102.2,221,106.5,205,71.4,157,11/11/24 0:00
215,Kennesaw St.,CUSA,-4.31,104.7,161,109,282,75.9,3,11/11/24 0:00
216,Saint Peter's,MAAC,-4.32,97.8,309,102.1,110,67.9,348,11/11/24 0:00
217,American,PL,-4.44,102.1,223,106.6,213,65.9,362,11/11/24 0:00
218,Portland St.,BSky,-4.49,102.1,224,106.6,215,74.2,18,11/11/24 0:00
219,Grambling St.,SWAC,-4.52,99.7,279,104.2,149,70,266,11/11/24 0:00
220,Texas A&M Corpus Chris,Slnd,-4.52,102.6,206,107.1,233,72.6,83,11/11/24 0:00
221,CSUN,BW,-4.54,99.7,280,104.2,150,75.7,5,11/11/24 0:00
222,Florida Gulf Coast,ASun,-4.62,101.3,245,105.9,190,68,343,11/11/24 0:00
223,Abilene Christian,WAC,-4.66,100.8,256,105.5,178,72.2,103,11/11/24 0:00
224,Howard,MEAC,-4.83,102.2,217,107,230,71.1,183,11/11/24 0:00
225,Central Connecticut,NEC,-4.89,99.4,283,104.3,152,68.6,327,11/11/24 0:00
226,South Alabama,SB,-4.95,102.2,216,107.2,235,69.5,289,11/11/24 0:00
227,UTSA,Amer,-4.99,103.5,191,108.5,264,73.3,45,11/11/24 0:00
228,Rice,Amer,-5.04,101.5,238,106.5,209,71.2,180,11/11/24 0:00
229,Austin Peay,ASun,-5.19,102.4,213,107.6,247,68.8,319,11/11/24 0:00
230,Pepperdine,WCC,-5.2,103,200,108.2,259,71,188,11/11/24 0:00
231,Marist,MAAC,-5.21,101.3,244,106.6,210,68.3,335,11/11/24 0:00
232,Jacksonville St.,CUSA,-5.29,101.6,235,106.9,228,69.2,299,11/11/24 0:00
233,Quinnipiac,MAAC,-5.45,101.2,248,106.6,216,73.9,26,11/11/24 0:00
234,Gardner Webb,BSth,-5.47,102.2,218,107.7,249,71.5,149,11/11/24 0:00
235,Penn,Ivy,-5.61,104.8,160,110.4,318,69.4,293,11/11/24 0:00
236,Harvard,Ivy,-5.67,101.7,233,107.4,242,70.7,210,11/11/24 0:00
237,Navy,PL,-5.71,100.4,263,106.2,197,70.2,251,11/11/24 0:00
238,Long Beach St.,BW,-6.02,103.1,198,109.1,286,71.8,134,11/11/24 0:00
239,Ball St.,MAC,-6.16,101.5,239,107.6,248,70.1,255,11/11/24 0:00
240,Pacific,WCC,-6.63,101.5,236,108.2,258,72.3,97,11/11/24 0:00
,,« Ratings on 2024-11-11 »,Current Ratings,Rk,EM,AdjT,,,,11/11/24 0:00
Rk,Team,Conf,AdjEM,AdjO,AdjD,AdjT,Rk,AdjEM,AdjO,11/11/24 0:00
241,Maine,AE,-6.63,98.7,293,105.3,173,70.2,245,11/11/24 0:00
242,South Dakota,Sum,-6.69,104.2,175,110.8,324,74.8,11,11/11/24 0:00
243,Eastern Kentucky,ASun,-6.76,104.5,166,111.3,328,71.9,132,11/11/24 0:00
244,Colgate,PL,-6.86,100.4,265,107.2,238,70.4,239,11/11/24 0:00
245,North Dakota St.,Sum,-6.91,103.8,184,110.7,322,69.2,304,11/11/24 0:00
246,Little Rock,OVC,-6.97,101,253,108,253,73.2,52,11/11/24 0:00
247,Northern Arizona,BSky,-6.97,102.8,204,109.8,300,71,190,11/11/24 0:00
248,Valparaiso,MVC,-7.01,102.2,219,109.2,289,71.3,175,11/11/24 0:00
249,Central Michigan,MAC,-7.03,99.8,275,106.8,222,69.7,279,11/11/24 0:00
250,Radford,BSth,-7.1,103,199,110.1,308,68.7,321,11/11/24 0:00
251,William & Mary,CAA,-7.13,102.9,203,110,302,72.7,78,11/11/24 0:00
252,Albany,AE,-7.13,99.8,276,106.9,225,73.2,53,11/11/24 0:00
253,Eastern Washington,BSky,-7.17,104,180,111.1,326,73.4,42,11/11/24 0:00
254,Air Force,MWC,-7.2,103.2,196,110.4,316,65.7,363,11/11/24 0:00
255,Brown,Ivy,-7.27,101.4,242,108.6,268,69.9,271,11/11/24 0:00
256,Rider,MAAC,-7.27,99,287,106.2,200,70.2,248,11/11/24 0:00
257,Oral Roberts,Sum,-7.54,102.5,211,110,303,70.4,230,11/11/24 0:00
258,Lafayette,PL,-7.58,97.9,307,105.5,179,70.5,223,11/11/24 0:00
259,Alabama St.,SWAC,-7.58,99.7,278,107.3,240,71,184,11/11/24 0:00
260,Idaho St.,BSky,-7.59,98.6,294,106.2,199,67.7,353,11/11/24 0:00
261,San Diego,WCC,-7.61,98.6,295,106.2,198,71.7,142,11/11/24 0:00
262,Southern,SWAC,-7.64,97.5,316,105.1,165,71.5,151,11/11/24 0:00
263,Fresno St.,MWC,-7.64,97.6,312,105.2,168,74.1,21,11/11/24 0:00
264,Monmouth,CAA,-7.77,101.7,234,109.4,294,72.4,94,11/11/24 0:00
265,North Dakota,Sum,-7.9,101,254,108.9,274,71.4,158,11/11/24 0:00
266,Presbyterian,BSth,-8.05,104,178,112.1,341,68.8,317,11/11/24 0:00
267,Bowling Green,MAC,-8.14,102.2,220,110.3,312,72.8,68,11/11/24 0:00
268,Cal St. Fullerton,BW,-8.15,98.4,297,106.5,207,70.2,250,11/11/24 0:00
269,FIU,CUSA,-8.2,98.2,302,106.4,202,74.6,13,11/11/24 0:00
270,Stony Brook,CAA,-8.22,101.2,247,109.5,295,70.2,252,11/11/24 0:00
271,Queens,ASun,-8.25,98.2,301,106.4,204,75.1,8,11/11/24 0:00
272,San Jose St.,MWC,-8.28,100,270,108.3,261,68,341,11/11/24 0:00
273,Elon,CAA,-8.29,100.7,258,109,280,70.9,200,11/11/24 0:00
274,Texas Southern,SWAC,-8.41,97.1,325,105.5,181,71.9,126,11/11/24 0:00
275,Charleston Southern,BSth,-8.54,101.4,240,110,301,71.4,164,11/11/24 0:00
276,Lamar,Slnd,-8.6,100.8,257,109.4,293,71.5,153,11/11/24 0:00
277,North Carolina A&T,CAA,-8.63,99.5,282,108.1,256,73.1,56,11/11/24 0:00
278,Delaware,CAA,-8.63,100.4,264,109,283,73.2,51,11/11/24 0:00
279,Wagner,NEC,-8.63,97.1,326,105.7,184,66.9,358,11/11/24 0:00
280,Southeastern Louisiana,Slnd,-8.64,99.9,273,108.6,267,70.3,242,11/11/24 0:00
,,« Ratings on 2024-11-11 »,Current Ratings,Rk,EM,AdjT,,,,11/11/24 0:00
Rk,Team,Conf,AdjEM,AdjO,AdjD,AdjT,Rk,AdjEM,AdjO,11/11/24 0:00
281,Tarleton St.,WAC,-8.66,99.9,274,108.5,265,71.4,165,11/11/24 0:00
282,Lehigh,PL,-8.69,100,272,108.6,269,72.6,86,11/11/24 0:00
283,Coastal Carolina,SB,-8.7,98,305,106.7,218,68.2,339,11/11/24 0:00
284,Army,PL,-8.71,100.2,267,108.9,276,67.8,349,11/11/24 0:00
285,Nebraska Omaha,Sum,-8.86,100.7,262,109.5,297,70.8,205,11/11/24 0:00
286,Mount St. Mary's,MAAC,-8.88,98,304,106.9,224,71.7,144,11/11/24 0:00
287,Idaho,BSky,-8.89,100.3,266,109.2,288,69.5,291,11/11/24 0:00
288,Bethune Cookman,SWAC,-8.9,98.2,299,107.1,234,72.2,105,11/11/24 0:00
289,North Carolina Central,MEAC,-8.94,100.7,261,109.6,298,70.7,209,11/11/24 0:00
290,South Carolina St.,MEAC,-8.95,99.7,277,108.7,270,72.9,64,11/11/24 0:00
291,Old Dominion,SB,-9.07,99.7,281,108.7,271,71.9,128,11/11/24 0:00
292,Boston University,PL,-9.19,101.2,249,110.4,314,67.6,354,11/11/24 0:00
293,Fairfield,MAAC,-9.26,97.3,322,106.6,212,72,124,11/11/24 0:00
294,Western Carolina,SC,-9.26,97.2,323,106.4,203,72,116,11/11/24 0:00
295,UT Rio Grande Valley,Slnd,-9.35,101,251,110.4,317,73.4,39,11/11/24 0:00
296,Western Illinois,OVC,-9.48,97.7,311,107.2,236,67.9,347,11/11/24 0:00
297,Cal St. Bakersfield,BW,-9.64,97.7,310,107.4,243,69.1,310,11/11/24 0:00
298,Tennessee St.,OVC,-9.85,98.2,298,108.1,255,72.5,89,11/11/24 0:00
299,Morehead St.,OVC,-9.88,97.4,318,107.2,237,69.4,295,11/11/24 0:00
300,UMBC,AE,-10.16,101.7,231,111.9,337,75,10,11/11/24 0:00
301,Utah Tech,WAC,-10.35,99.3,284,109.6,299,72.6,80,11/11/24 0:00
302,Robert Morris,Horz,-10.38,98.9,288,109.3,292,71.3,172,11/11/24 0:00
303,Sacramento St.,BSky,-10.6,96.2,336,106.8,223,69.1,308,11/11/24 0:00
304,Stetson,ASun,-10.84,101.1,250,112,339,70.1,257,11/11/24 0:00
305,Siena,MAAC,-11.2,95.8,342,107,231,69.4,294,11/11/24 0:00
306,Campbell,CAA,-11.31,98,306,109.3,291,68.5,331,11/11/24 0:00
307,Western Michigan,MAC,-11.34,98.9,291,110.2,309,70.2,246,11/11/24 0:00
308,Canisius,MAAC,-11.57,102,226,113.5,354,70.5,221,11/11/24 0:00
309,Eastern Michigan,MAC,-11.61,96.3,335,107.9,252,69.2,297,11/11/24 0:00
310,Incarnate Word,Slnd,-11.64,100.9,255,112.5,346,72.1,110,11/11/24 0:00
311,Dartmouth,Ivy,-12.03,96.1,338,108.1,257,70.6,214,11/11/24 0:00
312,Portland,WCC,-12.26,100.7,259,113,349,72.1,112,11/11/24 0:00
313,Green Bay,Horz,-12.35,101.9,227,114.2,362,70.6,216,11/11/24 0:00
314,Northwestern St.,Slnd,-12.35,98.9,290,111.3,327,71,192,11/11/24 0:00
315,Bellarmine,ASun,-12.44,100.7,260,113.1,350,67.7,352,11/11/24 0:00
316,Southern Indiana,OVC,-12.71,97.5,313,110.2,310,70.1,258,11/11/24 0:00
317,Tennessee Tech,OVC,-12.73,97.4,319,110.1,304,70.4,232,11/11/24 0:00
318,Manhattan,MAAC,-12.73,96.3,334,109,281,71.5,150,11/11/24 0:00
319,SIUE,OVC,-12.77,97.3,320,110.1,305,70.5,218,11/11/24 0:00
320,Louisiana Monroe,SB,-12.83,96.7,330,109.5,296,70.8,203,11/11/24 0:00
,,« Ratings on 2024-11-11 »,Current Ratings,Rk,EM,AdjT,,,,11/11/24 0:00
Rk,Team,Conf,AdjEM,AdjO,AdjD,AdjT,Rk,AdjEM,AdjO,11/11/24 0:00
321,Tennessee Martin,OVC,-12.83,95.7,343,108.6,266,74.4,16,11/11/24 0:00
322,Denver,Sum,-12.84,99.1,285,112,338,72.5,87,11/11/24 0:00
323,Jackson St.,SWAC,-12.88,96,341,108.9,275,71.7,145,11/11/24 0:00
324,Northern Illinois,MAC,-13.02,97.5,314,110.6,320,71.7,141,11/11/24 0:00
325,Binghamton,AE,-13.09,99,286,112.1,344,70,265,11/11/24 0:00
326,Southeast Missouri,OVC,-13.28,96.8,328,110.1,307,72.6,81,11/11/24 0:00
327,Hampton,CAA,-13.68,97.1,324,110.8,323,72,118,11/11/24 0:00
328,Cal Poly,BW,-13.9,95,347,108.9,278,72.8,72,11/11/24 0:00
329,Niagara,MAAC,-14.3,97.5,315,111.8,336,70.1,260,11/11/24 0:00
330,Sacred Heart,MAAC,-14.43,97,327,111.4,333,73.7,34,11/11/24 0:00
331,New Hampshire,AE,-14.44,96.6,331,111,325,73.8,30,11/11/24 0:00
332,West Georgia,ASun,-14.63,97.4,317,112,340,71.8,136,11/11/24 0:00
333,Buffalo,MAC,-14.66,98.9,289,113.6,357,72.3,101,11/11/24 0:00
334,Le Moyne,NEC,-14.76,98.2,303,112.9,348,71.9,125,11/11/24 0:00
335,Morgan St.,MEAC,-14.91,97.3,321,112.2,345,73.2,55,11/11/24 0:00
336,The Citadel,SC,-14.97,95.7,344,110.6,321,69.5,290,11/11/24 0:00
337,Detroit Mercy,Horz,-15.03,98.2,300,113.2,351,69.2,301,11/11/24 0:00
338,Chicago St.,NEC,-15.19,94.9,349,110.1,306,71,191,11/11/24 0:00
339,Holy Cross,PL,-15.2,98.5,296,113.7,358,70.4,233,11/11/24 0:00
340,Central Arkansas,ASun,-15.31,96,340,111.3,329,72.8,77,11/11/24 0:00
341,Delaware St.,MEAC,-15.39,92.6,358,108,254,72.1,109,11/11/24 0:00
342,Eastern Illinois,OVC,-15.46,95,348,110.5,319,72,121,11/11/24 0:00
343,Alabama A&M,SWAC,-15.5,93.3,357,108.8,272,73,61,11/11/24 0:00
344,Saint Francis,NEC,-15.56,94.8,351,110.3,313,71,189,11/11/24 0:00
345,Loyola MD,PL,-15.6,94.7,352,110.3,311,71.5,155,11/11/24 0:00
346,NJIT,AE,-15.79,94.6,353,110.4,315,68.5,330,11/11/24 0:00
347,Alcorn St.,SWAC,-16.33,97.8,308,114.2,361,69.6,286,11/11/24 0:00
348,Lindenwood,OVC,-16.59,95.1,346,111.7,334,71.3,167,11/11/24 0:00
349,USC Upstate,BSth,-16.77,96.8,329,113.5,353,71.8,138,11/11/24 0:00
350,New Orleans,Slnd,-16.88,96,339,112.9,347,72.1,111,11/11/24 0:00
351,Mercyhurst,NEC,-17.11,96.1,337,113.2,352,69.4,292,11/11/24 0:00
352,Prairie View A&M,SWAC,-17.5,93.9,355,111.4,331,74.3,17,11/11/24 0:00
353,Fairleigh Dickinson,NEC,-17.53,96.6,332,114.1,359,74.8,12,11/11/24 0:00
354,VMI,SC,-17.86,94.2,354,112.1,342,74.5,14,11/11/24 0:00
355,LIU,NEC,-18.39,93.7,356,112.1,343,73.8,32,11/11/24 0:00
356,Florida A&M,SWAC,-19,92.4,361,111.4,330,72.1,113,11/11/24 0:00
357,Texas A&M Commerce,Slnd,-19.24,92.5,360,111.7,335,72.2,104,11/11/24 0:00
358,Houston Christian,Slnd,-19.26,94.8,350,114.1,360,71.7,146,11/11/24 0:00
359,Arkansas Pine Bluff,SWAC,-19.84,95.6,345,115.5,363,74,22,11/11/24 0:00
360,Stonehill,NEC,-19.9,91.5,362,111.4,332,71.3,169,11/11/24 0:00
,,« Ratings on 2024-11-11 »,Current Ratings,Rk,EM,AdjT,,,,11/11/24 0:00
Rk,Team,Conf,AdjEM,AdjO,AdjD,AdjT,Rk,AdjEM,AdjO,11/11/24 0:00
361,IU Indy,Horz,-19.96,96.4,333,116.4,364,70.2,244,11/11/24 0:00
362,Maryland Eastern Shore,MEAC,-21.07,92.5,359,113.6,356,71,193,11/11/24 0:00
363,Coppin St.,MEAC,-22.65,86.5,364,109.2,287,70,263,11/11/24 0:00
364,Mississippi Valley St.,SWAC,-26.32,87.2,363,113.6,355,70,269,11/11/24 0:00
1,Auburn,SEC,29.87,121.4,2,91.6,4,71.7,138,11/12/24 0:00
2,Houston,B12,28.95,119.8,4,90.8,2,66.5,360,11/12/24 0:00
3,Duke,ACC,27.82,119.9,3,92,6,71.2,175,11/12/24 0:00
4,Gonzaga,WCC,27.05,124.2,1,97.2,47,72.6,79,11/12/24 0:00
5,Connecticut,BE,26.1,118.7,8,92.6,7,69,313,11/12/24 0:00
6,Arizona,B12,25,118.1,11,93.1,9,74.1,17,11/12/24 0:00
7,Iowa St.,B12,24.71,115.4,25,90.7,1,70.4,230,11/12/24 0:00
8,Kansas,B12,24.35,119.4,5,95.1,19,72.4,93,11/12/24 0:00
9,Tennessee,SEC,24.34,115.3,26,90.9,3,69.5,287,11/12/24 0:00
10,Alabama,SEC,23.94,119.1,7,95.2,20,74.8,10,11/12/24 0:00
11,Texas Tech,B12,22,116.7,16,94.6,14,68.3,338,11/12/24 0:00
12,Purdue,B10,21.72,119.3,6,97.6,51,69.6,280,11/12/24 0:00
13,Cincinnati,B12,21.36,116.1,19,94.8,17,70,258,11/12/24 0:00
14,St. John's,BE,21.14,115.8,22,94.7,15,73.2,50,11/12/24 0:00
15,Ohio St.,B10,21.06,115.9,20,94.8,18,70.6,208,11/12/24 0:00
16,North Carolina,ACC,21.04,118.1,10,97.1,45,74,21,11/12/24 0:00
17,Texas A&M,SEC,20.61,116.2,18,95.6,25,69.1,305,11/12/24 0:00
18,Creighton,BE,20.4,118.6,9,98.2,58,72,118,11/12/24 0:00
19,Illinois,B10,19.95,116.7,15,96.8,40,73.2,48,11/12/24 0:00
20,Florida,SEC,19.83,117.2,13,97.4,49,73.2,47,11/12/24 0:00
21,Mississippi St.,SEC,19.75,115.9,21,96.1,31,70.9,192,11/12/24 0:00
22,Oregon,B10,19.56,115.8,23,96.2,34,70,259,11/12/24 0:00
23,Marquette,BE,19.37,113.9,37,94.5,13,72.8,70,11/12/24 0:00
24,Baylor,B12,19.37,117.3,12,97.9,54,68.5,329,11/12/24 0:00
25,Texas,SEC,18.88,114.6,34,95.8,27,70.4,228,11/12/24 0:00
26,Clemson,ACC,18.74,115.6,24,96.9,42,70.3,234,11/12/24 0:00
27,Pittsburgh,ACC,18.7,115.2,28,96.5,36,70.7,202,11/12/24 0:00
28,Dayton,A10,18.6,113.3,41,94.7,16,69.1,302,11/12/24 0:00
29,Michigan,B10,18.44,114.9,32,96.5,37,71.1,180,11/12/24 0:00
30,UCLA,B10,18.39,111.3,65,92.9,8,68.9,315,11/12/24 0:00
31,Kentucky,SEC,18.37,116.4,17,98,56,73.8,25,11/12/24 0:00
32,Maryland,B10,18.25,110.2,76,91.9,5,70,263,11/12/24 0:00
33,BYU,B12,18.1,115.2,27,97.2,46,71.5,152,11/12/24 0:00
34,Michigan St.,B10,18.05,112.2,48,94.2,11,70.1,246,11/12/24 0:00
35,Arkansas,SEC,17.79,112,51,94.2,12,72.3,96,11/12/24 0:00
36,VCU,A10,17.4,112.6,46,95.2,23,70.4,223,11/12/24 0:00
37,Northwestern,B10,16.72,111.9,52,95.2,21,68.8,318,11/12/24 0:00
38,Memphis,Amer,16.57,113.5,40,96.9,43,73.9,23,11/12/24 0:00
39,Wisconsin,B10,16.47,114.4,36,97.9,55,68.4,334,11/12/24 0:00
40,Indiana,B10,16.2,112.1,49,95.9,29,71.8,131,11/12/24 0:00
,,« Ratings on 2024-11-12 »,Current Ratings,Rk,EM,AdjT,,,,11/12/24 0:00
Rk,Team,Conf,AdjEM,AdjO,AdjD,AdjT,Rk,AdjEM,AdjO,11/12/24 0:00
41,Iowa,B10,16.06,116.8,14,100.8,93,73.8,26,11/12/24 0:00
42,Saint Mary's,WCC,15.92,115.1,29,99.2,72,67,357,11/12/24 0:00
43,Penn St.,B10,15.88,113.1,43,97.2,48,73.3,43,11/12/24 0:00
44,Boise St.,MWC,15.77,113.6,38,97.9,53,69.1,306,11/12/24 0:00
45,Oklahoma,SEC,15.6,110.8,71,95.2,22,70.3,238,11/12/24 0:00
46,Miami FL,ACC,15.28,115.1,30,99.8,77,71.3,170,11/12/24 0:00
47,Utah St.,MWC,14.97,114.5,35,99.5,74,72.1,108,11/12/24 0:00
48,Villanova,BE,14.74,115,31,100.3,86,67.3,355,11/12/24 0:00
49,LSU,SEC,14.55,112.3,47,97.8,52,72.3,99,11/12/24 0:00
50,TCU,B12,14.47,111.8,54,97.4,50,70.8,200,11/12/24 0:00
51,Kansas St.,B12,14.32,110.1,78,95.7,26,70.3,235,11/12/24 0:00
52,San Diego St.,MWC,14.1,108.3,105,94.2,10,69.1,307,11/12/24 0:00
53,Xavier,BE,14.07,114.8,33,100.7,92,72.2,104,11/12/24 0:00
54,USC,B10,13.59,112.1,50,98.5,66,71.8,136,11/12/24 0:00
55,Nevada,MWC,13.48,111.6,57,98.1,57,69.1,304,11/12/24 0:00
56,Wake Forest,ACC,13.41,109.6,86,96.2,32,72.3,95,11/12/24 0:00
57,New Mexico,MWC,13.34,109.7,81,96.4,35,76.7,1,11/12/24 0:00
58,N.C. State,ACC,13.15,113.3,42,100.1,81,71.4,158,11/12/24 0:00
59,Mississippi,SEC,13.04,113.6,39,100.5,88,70.6,209,11/12/24 0:00
60,UCF,B12,12.69,108.9,93,96.2,33,70.5,217,11/12/24 0:00
61,SMU,ACC,12.63,113,44,100.4,87,73.1,54,11/12/24 0:00
62,UC Irvine,BW,12.47,107.8,113,95.4,24,71.3,165,11/12/24 0:00
63,Rutgers,B10,12.3,108.1,108,95.8,28,70.7,201,11/12/24 0:00
64,Missouri,SEC,12.27,112.9,45,100.6,90,69.7,277,11/12/24 0:00
65,Utah,B12,12.17,110.9,68,98.8,69,72.2,103,11/12/24 0:00
66,Arizona St.,B12,11.75,108.6,100,96.8,41,71.2,177,11/12/24 0:00
67,Minnesota,B10,11.69,110,79,98.3,61,68.7,320,11/12/24 0:00
68,Louisville,ACC,11.35,109.6,82,98.3,63,73.1,56,11/12/24 0:00
69,Nebraska,B10,11.29,107.4,122,96.1,30,72.8,71,11/12/24 0:00
70,Grand Canyon,WAC,11.17,111.4,62,100.3,85,71.9,129,11/12/24 0:00
71,Providence,BE,11.04,107.6,115,96.5,38,70,261,11/12/24 0:00
72,North Texas,Amer,10.89,109.6,84,98.7,68,66.4,361,11/12/24 0:00
73,Georgia,SEC,10.63,110.8,70,100.2,83,71.8,135,11/12/24 0:00
74,West Virginia,B12,10.36,109.5,87,99.2,73,70.9,195,11/12/24 0:00
75,South Carolina,SEC,10.29,108.8,96,98.5,67,68.1,343,11/12/24 0:00
76,San Francisco,WCC,10.21,111.5,59,101.3,100,72.5,89,11/12/24 0:00
77,Colorado St.,MWC,10.17,108.5,102,98.4,65,71,186,11/12/24 0:00
78,Notre Dame,ACC,10.06,109.6,85,99.6,75,69.5,286,11/12/24 0:00
79,Stanford,ACC,9.9,111,66,101.1,96,68.6,325,11/12/24 0:00
80,Wichita St.,Amer,9.26,110.6,73,101.3,101,72.9,62,11/12/24 0:00
,,« Ratings on 2024-11-12 »,Current Ratings,Rk,EM,AdjT,,,,11/12/24 0:00
Rk,Team,Conf,AdjEM,AdjO,AdjD,AdjT,Rk,AdjEM,AdjO,11/12/24 0:00
81,Washington,B10,9.21,105.9,147,96.6,39,72.6,83,11/12/24 0:00
82,George Mason,A10,9.21,108.1,107,98.9,70,69.2,300,11/12/24 0:00
83,Florida St.,ACC,9.11,107.3,124,98.2,59,73.7,31,11/12/24 0:00
84,Florida Atlantic,Amer,9.1,110.1,77,101,94,73,59,11/12/24 0:00
85,Colorado,B12,9.05,107.3,123,98.3,62,70.2,240,11/12/24 0:00
86,Syracuse,ACC,8.78,111.8,53,103,126,73.9,24,11/12/24 0:00
87,Princeton,Ivy,8.6,111.5,60,102.9,122,70.4,229,11/12/24 0:00
88,Santa Clara,WCC,8.33,111.6,56,103.2,131,71.9,128,11/12/24 0:00
89,Loyola Chicago,A10,8.24,107.8,112,99.6,76,72.1,109,11/12/24 0:00
90,Oklahoma St.,B12,7.97,106.3,139,98.3,64,75,8,11/12/24 0:00
91,Louisiana Tech,CUSA,7.93,110.2,75,102.3,115,68.9,314,11/12/24 0:00
92,Georgia Tech,ACC,7.88,110.9,67,103.1,127,72.8,72,11/12/24 0:00
93,UNLV,MWC,7.8,111.6,58,103.8,142,69.7,271,11/12/24 0:00
94,Liberty,CUSA,7.75,108.4,104,100.6,91,67.7,351,11/12/24 0:00
95,Vanderbilt,SEC,7.73,111.3,63,103.6,140,72.3,100,11/12/24 0:00
96,Georgetown,BE,7.67,110.9,69,103.3,132,70.1,252,11/12/24 0:00
97,Washington St.,WCC,7.64,110.8,72,103.2,129,73.6,35,11/12/24 0:00
98,Virginia,ACC,7.51,105.8,149,98.3,60,65.3,363,11/12/24 0:00
99,Virginia Tech,ACC,7.46,108,109,100.6,89,69.4,289,11/12/24 0:00
100,Bradley,MVC,7.18,109.4,89,102.2,114,69.6,279,11/12/24 0:00
101,UAB,Amer,6.89,111.7,55,104.8,161,72,116,11/12/24 0:00
102,Butler,BE,6.83,108.8,97,101.9,107,70.5,216,11/12/24 0:00
103,Oregon St.,WCC,6.36,106.4,137,100,80,68.4,335,11/12/24 0:00
104,Sam Houston St.,CUSA,6.33,108.9,92,102.6,117,71.7,140,11/12/24 0:00
105,Yale,Ivy,6.04,109.4,90,103.3,134,71.4,157,11/12/24 0:00
106,Seton Hall,BE,5.94,102.9,200,96.9,44,68.7,321,11/12/24 0:00
107,Rhode Island,A10,5.87,109.5,88,103.6,141,72.5,87,11/12/24 0:00
108,High Point,BSth,5.66,111.5,61,105.8,189,71.5,151,11/12/24 0:00
109,McNeese,Slnd,5.57,107.5,116,102,108,69.8,267,11/12/24 0:00
110,Massachusetts,A10,5.47,107.3,125,101.8,105,73.3,44,11/12/24 0:00
111,UC San Diego,BW,5.44,108.8,95,103.4,136,70,255,11/12/24 0:00
112,Arkansas St.,SB,5.26,107.9,111,102.6,118,73.7,32,11/12/24 0:00
113,Charleston,CAA,5.24,108.2,106,103,123,73.2,46,11/12/24 0:00
114,Saint Joseph's,A10,5.16,107.2,126,102,110,72,115,11/12/24 0:00
115,UC Santa Barbara,BW,5.1,107.5,120,102.4,116,70.4,225,11/12/24 0:00
116,Saint Louis,A10,4.84,110.3,74,105.4,180,73,58,11/12/24 0:00
117,Troy,SB,4.8,103.9,183,99.1,71,72.9,66,11/12/24 0:00
118,Drake,MVC,4.6,105.7,153,101.1,95,69.3,298,11/12/24 0:00
119,St. Bonaventure,A10,4.47,107.8,114,103.3,135,68.7,322,11/12/24 0:00
120,Lipscomb,ASun,4.44,108.5,101,104.1,148,71.4,159,11/12/24 0:00
,,« Ratings on 2024-11-12 »,Current Ratings,Rk,EM,AdjT,,,,11/12/24 0:00
Rk,Team,Conf,AdjEM,AdjO,AdjD,AdjT,Rk,AdjEM,AdjO,11/12/24 0:00
121,Temple,Amer,4.29,108.7,98,104.4,157,71.1,179,11/12/24 0:00
122,Towson,CAA,4.15,107.2,127,103,125,67.9,345,11/12/24 0:00
123,Vermont,AE,4.03,104,182,100,79,66.7,359,11/12/24 0:00
124,Murray St.,MVC,4.02,107.5,117,103.5,138,69.6,284,11/12/24 0:00
125,South Florida,Amer,3.99,106,145,102,109,73.4,42,11/12/24 0:00
126,UMass Lowell,AE,3.61,108.5,103,104.9,166,72.9,67,11/12/24 0:00
127,Utah Valley,WAC,3.57,103.7,185,100.1,82,72,122,11/12/24 0:00
128,Davidson,A10,3.56,107.9,110,104.3,154,70.6,211,11/12/24 0:00
129,Western Kentucky,CUSA,3.21,104.4,173,101.2,98,75.4,6,11/12/24 0:00
130,Kent St.,MAC,3.12,106,144,102.9,121,69.7,275,11/12/24 0:00
131,Wofford,SC,3.03,111.3,64,108.3,260,67.9,347,11/12/24 0:00
132,Akron,MAC,3.01,104.3,174,101.3,99,70.2,241,11/12/24 0:00
133,Northern Iowa,MVC,2.85,106.4,136,103.5,139,69.7,276,11/12/24 0:00
134,California,ACC,2.76,106.3,140,103.5,137,72.9,63,11/12/24 0:00
135,La Salle,A10,2.5,104.6,168,102.1,112,69.6,282,11/12/24 0:00
136,Purdue Fort Wayne,Horz,2.45,105.7,151,103.3,133,72.9,64,11/12/24 0:00
137,Middle Tennessee,CUSA,2.21,102,220,99.8,78,70.1,249,11/12/24 0:00
138,East Carolina,Amer,2.21,106.7,132,104.5,158,67.9,346,11/12/24 0:00
139,North Florida,ASun,2.07,108.7,99,106.6,213,73.2,49,11/12/24 0:00
140,DePaul,BE,2.01,105.8,148,103.8,143,70.9,194,11/12/24 0:00
141,George Washington,A10,1.98,106.8,131,104.8,165,71.5,154,11/12/24 0:00
142,Boston College,ACC,1.62,104.8,164,103.1,128,70.4,224,11/12/24 0:00
143,Ohio,MAC,1.58,109.1,91,107.5,244,71.6,147,11/12/24 0:00
144,UC Riverside,BW,1.55,107.5,119,105.9,192,71.3,168,11/12/24 0:00
145,New Mexico St.,CUSA,1.5,103.2,192,101.7,103,69.5,288,11/12/24 0:00
146,Seattle,WAC,1.47,104.5,171,103,124,70.6,210,11/12/24 0:00
147,Texas St.,SB,1.39,103.2,194,101.8,104,68.6,324,11/12/24 0:00
148,Tulsa,Amer,1.25,106.5,134,105.3,172,72.7,74,11/12/24 0:00
149,Columbia,Ivy,1.05,108.9,94,107.8,250,72.7,76,11/12/24 0:00
150,Loyola Marymount,WCC,1.04,106.1,143,105,167,69.1,308,11/12/24 0:00
151,Charlotte,Amer,0.88,109.8,80,108.9,273,67,356,11/12/24 0:00
152,Winthrop,BSth,0.83,103,198,102.2,113,70.9,196,11/12/24 0:00
153,Furman,SC,0.76,105.3,156,104.5,159,71.8,130,11/12/24 0:00
154,Samford,SC,0.76,107.4,121,106.6,217,75.7,3,11/12/24 0:00
155,Duquesne,A10,0.67,102.6,205,101.9,106,71.8,134,11/12/24 0:00
156,Tulane,Amer,0.54,104.9,161,104.4,156,73,61,11/12/24 0:00
157,Toledo,MAC,0.5,109.6,83,109.1,286,72.8,73,11/12/24 0:00
158,UNC Wilmington,CAA,0.42,106.4,138,105.9,193,70.8,198,11/12/24 0:00
159,Hofstra,CAA,0.24,105,157,104.8,164,70.7,203,11/12/24 0:00
160,Cal Baptist,WAC,0.16,107.5,118,107.3,240,68.4,337,11/12/24 0:00
,,« Ratings on 2024-11-12 »,Current Ratings,Rk,EM,AdjT,,,,11/12/24 0:00
Rk,Team,Conf,AdjEM,AdjO,AdjD,AdjT,Rk,AdjEM,AdjO,11/12/24 0:00
161,Southern Illinois,MVC,0.11,104.2,175,104.1,147,73.6,34,11/12/24 0:00
162,Fordham,A10,-0.09,101.5,239,101.5,102,71.3,171,11/12/24 0:00
163,North Alabama,ASun,-0.1,106.7,133,106.8,221,70.6,215,11/12/24 0:00
164,UC Davis,BW,-0.19,101.9,226,102,111,73.5,36,11/12/24 0:00
165,Cornell,Ivy,-0.34,107.1,129,107.4,242,73.8,29,11/12/24 0:00
166,Louisiana,SB,-0.53,103.3,191,103.8,144,71.4,163,11/12/24 0:00
167,UNC Greensboro,SC,-0.66,104.5,170,105.1,168,69,310,11/12/24 0:00
168,Chattanooga,SC,-0.81,107.2,128,108,253,69.2,299,11/12/24 0:00
169,South Dakota St.,Sum,-0.84,105.7,152,106.5,208,71.6,148,11/12/24 0:00
170,Richmond,A10,-0.88,104.4,172,105.3,173,70.4,226,11/12/24 0:00
171,Northern Colorado,BSky,-0.94,105.6,154,106.6,210,72.3,98,11/12/24 0:00
172,Northern Kentucky,Horz,-1.18,100,271,101.1,97,69.8,268,11/12/24 0:00
173,James Madison,SB,-1.2,104.9,159,106.1,198,69.6,281,11/12/24 0:00
174,Hawaii,BW,-1.3,104.1,180,105.4,177,68.8,317,11/12/24 0:00
175,Belmont,MVC,-1.37,104.7,167,106.1,196,72.5,85,11/12/24 0:00
176,St. Thomas,Sum,-1.37,107,130,108.4,263,69.6,285,11/12/24 0:00
177,Stephen F. Austin,Slnd,-1.48,101.3,243,102.8,120,70.5,218,11/12/24 0:00
178,Merrimack,MAAC,-1.48,98.7,291,100.2,84,69.7,272,11/12/24 0:00
179,Bryant,AE,-1.51,102.6,203,104.1,149,75.6,5,11/12/24 0:00
180,Longwood,BSth,-1.66,103.6,186,105.3,171,70.3,237,11/12/24 0:00
181,Illinois Chicago,MVC,-1.68,104.1,177,105.8,190,71.1,181,11/12/24 0:00
182,Youngstown St.,Horz,-1.73,102.2,218,103.9,146,71.6,144,11/12/24 0:00
183,East Tennessee St.,SC,-1.74,105,158,106.7,218,69.6,283,11/12/24 0:00
184,Wright St.,Horz,-1.81,106,146,107.8,248,72.1,106,11/12/24 0:00
185,Georgia Southern,SB,-1.82,103.5,188,105.3,176,73.4,41,11/12/24 0:00
186,Marshall,SB,-1.93,103.6,187,105.5,182,72.4,92,11/12/24 0:00
187,Appalachian St.,SB,-2.04,101.8,229,103.8,145,70.7,204,11/12/24 0:00
188,Northeastern,CAA,-2.38,104.8,163,107.2,234,69.8,269,11/12/24 0:00
189,Drexel,CAA,-2.4,102.4,211,104.8,163,68.3,341,11/12/24 0:00
190,UT Arlington,WAC,-2.62,106.5,135,109.1,284,72.5,91,11/12/24 0:00
191,Jacksonville,ASun,-2.68,101.6,232,104.3,153,68.7,319,11/12/24 0:00
192,Norfolk St.,MEAC,-2.72,104.1,178,106.8,222,70.2,245,11/12/24 0:00
193,Nicholls,Slnd,-2.8,102.5,208,105.3,174,70.9,193,11/12/24 0:00
194,Montana,BSky,-2.87,104.7,166,107.6,245,69,312,11/12/24 0:00
195,Milwaukee,Horz,-3.01,106.2,142,109.2,289,72,121,11/12/24 0:00
196,Wyoming,MWC,-3.15,102.5,209,105.6,187,68.6,326,11/12/24 0:00
197,Missouri St.,MVC,-3.17,100,268,103.2,130,69.7,278,11/12/24 0:00
198,Indiana St.,MVC,-3.22,103.8,184,107,227,74.4,16,11/12/24 0:00
199,Southern Utah,WAC,-3.26,102.2,216,105.4,181,73.5,39,11/12/24 0:00
200,Iona,MAAC,-3.38,105.6,155,109,277,71.3,166,11/12/24 0:00
,,« Ratings on 2024-11-12 »,Current Ratings,Rk,EM,AdjT,,,,11/12/24 0:00
Rk,Team,Conf,AdjEM,AdjO,AdjD,AdjT,Rk,AdjEM,AdjO,11/12/24 0:00
201,Miami OH,MAC,-3.47,101.9,225,105.4,179,71,185,11/12/24 0:00
202,Cleveland St.,Horz,-3.48,102.6,204,106.1,195,71.2,172,11/12/24 0:00
203,Montana St.,BSky,-3.54,104.1,179,107.6,246,70.5,220,11/12/24 0:00
204,Saint Peter's,MAAC,-3.56,99.2,287,102.8,119,67.4,354,11/12/24 0:00
205,Georgia St.,SB,-3.69,103.4,190,107.1,231,71.3,164,11/12/24 0:00
206,Kansas City,Sum,-3.73,103.2,193,106.9,226,69.7,274,11/12/24 0:00
207,UTEP,CUSA,-3.9,100.2,266,104.1,151,73.1,57,11/12/24 0:00
208,Illinois St.,MVC,-3.9,100.9,254,104.8,162,69.3,296,11/12/24 0:00
209,Austin Peay,ASun,-3.92,102,222,105.9,191,68.3,339,11/12/24 0:00
210,Southern Miss,SB,-3.95,101.6,233,105.5,185,72.9,68,11/12/24 0:00
211,Oakland,Horz,-3.96,102.8,202,106.7,219,70,260,11/12/24 0:00
212,UNC Asheville,BSth,-4.11,104.9,160,109,279,71.5,150,11/12/24 0:00
213,Bucknell,PL,-4.2,101.1,247,105.3,175,70.7,205,11/12/24 0:00
214,Weber St.,BSky,-4.29,101.8,227,106.1,197,69,311,11/12/24 0:00
215,Evansville,MVC,-4.3,102.2,215,106.5,207,71.4,160,11/12/24 0:00
216,Kennesaw St.,CUSA,-4.31,104.8,165,109.1,281,75.9,2,11/12/24 0:00
217,Portland St.,BSky,-4.38,102.2,213,106.6,215,74.1,18,11/12/24 0:00
218,American,PL,-4.44,102.2,217,106.6,216,65.8,362,11/12/24 0:00
219,CSUN,BW,-4.54,99.7,279,104.3,152,75.7,4,11/12/24 0:00
220,Florida Gulf Coast,ASun,-4.61,101.4,240,106,194,67.8,348,11/12/24 0:00
221,Texas A&M Corpus Chris,Slnd,-4.63,102.4,210,107,229,72.5,90,11/12/24 0:00
222,Abilene Christian,WAC,-4.66,100.8,256,105.5,183,72.2,102,11/12/24 0:00
223,South Alabama,SB,-4.73,102.5,206,107.3,236,69.4,291,11/12/24 0:00
224,Grambling St.,SWAC,-4.82,99.3,284,104.1,150,70.1,250,11/12/24 0:00
225,Central Connecticut,NEC,-4.9,99.5,281,104.4,155,68.6,327,11/12/24 0:00
226,Howard,MEAC,-4.98,102.1,219,107,228,71.2,176,11/12/24 0:00
227,UTSA,Amer,-4.99,103.5,189,108.5,265,73.3,45,11/12/24 0:00
228,Rice,Amer,-5.04,101.5,235,106.6,211,71.1,178,11/12/24 0:00
229,Pepperdine,WCC,-5.2,103.1,197,108.2,259,71,188,11/12/24 0:00
230,Gardner Webb,BSth,-5.2,102,223,107.2,233,71.8,133,11/12/24 0:00
231,Marist,MAAC,-5.21,101.4,242,106.6,212,68.3,340,11/12/24 0:00
232,Central Michigan,MAC,-5.28,99.4,282,104.6,160,70,254,11/12/24 0:00
233,Quinnipiac,MAAC,-5.29,101.2,246,106.4,206,73.8,30,11/12/24 0:00
234,Penn,Ivy,-5.61,104.8,162,110.4,318,69.3,293,11/12/24 0:00
235,Eastern Washington,BSky,-5.63,105.7,150,111.4,329,72.6,80,11/12/24 0:00
236,Harvard,Ivy,-5.67,101.7,230,107.4,243,70.7,206,11/12/24 0:00
237,Jacksonville St.,CUSA,-5.71,101.6,234,107.3,238,69.4,290,11/12/24 0:00
238,Navy,PL,-5.71,100.5,262,106.2,199,70.1,248,11/12/24 0:00
239,Long Beach St.,BW,-6,103.1,195,109.1,285,71.7,139,11/12/24 0:00
240,Ball St.,MAC,-6.16,101.5,236,107.7,247,70.1,251,11/12/24 0:00
,,« Ratings on 2024-11-12 »,Current Ratings,Rk,EM,AdjT,,,,11/12/24 0:00
Rk,Team,Conf,AdjEM,AdjO,AdjD,AdjT,Rk,AdjEM,AdjO,11/12/24 0:00
241,Maine,AE,-6.63,98.7,292,105.4,178,70.2,243,11/12/24 0:00
242,South Dakota,Sum,-6.69,104.2,176,110.9,323,74.8,11,11/12/24 0:00
243,Eastern Kentucky,ASun,-6.76,104.6,169,111.3,327,71.8,132,11/12/24 0:00
244,Colgate,PL,-6.86,100.4,264,107.3,239,70.3,236,11/12/24 0:00
245,Little Rock,OVC,-6.93,101.3,244,108.2,258,73.5,38,11/12/24 0:00
246,Northern Arizona,BSky,-6.97,102.8,201,109.8,299,71,190,11/12/24 0:00
247,Valparaiso,MVC,-7,102.2,212,109.2,288,71.2,174,11/12/24 0:00
248,Radford,BSth,-7.11,103.1,196,110.2,310,68.6,323,11/12/24 0:00
249,Mercer,SC,-7.12,101.3,245,108.4,264,74.5,15,11/12/24 0:00
250,William & Mary,CAA,-7.13,102.9,199,110,304,72.7,78,11/12/24 0:00
251,Albany,AE,-7.13,99.8,275,106.9,225,73.2,52,11/12/24 0:00
252,Rider,MAAC,-7.15,99.2,286,106.4,202,70.1,253,11/12/24 0:00
253,Pacific,WCC,-7.27,101.1,248,108.4,261,72.1,114,11/12/24 0:00
254,Brown,Ivy,-7.27,101.4,241,108.7,269,69.9,266,11/12/24 0:00
255,Oral Roberts,Sum,-7.55,102.5,207,110.1,305,70.4,227,11/12/24 0:00
256,Lafayette,PL,-7.58,97.9,309,105.5,184,70.4,222,11/12/24 0:00
257,Alabama St.,SWAC,-7.58,99.8,278,107.3,241,71,183,11/12/24 0:00
258,Idaho St.,BSky,-7.61,98.6,296,106.3,200,67.6,353,11/12/24 0:00
259,North Dakota St.,Sum,-7.63,106.2,141,113.9,358,68.6,328,11/12/24 0:00
260,Southern,SWAC,-7.64,97.5,314,105.1,169,71.5,153,11/12/24 0:00
261,Fresno St.,MWC,-7.65,97.6,311,105.3,170,74,20,11/12/24 0:00
262,San Diego,WCC,-7.69,98.7,293,106.4,203,71.5,149,11/12/24 0:00
263,Monmouth,CAA,-7.77,101.7,231,109.5,293,72.4,94,11/12/24 0:00
264,North Dakota,Sum,-7.9,101,250,108.9,275,71.4,161,11/12/24 0:00
265,Presbyterian,BSth,-8.06,104,181,112.1,340,68.8,316,11/12/24 0:00
266,Bowling Green,MAC,-8.14,102.2,214,110.3,314,72.8,69,11/12/24 0:00
267,Cal St. Fullerton,BW,-8.15,98.4,298,106.5,209,70.1,247,11/12/24 0:00
268,FIU,CUSA,-8.2,98.2,304,106.4,201,74.6,13,11/12/24 0:00
269,Queens,ASun,-8.25,98.2,303,106.4,205,75,7,11/12/24 0:00
270,San Jose St.,MWC,-8.28,100.1,267,108.4,262,68.1,344,11/12/24 0:00
271,Elon,CAA,-8.3,100.8,257,109,280,70.8,197,11/12/24 0:00
272,Texas Southern,SWAC,-8.41,97.1,323,105.5,186,71.9,127,11/12/24 0:00
273,Charleston Southern,BSth,-8.54,101.5,238,110,303,71.3,167,11/12/24 0:00
274,North Carolina A&T,CAA,-8.62,99.5,280,108.1,255,73.1,55,11/12/24 0:00
275,Delaware,CAA,-8.63,100.4,263,109.1,283,73.2,51,11/12/24 0:00
276,Southeastern Louisiana,Slnd,-8.64,100,270,108.6,267,70.3,239,11/12/24 0:00
277,Tarleton St.,WAC,-8.66,100,272,108.6,266,71.2,173,11/12/24 0:00
278,Lehigh,PL,-8.69,100,269,108.7,270,72.5,84,11/12/24 0:00
279,Army,PL,-8.71,100.2,265,108.9,276,67.8,350,11/12/24 0:00
280,Wagner,NEC,-8.71,97,327,105.7,188,67,358,11/12/24 0:00
,,« Ratings on 2024-11-12 »,Current Ratings,Rk,EM,AdjT,,,,11/12/24 0:00
Rk,Team,Conf,AdjEM,AdjO,AdjD,AdjT,Rk,AdjEM,AdjO,11/12/24 0:00
281,North Carolina Central,MEAC,-8.72,100.8,255,109.6,295,70.6,212,11/12/24 0:00
282,Coastal Carolina,SB,-8.76,98,308,106.7,220,68.2,342,11/12/24 0:00
283,Lamar,Slnd,-8.76,101.5,237,110.3,311,71.9,123,11/12/24 0:00
284,Old Dominion,SB,-8.83,99.8,274,108.6,268,71.6,143,11/12/24 0:00
285,Mount St. Mary's,MAAC,-8.87,98,307,106.9,224,71.6,146,11/12/24 0:00
286,Bethune Cookman,SWAC,-8.89,98.2,301,107.1,232,72.2,105,11/12/24 0:00
287,South Carolina St.,MEAC,-8.95,99.8,277,108.7,271,72.9,65,11/12/24 0:00
288,Cal St. Bakersfield,BW,-8.95,100.9,251,109.9,302,68.5,331,11/12/24 0:00
289,Fairfield,MAAC,-9.26,97.3,320,106.6,214,71.9,125,11/12/24 0:00
290,Nebraska Omaha,Sum,-9.26,100.6,261,109.9,300,70.8,199,11/12/24 0:00
291,Western Carolina,SC,-9.26,97.2,321,106.4,204,72,117,11/12/24 0:00
292,UT Rio Grande Valley,Slnd,-9.35,101.1,249,110.4,317,73.4,40,11/12/24 0:00
293,Western Illinois,OVC,-9.48,97.7,310,107.2,235,67.8,349,11/12/24 0:00
294,Idaho,BSky,-9.81,99.8,273,109.6,296,69.8,270,11/12/24 0:00
295,Tennessee St.,OVC,-9.85,98.3,300,108.1,254,72.5,88,11/12/24 0:00
296,Morehead St.,OVC,-9.88,97.4,316,107.3,237,69.3,297,11/12/24 0:00
297,Boston University,PL,-9.9,99.3,285,109.2,287,68.5,330,11/12/24 0:00
298,UMBC,AE,-10.16,101.8,228,111.9,337,74.9,9,11/12/24 0:00
299,Stony Brook,CAA,-10.29,100.7,259,111,324,70.2,244,11/12/24 0:00
300,Utah Tech,WAC,-10.35,99.3,283,109.7,297,72.6,81,11/12/24 0:00
301,Robert Morris,Horz,-10.38,99,290,109.4,290,71.3,169,11/12/24 0:00
302,Air Force,MWC,-10.42,100.9,252,111.4,328,64.5,364,11/12/24 0:00
303,Sacramento St.,BSky,-10.6,96.3,336,106.9,223,69.1,309,11/12/24 0:00
304,Siena,MAAC,-11.2,95.9,344,107.1,230,69.3,294,11/12/24 0:00
305,Campbell,CAA,-11.38,98.1,306,109.5,292,68.5,332,11/12/24 0:00
306,Northwestern St.,Slnd,-11.38,98.7,295,110.1,306,70.6,207,11/12/24 0:00
307,Canisius,MAAC,-11.57,102,221,113.6,353,70.5,221,11/12/24 0:00
308,Eastern Michigan,MAC,-11.61,96.3,335,107.9,252,69.2,301,11/12/24 0:00
309,The Citadel,SC,-11.62,96.2,337,107.8,249,69.3,295,11/12/24 0:00
310,Incarnate Word,Slnd,-11.64,100.9,253,112.6,345,72.1,111,11/12/24 0:00
311,Western Michigan,MAC,-11.84,98.7,294,110.5,320,70.4,233,11/12/24 0:00
312,Dartmouth,Ivy,-12.03,96.1,339,108.2,256,70.6,213,11/12/24 0:00
313,Portland,WCC,-12.26,100.7,258,113,349,72.1,113,11/12/24 0:00
314,Green Bay,Horz,-12.35,101.9,224,114.3,361,70.6,214,11/12/24 0:00
315,Bellarmine,ASun,-12.44,100.7,260,113.2,350,67.7,352,11/12/24 0:00
316,Louisiana Monroe,SB,-12.57,96.9,329,109.4,291,71,187,11/12/24 0:00
317,Manhattan,MAAC,-12.72,96.3,334,109.1,282,71.5,155,11/12/24 0:00
318,Tennessee Tech,OVC,-12.73,97.4,317,110.1,307,70.4,231,11/12/24 0:00
319,SIUE,OVC,-12.77,97.4,318,110.1,308,70.5,219,11/12/24 0:00
320,Southern Indiana,OVC,-12.81,97.1,324,109.9,301,69.7,273,11/12/24 0:00
,,« Ratings on 2024-11-12 »,Current Ratings,Rk,EM,AdjT,,,,11/12/24 0:00
Rk,Team,Conf,AdjEM,AdjO,AdjD,AdjT,Rk,AdjEM,AdjO,11/12/24 0:00
321,Buffalo,MAC,-12.84,99.8,276,112.6,346,73.5,37,11/12/24 0:00
322,Denver,Sum,-12.84,99.2,288,112,338,72.5,86,11/12/24 0:00
323,Jackson St.,SWAC,-12.87,96,342,108.9,274,71.7,142,11/12/24 0:00
324,Northern Illinois,MAC,-13.02,97.6,312,110.6,321,71.7,141,11/12/24 0:00
325,Binghamton,AE,-13.09,99.1,289,112.2,342,70,262,11/12/24 0:00
326,Southeast Missouri,OVC,-13.27,96.9,328,110.1,309,72.6,82,11/12/24 0:00
327,Hampton,CAA,-13.68,97.1,322,110.8,322,72,119,11/12/24 0:00
328,Tennessee Martin,OVC,-13.72,96,343,109.7,298,73.8,27,11/12/24 0:00
329,Cal Poly,BW,-13.89,95.1,347,109,278,72.7,75,11/12/24 0:00
330,Stetson,ASun,-14.14,98.4,299,112.5,344,69.9,265,11/12/24 0:00
331,Niagara,MAAC,-14.3,97.5,313,111.8,336,70,256,11/12/24 0:00
332,Sacred Heart,MAAC,-14.43,97,325,111.4,332,73.6,33,11/12/24 0:00
333,New Hampshire,AE,-14.44,96.6,330,111,325,73.8,28,11/12/24 0:00
334,LIU,NEC,-14.63,94.9,350,109.5,294,72.2,101,11/12/24 0:00
335,West Georgia,ASun,-14.63,97.4,315,112.1,339,71.8,137,11/12/24 0:00
336,Le Moyne,NEC,-14.76,98.2,305,112.9,348,71.9,126,11/12/24 0:00
337,Morgan St.,MEAC,-14.91,97.3,319,112.3,343,73.1,53,11/12/24 0:00
338,Detroit Mercy,Horz,-15.03,98.2,302,113.2,351,69.1,303,11/12/24 0:00
339,Holy Cross,PL,-15.2,98.5,297,113.7,356,70.4,232,11/12/24 0:00
340,Central Arkansas,ASun,-15.33,96.1,341,111.4,331,72.7,77,11/12/24 0:00
341,Chicago St.,NEC,-15.38,94.9,349,110.3,313,71,184,11/12/24 0:00
342,Delaware St.,MEAC,-15.41,92.8,358,108.2,257,72.3,97,11/12/24 0:00
343,Eastern Illinois,OVC,-15.46,95,348,110.5,319,72,120,11/12/24 0:00
344,Alabama A&M,SWAC,-15.5,93.3,357,108.8,272,73,60,11/12/24 0:00
345,Saint Francis,NEC,-15.57,94.8,352,110.4,315,71,189,11/12/24 0:00
346,Loyola MD,PL,-15.6,94.7,353,110.3,312,71.4,156,11/12/24 0:00
347,NJIT,AE,-15.79,94.6,354,110.4,316,68.5,333,11/12/24 0:00
348,Lindenwood,OVC,-16.65,95.2,346,111.8,335,71.4,162,11/12/24 0:00
349,USC Upstate,BSth,-16.79,97,326,113.8,357,71.9,124,11/12/24 0:00
350,New Orleans,Slnd,-16.88,96.1,340,112.9,347,72.1,112,11/12/24 0:00
351,Mercyhurst,NEC,-17.11,96.2,338,113.3,352,69.4,292,11/12/24 0:00
352,Prairie View A&M,SWAC,-17.2,94.1,356,111.3,326,74.1,19,11/12/24 0:00
353,Fairleigh Dickinson,NEC,-17.53,96.6,331,114.1,359,74.7,12,11/12/24 0:00
354,VMI,SC,-17.86,94.3,355,112.1,341,74.5,14,11/12/24 0:00
355,Alcorn St.,SWAC,-18.71,96.6,332,115.3,362,68.4,336,11/12/24 0:00
356,Florida A&M,SWAC,-19.07,92.3,361,111.4,330,72.1,110,11/12/24 0:00
357,Texas A&M Commerce,Slnd,-19.24,92.5,360,111.7,334,72.1,107,11/12/24 0:00
358,Houston Christian,Slnd,-19.25,94.9,351,114.1,360,71.6,145,11/12/24 0:00
359,Arkansas Pine Bluff,SWAC,-19.84,95.7,345,115.5,363,74,22,11/12/24 0:00
360,IU Indy,Horz,-19.96,96.5,333,116.4,364,70.2,242,11/12/24 0:00
,,« Ratings on 2024-11-12 »,Current Ratings,Rk,EM,AdjT,,,,11/12/24 0:00
Rk,Team,Conf,AdjEM,AdjO,AdjD,AdjT,Rk,AdjEM,AdjO,11/12/24 0:00
361,Stonehill,NEC,-20.04,91.5,362,111.5,333,71.1,182,11/12/24 0:00
362,Maryland Eastern Shore,MEAC,-21.07,92.5,359,113.6,355,70.9,191,11/12/24 0:00
363,Coppin St.,MEAC,-21.96,85.9,364,107.8,251,69.9,264,11/12/24 0:00
364,Mississippi Valley St.,SWAC,-26.31,87.3,363,113.6,354,70,257,11/12/24 0:00
1,Auburn,SEC,29.87,121.2,2,91.3,4,71.6,138,11/13/24 0:00
2,Houston,B12,28.9,119.5,3,90.6,2,66.4,360,11/13/24 0:00
3,Gonzaga,WCC,27.39,124.1,1,96.7,46,72.4,84,11/13/24 0:00
4,Connecticut,BE,26.07,118.5,6,92.5,8,69,297,11/13/24 0:00
5,Duke,ACC,26.05,117.9,11,91.8,6,71.2,160,11/13/24 0:00
6,Arizona,B12,24.9,117.8,12,92.9,10,74,21,11/13/24 0:00
7,Kansas,B12,24.74,118.1,9,93.4,11,73.4,34,11/13/24 0:00
8,Iowa St.,B12,24.71,115.2,23,90.5,1,70.3,227,11/13/24 0:00
9,Tennessee,SEC,24.34,115,25,90.7,3,69.4,283,11/13/24 0:00
10,Alabama,SEC,23.98,118.9,5,94.9,20,75,9,11/13/24 0:00
11,Texas Tech,B12,21.92,116.3,16,94.4,15,68.2,335,11/13/24 0:00
12,Purdue,B10,21.74,119.1,4,97.3,52,69.4,284,11/13/24 0:00
13,Cincinnati,B12,21.39,115.9,18,94.5,17,70,246,11/13/24 0:00
14,Baylor,B12,21.22,118.5,7,97.3,53,68.9,304,11/13/24 0:00
15,St. John's,BE,21.18,115.6,22,94.5,16,73.1,50,11/13/24 0:00
16,Ohio St.,B10,21.14,115.7,20,94.6,19,70.4,214,11/13/24 0:00
17,North Carolina,ACC,21.08,118.1,10,97,50,73.7,27,11/13/24 0:00
18,Texas A&M,SEC,20.61,115.8,19,95.2,24,68.8,308,11/13/24 0:00
19,Creighton,BE,20.4,118.4,8,98,60,71.9,118,11/13/24 0:00
20,Kentucky,SEC,20.17,116.2,17,96,34,73.8,25,11/13/24 0:00
21,Illinois,B10,20.13,116.6,15,96.4,39,73.2,45,11/13/24 0:00
22,Florida,SEC,19.78,116.9,14,97.1,51,73.2,44,11/13/24 0:00
23,Texas,SEC,19.54,114.8,29,95.3,25,71.1,171,11/13/24 0:00
24,Mississippi St.,SEC,19.45,114.8,30,95.4,26,71.1,168,11/13/24 0:00
25,Marquette,BE,19.38,113.6,35,94.3,14,72.6,72,11/13/24 0:00
26,Pittsburgh,ACC,18.83,115,27,96.1,36,70.6,201,11/13/24 0:00
27,Michigan,B10,18.6,114.8,31,96.2,37,71.1,172,11/13/24 0:00
28,UCLA,B10,18.54,111,64,92.4,7,68.7,315,11/13/24 0:00
29,Dayton,A10,18.51,113,41,94.5,18,68.7,311,11/13/24 0:00
30,Maryland,B10,18.25,110,79,91.7,5,69.9,257,11/13/24 0:00
31,BYU,B12,18.14,115.1,24,96.9,49,71.5,147,11/13/24 0:00
32,Arkansas,SEC,17.93,111.7,54,93.8,12,72.2,95,11/13/24 0:00
33,Clemson,ACC,17.75,114.6,32,96.9,48,69.2,290,11/13/24 0:00
34,Michigan St.,B10,17.52,110.4,73,92.9,9,71.2,165,11/13/24 0:00
35,Oregon,B10,17.48,113.3,38,95.8,31,70,248,11/13/24 0:00
36,VCU,A10,17.4,112.4,46,95,22,70.3,221,11/13/24 0:00
37,Memphis,Amer,16.57,113.3,39,96.7,45,73.8,24,11/13/24 0:00
38,Saint Mary's,WCC,16.51,115.7,21,99.1,74,67.4,355,11/13/24 0:00
39,Wisconsin,B10,16.47,114.2,34,97.7,58,68.3,332,11/13/24 0:00
40,Indiana,B10,16.38,112,49,95.6,28,71.8,131,11/13/24 0:00
,,« Ratings on 2024-11-13 »,Current Ratings,Rk,EM,AdjT,,,,11/13/24 0:00
Rk,Team,Conf,AdjEM,AdjO,AdjD,AdjT,Rk,AdjEM,AdjO,11/13/24 0:00
41,Northwestern,B10,16.01,111.7,53,95.7,30,69.4,282,11/13/24 0:00
42,Penn St.,B10,15.95,112.5,45,96.5,42,74.2,16,11/13/24 0:00
43,Iowa,B10,15.85,117.1,13,101.2,101,73.1,46,11/13/24 0:00
44,Boise St.,MWC,15.77,113.4,37,97.6,55,69,298,11/13/24 0:00
45,Oklahoma,SEC,15.6,110.6,70,95,21,70.2,234,11/13/24 0:00
46,Miami FL,ACC,15.24,114.8,28,99.6,79,71.2,167,11/13/24 0:00
47,Utah St.,MWC,14.97,114.2,33,99.3,75,72,105,11/13/24 0:00
48,Xavier,BE,14.93,115,26,100.1,86,72,110,11/13/24 0:00
49,LSU,SEC,14.46,112.1,48,97.7,57,72.3,92,11/13/24 0:00
50,Kansas St.,B12,14.45,109.9,80,95.5,27,70.3,225,11/13/24 0:00
51,San Diego St.,MWC,14.07,108.1,102,94.1,13,69.2,294,11/13/24 0:00
52,USC,B10,13.6,111.8,51,98.2,67,71.7,136,11/13/24 0:00
53,Wake Forest,ACC,13.52,109.4,91,95.9,32,72.1,100,11/13/24 0:00
54,New Mexico,MWC,13.36,109.8,81,96.5,40,77.5,1,11/13/24 0:00
55,Nevada,MWC,13.25,111.1,63,97.9,59,68.9,303,11/13/24 0:00
56,TCU,B12,13.21,110.8,67,97.6,54,71.3,154,11/13/24 0:00
57,Utah,B12,13.21,111.4,56,98.2,66,72.1,102,11/13/24 0:00
58,N.C. State,ACC,13.15,113,40,99.9,82,71.3,155,11/13/24 0:00
59,Villanova,BE,12.85,113.6,36,100.7,92,68.7,316,11/13/24 0:00
60,UCF,B12,12.75,110.4,72,97.7,56,71.4,148,11/13/24 0:00
61,SMU,ACC,12.55,112.8,43,100.3,87,73,53,11/13/24 0:00
62,UC Irvine,BW,12.47,107.6,111,95.1,23,71.2,163,11/13/24 0:00
63,South Carolina,SEC,12.42,108.9,94,96.5,41,68.7,312,11/13/24 0:00
64,Mississippi,SEC,12.31,111.3,61,99,73,70.1,241,11/13/24 0:00
65,Rutgers,B10,12.3,107.9,105,95.6,29,70.6,198,11/13/24 0:00
66,Missouri,SEC,12.28,112.6,44,100.3,88,69.6,273,11/13/24 0:00
67,Arizona St.,B12,11.79,108.4,99,96.6,44,71.1,169,11/13/24 0:00
68,Minnesota,B10,11.69,109.7,83,98,62,68.6,318,11/13/24 0:00
69,Stanford,ACC,11.53,113,42,101.4,102,67.6,349,11/13/24 0:00
70,Louisville,ACC,11.35,109.4,86,98.1,64,73,55,11/13/24 0:00
71,Grand Canyon,WAC,11.19,111.2,62,100,85,71.7,134,11/13/24 0:00
72,Nebraska,B10,11.16,107,122,95.9,33,72.7,70,11/13/24 0:00
73,Georgia,SEC,11.08,112.2,47,101.1,100,70.9,182,11/13/24 0:00
74,North Texas,Amer,10.89,109.4,88,98.5,69,66.3,361,11/13/24 0:00
75,West Virginia,B12,10.37,109.3,92,98.9,72,70.7,190,11/13/24 0:00
76,San Francisco,WCC,10.21,111.3,60,101.1,98,72.4,87,11/13/24 0:00
77,Notre Dame,ACC,10.03,109.4,90,99.3,76,69.4,281,11/13/24 0:00
78,Providence,BE,9.6,105.7,146,96.1,35,68.4,328,11/13/24 0:00
79,Florida St.,ACC,9.58,106.1,137,96.6,43,73.6,28,11/13/24 0:00
80,Wichita St.,Amer,9.26,110.4,74,101.1,99,72.8,61,11/13/24 0:00
,,« Ratings on 2024-11-13 »,Current Ratings,Rk,EM,AdjT,,,,11/13/24 0:00
Rk,Team,Conf,AdjEM,AdjO,AdjD,AdjT,Rk,AdjEM,AdjO,11/13/24 0:00
81,Washington,B10,9.19,105.6,148,96.4,38,72.5,79,11/13/24 0:00
82,George Mason,A10,9.13,107.8,107,98.7,70,69.3,286,11/13/24 0:00
83,Colorado,B12,9.05,107.1,119,98.1,63,70.1,235,11/13/24 0:00
84,Florida Atlantic,Amer,8.89,111.8,52,102.9,125,74.2,17,11/13/24 0:00
85,Colorado St.,MWC,8.81,107.3,117,98.5,68,70.4,213,11/13/24 0:00
86,Princeton,Ivy,8.39,111.4,57,103,130,70.4,217,11/13/24 0:00
87,Santa Clara,WCC,8.34,111.3,58,103,132,71.8,132,11/13/24 0:00
88,Georgia Tech,ACC,8.22,110.2,75,102,111,72.9,57,11/13/24 0:00
89,Loyola Chicago,A10,8.18,107.6,112,99.4,77,71.8,124,11/13/24 0:00
90,Oklahoma St.,B12,7.98,106.1,138,98.1,65,74.9,10,11/13/24 0:00
91,Louisiana Tech,CUSA,7.94,110,78,102,114,68.8,309,11/13/24 0:00
92,Georgetown,BE,7.84,110.8,69,102.9,127,70.5,202,11/13/24 0:00
93,UNLV,MWC,7.8,111.3,59,103.5,143,69.6,269,11/13/24 0:00
94,Washington St.,WCC,7.76,110.8,68,103,131,73,51,11/13/24 0:00
95,Vanderbilt,SEC,7.7,110.9,65,103.2,134,72.3,91,11/13/24 0:00
96,Liberty,CUSA,7.59,108.1,103,100.5,90,67.7,346,11/13/24 0:00
97,Virginia,ACC,7.53,105.6,149,98,61,65.2,362,11/13/24 0:00
98,Virginia Tech,ACC,7.44,107.8,108,100.4,89,69.2,288,11/13/24 0:00
99,Bradley,MVC,7.11,108.9,95,101.8,109,70.1,237,11/13/24 0:00
100,UAB,Amer,6.93,111.5,55,104.6,162,71.9,122,11/13/24 0:00
101,Syracuse,ACC,6.89,110.4,71,103.5,144,73.3,38,11/13/24 0:00
102,Butler,BE,6.84,108.5,97,101.7,106,70.4,212,11/13/24 0:00
103,Oregon St.,WCC,6.36,106.2,135,99.8,81,68.3,331,11/13/24 0:00
104,High Point,BSth,6.32,111.9,50,105.6,193,69.9,254,11/13/24 0:00
105,Saint Joseph's,A10,6.31,107.1,118,100.8,94,72.8,60,11/13/24 0:00
106,Yale,Ivy,6.16,109.1,93,103,129,71.3,158,11/13/24 0:00
107,Seton Hall,BE,5.99,102.7,202,96.7,47,68.6,322,11/13/24 0:00
108,Arkansas St.,SB,5.99,108.2,101,102.2,116,72.1,99,11/13/24 0:00
109,Rhode Island,A10,5.97,109.4,89,103.4,140,72.6,75,11/13/24 0:00
110,McNeese,Slnd,5.57,107.3,116,101.7,107,69.6,268,11/13/24 0:00
111,UC Santa Barbara,BW,5.5,107.5,114,102,115,70.3,226,11/13/24 0:00
112,Massachusetts,A10,5.4,107.1,121,101.7,105,73.4,33,11/13/24 0:00
113,UC San Diego,BW,5.26,107.7,109,102.5,118,69.2,292,11/13/24 0:00
114,Charleston,CAA,5.18,107.9,106,102.7,123,73.3,42,11/13/24 0:00
115,Saint Louis,A10,4.84,110,76,105.2,181,72.9,58,11/13/24 0:00
116,Troy,SB,4.8,103.6,184,98.8,71,72.8,64,11/13/24 0:00
117,Drake,MVC,4.6,105.4,153,100.8,95,69.1,295,11/13/24 0:00
118,St. Bonaventure,A10,4.46,107.5,113,103.1,133,68.6,323,11/13/24 0:00
119,Sam Houston St.,CUSA,4.34,108.4,98,104,150,72.2,94,11/13/24 0:00
120,Temple,Amer,4.19,108,104,103.8,147,70.5,204,11/13/24 0:00
,,« Ratings on 2024-11-13 »,Current Ratings,Rk,EM,AdjT,,,,11/13/24 0:00
Rk,Team,Conf,AdjEM,AdjO,AdjD,AdjT,Rk,AdjEM,AdjO,11/13/24 0:00
121,Murray St.,MVC,4.04,107.3,115,103.3,136,69.5,278,11/13/24 0:00
122,Vermont,AE,4.03,103.8,182,99.7,80,66.6,359,11/13/24 0:00
123,Purdue Fort Wayne,Horz,3.72,106.4,130,102.7,122,72.7,68,11/13/24 0:00
124,La Salle,A10,3.63,105.4,154,101.8,108,70.3,220,11/13/24 0:00
125,UMass Lowell,AE,3.61,108.2,100,104.6,163,72.8,65,11/13/24 0:00
126,Utah Valley,WAC,3.57,103.5,185,99.9,83,71.8,129,11/13/24 0:00
127,Davidson,A10,3.56,107.7,110,104.1,154,70.5,207,11/13/24 0:00
128,South Florida,Amer,3.54,105.9,142,102.4,117,72.5,78,11/13/24 0:00
129,Lipscomb,ASun,3.53,108.6,96,105.1,176,70.8,183,11/13/24 0:00
130,Western Kentucky,CUSA,3.21,104.1,176,100.9,96,75.3,7,11/13/24 0:00
131,Kent St.,MAC,3.12,105.8,145,102.7,121,69.6,274,11/13/24 0:00
132,Wofford,SC,2.91,110.9,66,108,259,67.9,344,11/13/24 0:00
133,Northern Iowa,MVC,2.85,106.2,134,103.3,139,69.6,276,11/13/24 0:00
134,California,ACC,2.77,106,139,103.3,135,72.8,62,11/13/24 0:00
135,Texas St.,SB,2.71,103.4,186,100.7,91,69.3,285,11/13/24 0:00
136,Middle Tennessee,CUSA,2.21,101.8,220,99.6,78,70,245,11/13/24 0:00
137,East Carolina,Amer,2.21,106.5,128,104.3,158,67.8,345,11/13/24 0:00
138,Akron,MAC,2.19,104.2,175,102,112,70.9,177,11/13/24 0:00
139,North Florida,ASun,2.09,109.7,82,107.7,248,72.4,85,11/13/24 0:00
140,DePaul,BE,2.07,105.5,150,103.5,141,70.9,180,11/13/24 0:00
141,Towson,CAA,1.9,105.2,156,103.3,137,68.4,330,11/13/24 0:00
142,UC Riverside,BW,1.88,107.1,120,105.2,184,70.9,179,11/13/24 0:00
143,Boston College,ACC,1.62,104.5,167,102.9,126,70.3,222,11/13/24 0:00
144,New Mexico St.,CUSA,1.5,103,195,101.5,103,69.4,280,11/13/24 0:00
145,Seattle,WAC,1.45,104.2,172,102.8,124,70.5,206,11/13/24 0:00
146,George Washington,A10,1.37,106.8,127,105.4,190,71.8,125,11/13/24 0:00
147,Tulsa,Amer,1.29,106.3,132,105,171,72.8,63,11/13/24 0:00
148,Loyola Marymount,WCC,1.05,105.8,144,104.8,166,69,301,11/13/24 0:00
149,Furman,SC,0.9,105,157,104.1,156,71.8,126,11/13/24 0:00
150,Charlotte,Amer,0.88,109.5,85,108.6,271,66.9,357,11/13/24 0:00
151,Winthrop,BSth,0.73,102.7,203,102,113,71,173,11/13/24 0:00
152,Samford,SC,0.58,107,123,106.4,214,75.5,6,11/13/24 0:00
153,Duquesne,A10,0.54,102.1,212,101.6,104,71.8,133,11/13/24 0:00
154,Toledo,MAC,0.5,109.4,87,108.9,282,72.7,69,11/13/24 0:00
155,UNC Wilmington,CAA,0.45,106.1,136,105.7,198,70.7,193,11/13/24 0:00
156,Tulane,Amer,0.42,104.8,161,104.4,159,73,54,11/13/24 0:00
157,Fordham,A10,0.31,101.1,243,100.8,93,71.3,156,11/13/24 0:00
158,Columbia,Ivy,0.25,109.5,84,109.3,295,71.1,170,11/13/24 0:00
159,Southern Illinois,MVC,0.1,104,177,103.9,148,73.5,31,11/13/24 0:00
160,Hofstra,CAA,0,104.9,159,104.9,170,70.7,189,11/13/24 0:00
,,« Ratings on 2024-11-13 »,Current Ratings,Rk,EM,AdjT,,,,11/13/24 0:00
Rk,Team,Conf,AdjEM,AdjO,AdjD,AdjT,Rk,AdjEM,AdjO,11/13/24 0:00
161,Ohio,MAC,-0.02,110,77,110,309,70.7,191,11/13/24 0:00
162,North Alabama,ASun,-0.08,106.5,129,106.6,219,70.4,211,11/13/24 0:00
163,UC Davis,BW,-0.19,101.6,226,101.8,110,73.4,35,11/13/24 0:00
164,Belmont,MVC,-0.24,105.9,141,106.1,207,71.9,121,11/13/24 0:00
165,Cal Baptist,WAC,-0.42,106.4,131,106.8,224,68.1,341,11/13/24 0:00
166,Louisiana,SB,-0.52,103,194,103.6,145,71.2,162,11/13/24 0:00
167,Illinois Chicago,MVC,-0.67,105,158,105.6,195,71.5,144,11/13/24 0:00
168,UNC Greensboro,SC,-0.68,104.2,173,104.9,169,68.9,302,11/13/24 0:00
169,Chattanooga,SC,-0.75,106.9,124,107.6,246,69,299,11/13/24 0:00
170,South Dakota St.,Sum,-0.84,105.4,152,106.3,212,71.5,145,11/13/24 0:00
171,Richmond,A10,-0.89,104.2,174,105.1,174,70.3,223,11/13/24 0:00
172,Northern Colorado,BSky,-0.94,105.4,155,106.3,213,72.2,97,11/13/24 0:00
173,Northern Kentucky,Horz,-1.12,99.9,270,101,97,69.7,263,11/13/24 0:00
174,Bryant,AE,-1.29,102.2,210,103.5,142,75.7,4,11/13/24 0:00
175,Hawaii,BW,-1.3,103.8,179,105.1,178,68.7,317,11/13/24 0:00
176,St. Thomas,Sum,-1.37,106.8,126,108.2,264,69.4,279,11/13/24 0:00
177,Stephen F. Austin,Slnd,-1.48,101.1,245,102.6,120,70.4,215,11/13/24 0:00
178,Merrimack,MAAC,-1.48,98.5,290,100,84,69.6,270,11/13/24 0:00
179,Wright St.,Horz,-1.56,105.7,147,107.2,236,72.2,93,11/13/24 0:00
180,Georgia Southern,SB,-1.58,103.4,187,105,172,73.3,39,11/13/24 0:00
181,East Tennessee St.,SC,-1.61,104.8,160,106.5,216,69.7,264,11/13/24 0:00
182,James Madison,SB,-1.61,104.2,171,105.9,200,69.6,267,11/13/24 0:00
183,Longwood,BSth,-1.66,103.4,188,105,173,70.2,231,11/13/24 0:00
184,Cornell,Ivy,-1.68,106.9,125,108.6,268,74.1,19,11/13/24 0:00
185,Youngstown St.,Horz,-1.82,101.9,218,103.7,146,71.4,149,11/13/24 0:00
186,Marshall,SB,-1.92,103.3,189,105.3,185,72.3,90,11/13/24 0:00
187,Appalachian St.,SB,-1.98,101.3,234,103.3,138,70.8,184,11/13/24 0:00
188,Cleveland St.,Horz,-2.24,102.8,201,105.1,175,70.7,192,11/13/24 0:00
189,Drexel,CAA,-2.29,101.8,219,104.1,153,67.6,351,11/13/24 0:00
190,Illinois St.,MVC,-2.41,103.2,193,105.6,194,68.4,327,11/13/24 0:00
191,Northeastern,CAA,-2.41,104.5,168,106.9,227,69.7,265,11/13/24 0:00
192,UT Arlington,WAC,-2.62,106.2,133,108.9,279,72.3,89,11/13/24 0:00
193,Jacksonville,ASun,-2.66,101.4,232,104.1,152,68.6,320,11/13/24 0:00
194,Nicholls,Slnd,-2.72,102.5,207,105.2,182,70.8,188,11/13/24 0:00
195,Miami OH,MAC,-2.93,103.8,181,106.7,223,69.8,259,11/13/24 0:00
196,Milwaukee,Horz,-3.01,106,140,109,287,71.8,123,11/13/24 0:00
197,Montana,BSky,-3.1,104.5,169,107.6,244,68.8,307,11/13/24 0:00
198,Missouri St.,MVC,-3.17,99.8,272,103,128,69.6,277,11/13/24 0:00
199,Wyoming,MWC,-3.17,102.2,211,105.4,189,68.5,326,11/13/24 0:00
200,Portland St.,BSky,-3.24,101.6,227,104.9,168,76,2,11/13/24 0:00
,,« Ratings on 2024-11-13 »,Current Ratings,Rk,EM,AdjT,,,,11/13/24 0:00
Rk,Team,Conf,AdjEM,AdjO,AdjD,AdjT,Rk,AdjEM,AdjO,11/13/24 0:00
201,Southern Utah,WAC,-3.24,101.9,216,105.2,179,73.3,37,11/13/24 0:00
202,Montana St.,BSky,-3.54,103.9,178,107.4,239,70.4,216,11/13/24 0:00
203,Saint Peter's,MAAC,-3.55,99,288,102.5,119,67.3,356,11/13/24 0:00
204,Georgia St.,SB,-3.71,103.2,192,106.9,228,71.2,166,11/13/24 0:00
205,Kansas City,Sum,-3.73,103,197,106.7,222,69.6,271,11/13/24 0:00
206,Rice,Amer,-3.84,100.7,256,104.6,161,70.3,218,11/13/24 0:00
207,Bucknell,PL,-3.86,101.3,236,105.2,180,70.6,196,11/13/24 0:00
208,UTEP,CUSA,-3.9,100,269,103.9,149,72.9,56,11/13/24 0:00
209,Austin Peay,ASun,-3.92,101.7,222,105.7,197,68.2,334,11/13/24 0:00
210,Southern Miss,SB,-3.94,101.3,235,105.3,188,72.8,66,11/13/24 0:00
211,Oakland,Horz,-3.96,102.5,206,106.5,217,69.9,256,11/13/24 0:00
212,South Alabama,SB,-4.07,101.1,241,105.2,183,68.8,310,11/13/24 0:00
213,UNC Asheville,BSth,-4.28,104.4,170,108.7,272,71.5,141,11/13/24 0:00
214,Weber St.,BSky,-4.29,101.6,229,105.9,202,68.9,305,11/13/24 0:00
215,Evansville,MVC,-4.3,102,215,106.3,211,71.3,157,11/13/24 0:00
216,Norfolk St.,MEAC,-4.31,103.3,190,107.6,247,70.1,236,11/13/24 0:00
217,Kennesaw St.,CUSA,-4.38,104.6,165,108.9,285,75.8,3,11/13/24 0:00
218,CSUN,BW,-4.57,99.5,277,104,151,75.6,5,11/13/24 0:00
219,Texas A&M Corpus Chris,Slnd,-4.58,102.6,204,107.2,235,73.3,40,11/13/24 0:00
220,Abilene Christian,WAC,-4.66,100.6,258,105.3,187,72.1,103,11/13/24 0:00
221,Florida Gulf Coast,ASun,-4.73,101.1,242,105.9,201,67.6,353,11/13/24 0:00
222,Grambling St.,SWAC,-4.9,99.2,283,104.1,155,70.1,239,11/13/24 0:00
223,Central Connecticut,NEC,-4.91,99.4,278,104.3,157,68.6,321,11/13/24 0:00
224,UTSA,Amer,-4.93,103,196,107.9,254,73.8,22,11/13/24 0:00
225,Howard,MEAC,-4.95,101.9,217,106.9,226,70.9,175,11/13/24 0:00
226,Colgate,PL,-5.09,100.9,250,106,203,69.8,258,11/13/24 0:00
227,Iona,MAAC,-5.15,102.6,205,107.7,250,70.6,199,11/13/24 0:00
228,Central Michigan,MAC,-5.2,99.3,279,104.5,160,70,243,11/13/24 0:00
229,Pepperdine,WCC,-5.22,102.9,198,108.1,260,71,174,11/13/24 0:00
230,Marist,MAAC,-5.26,101.2,239,106.4,215,68.2,337,11/13/24 0:00
231,Quinnipiac,MAAC,-5.27,100.9,248,106.2,208,73.7,26,11/13/24 0:00
232,Gardner Webb,BSth,-5.28,101.7,224,106.9,230,72,111,11/13/24 0:00
233,William & Mary,CAA,-5.38,103.6,183,109,288,72.6,74,11/13/24 0:00
234,Rider,MAAC,-5.44,102,213,107.5,241,69.7,266,11/13/24 0:00
235,Indiana St.,MVC,-5.5,102.4,208,107.9,255,73.6,30,11/13/24 0:00
236,Eastern Washington,BSky,-5.63,105.5,151,111.1,330,72.5,80,11/13/24 0:00
237,Radford,BSth,-5.68,104.6,163,110.3,318,68.7,314,11/13/24 0:00
238,Jacksonville St.,CUSA,-5.71,101.3,233,107,233,69.3,287,11/13/24 0:00
239,Eastern Kentucky,ASun,-5.75,104.6,164,110.3,320,70.8,186,11/13/24 0:00
240,American,PL,-5.9,102.9,199,108.8,275,64.9,363,11/13/24 0:00
,,« Ratings on 2024-11-13 »,Current Ratings,Rk,EM,AdjT,,,,11/13/24 0:00
Rk,Team,Conf,AdjEM,AdjO,AdjD,AdjT,Rk,AdjEM,AdjO,11/13/24 0:00
241,Long Beach St.,BW,-6,102.9,200,108.9,280,71.6,139,11/13/24 0:00
242,Harvard,Ivy,-6.03,100.9,249,106.9,229,70.7,194,11/13/24 0:00
243,Ball St.,MAC,-6.16,101.3,238,107.4,240,70,249,11/13/24 0:00
244,Penn,Ivy,-6.31,104.7,162,111,326,68.1,340,11/13/24 0:00
245,South Dakota,Sum,-6.52,104.6,166,111.1,327,74.2,18,11/13/24 0:00
246,Maine,AE,-6.71,98.5,289,105.3,186,70,242,11/13/24 0:00
247,Delaware,CAA,-6.9,99.1,285,106,205,72.6,76,11/13/24 0:00
248,Brown,Ivy,-7.07,101.1,247,108.1,261,69.9,255,11/13/24 0:00
249,Mercer,SC,-7.11,101.1,246,108.2,265,74.3,15,11/13/24 0:00
250,Albany,AE,-7.15,99.6,275,106.7,221,73.1,48,11/13/24 0:00
251,Pacific,WCC,-7.27,100.9,251,108.1,262,71.9,113,11/13/24 0:00
252,North Dakota St.,Sum,-7.45,105.9,143,113.3,352,68.6,319,11/13/24 0:00
253,Lafayette,PL,-7.48,98.3,297,105.8,199,68.5,325,11/13/24 0:00
254,Navy,PL,-7.52,101.6,231,109.1,289,70,250,11/13/24 0:00
255,Oral Roberts,Sum,-7.54,102.3,209,109.8,306,70.3,224,11/13/24 0:00
256,Alabama St.,SWAC,-7.59,99.5,276,107.1,234,70.9,181,11/13/24 0:00
257,Idaho St.,BSky,-7.6,98.4,294,106,204,67.5,354,11/13/24 0:00
258,Fresno St.,MWC,-7.61,97.5,312,105.1,177,74.1,20,11/13/24 0:00
259,Southern,SWAC,-7.63,97.2,317,104.8,165,71.6,140,11/13/24 0:00
260,Lehigh,PL,-7.63,101.6,228,109.2,292,70.6,200,11/13/24 0:00
261,North Carolina A&T,CAA,-7.7,100.3,264,108,257,73.3,41,11/13/24 0:00
262,Little Rock,OVC,-7.77,100.8,253,108.6,270,72,106,11/13/24 0:00
263,Cal St. Fullerton,BW,-7.98,98.1,300,106.1,206,70.2,232,11/13/24 0:00
264,North Dakota,Sum,-8.05,100.7,255,108.8,274,71.4,153,11/13/24 0:00
265,FIU,CUSA,-8.05,98.2,299,106.2,209,74.6,13,11/13/24 0:00
266,Presbyterian,BSth,-8.05,103.8,180,111.9,339,68.7,313,11/13/24 0:00
267,Bowling Green,MAC,-8.14,102,214,110.1,314,72.7,67,11/13/24 0:00
268,Southeastern Louisiana,Slnd,-8.27,99.3,282,107.5,243,70.5,205,11/13/24 0:00
269,San Jose St.,MWC,-8.28,99.9,271,108.1,263,67.9,343,11/13/24 0:00
270,Elon,CAA,-8.29,100.5,260,108.8,276,70.8,187,11/13/24 0:00
271,Valparaiso,MVC,-8.39,101.2,240,109.6,299,70.6,197,11/13/24 0:00
272,San Diego,WCC,-8.44,97,319,105.4,191,73.1,47,11/13/24 0:00
273,Fairfield,MAAC,-8.59,96.3,331,104.8,167,70.4,210,11/13/24 0:00
274,Charleston Southern,BSth,-8.61,101.1,244,109.7,304,71.5,143,11/13/24 0:00
275,Northern Arizona,BSky,-8.63,103.3,191,111.9,342,69.6,272,11/13/24 0:00
276,Texas Southern,SWAC,-8.69,96.1,335,104.8,164,72,107,11/13/24 0:00
277,Wagner,NEC,-8.71,96.7,325,105.4,192,66.9,358,11/13/24 0:00
278,South Carolina St.,MEAC,-8.73,99.7,273,108.5,267,72.6,71,11/13/24 0:00
279,Coastal Carolina,SB,-8.76,97.7,310,106.5,218,68.1,342,11/13/24 0:00
280,Lamar,Slnd,-8.76,101.3,237,110,311,71.9,119,11/13/24 0:00
,,« Ratings on 2024-11-13 »,Current Ratings,Rk,EM,AdjT,,,,11/13/24 0:00
Rk,Team,Conf,AdjEM,AdjO,AdjD,AdjT,Rk,AdjEM,AdjO,11/13/24 0:00
281,Army,PL,-8.82,100,267,108.8,277,67.7,348,11/13/24 0:00
282,Mount St. Mary's,MAAC,-8.87,97.8,309,106.7,220,71.5,142,11/13/24 0:00
283,Cal St. Bakersfield,BW,-8.93,100.8,254,109.7,303,68.4,329,11/13/24 0:00
284,Queens,ASun,-9.19,97.7,311,106.8,225,75,8,11/13/24 0:00
285,Nebraska Omaha,Sum,-9.26,100.4,263,109.7,302,70.7,195,11/13/24 0:00
286,UT Rio Grande Valley,Slnd,-9.36,100.8,252,110.2,316,73.3,43,11/13/24 0:00
287,Western Carolina,SC,-9.4,96.8,321,106.2,210,71.9,120,11/13/24 0:00
288,Tarleton St.,WAC,-9.43,97.9,305,107.3,238,70.9,178,11/13/24 0:00
289,North Carolina Central,MEAC,-9.48,100.6,259,110.1,312,69,300,11/13/24 0:00
290,Western Illinois,OVC,-9.48,97.5,313,107,231,67.7,347,11/13/24 0:00
291,Siena,MAAC,-9.52,98.2,298,107.8,251,68.5,324,11/13/24 0:00
292,Idaho,BSky,-9.8,99.6,274,109.4,296,69.7,262,11/13/24 0:00
293,Morehead St.,OVC,-9.88,97.2,316,107,232,69.2,291,11/13/24 0:00
294,Monmouth,CAA,-9.91,100.2,265,110.1,313,72,108,11/13/24 0:00
295,Tennessee St.,OVC,-9.98,98,303,108,258,72.4,83,11/13/24 0:00
296,Boston University,PL,-10,99.1,284,109.1,291,68.1,338,11/13/24 0:00
297,Bethune Cookman,SWAC,-10.1,97.8,308,107.9,256,72.1,101,11/13/24 0:00
298,UMBC,AE,-10.14,101.6,230,111.7,338,74.6,11,11/13/24 0:00
299,Portland,WCC,-10.15,100.2,266,110.3,321,72,104,11/13/24 0:00
300,Old Dominion,SB,-10.15,100,268,110.1,315,71.6,137,11/13/24 0:00
301,Robert Morris,Horz,-10.17,99.1,286,109.3,293,71.3,159,11/13/24 0:00
302,Stony Brook,CAA,-10.29,100.5,261,110.8,324,70,244,11/13/24 0:00
303,Sacramento St.,BSky,-10.3,95.3,342,105.6,196,68.1,339,11/13/24 0:00
304,Utah Tech,WAC,-10.35,99.1,287,109.4,298,72.5,81,11/13/24 0:00
305,SIUE,OVC,-10.41,98.5,291,108.9,283,69.9,253,11/13/24 0:00
306,Air Force,MWC,-10.42,100.7,257,111.1,329,64.3,364,11/13/24 0:00
307,Northern Illinois,MAC,-10.85,98,302,108.9,281,71.4,151,11/13/24 0:00
308,Denver,Sum,-11.25,99.3,281,110.6,323,72,109,11/13/24 0:00
309,Campbell,CAA,-11.38,97.9,306,109.3,294,68.2,336,11/13/24 0:00
310,Northwestern St.,Slnd,-11.39,98.5,293,109.9,307,70.5,203,11/13/24 0:00
311,Eastern Michigan,MAC,-11.44,96.2,332,107.7,249,68.9,306,11/13/24 0:00
312,Canisius,MAAC,-11.58,101.8,221,113.3,353,70.3,219,11/13/24 0:00
313,The Citadel,SC,-11.62,95.9,336,107.6,245,69.2,289,11/13/24 0:00
314,Western Michigan,MAC,-11.84,98.5,292,110.3,319,70.3,228,11/13/24 0:00
315,Dartmouth,Ivy,-12.03,95.9,337,107.9,253,70.4,209,11/13/24 0:00
316,Incarnate Word,Slnd,-12.2,101.6,225,113.8,357,71.5,146,11/13/24 0:00
317,Green Bay,Horz,-12.35,101.7,223,114,360,70.4,208,11/13/24 0:00
318,Hampton,CAA,-12.37,96.6,327,108.9,284,70.2,230,11/13/24 0:00
319,Loyola MD,PL,-12.4,95.1,345,107.5,242,70.9,176,11/13/24 0:00
320,Bellarmine,ASun,-12.44,100.5,262,112.9,349,67.6,352,11/13/24 0:00
,,« Ratings on 2024-11-13 »,Current Ratings,Rk,EM,AdjT,,,,11/13/24 0:00
Rk,Team,Conf,AdjEM,AdjO,AdjD,AdjT,Rk,AdjEM,AdjO,11/13/24 0:00
321,Manhattan,MAAC,-12.72,96.1,333,108.8,278,71.4,152,11/13/24 0:00
322,Southern Indiana,OVC,-12.76,96.9,320,109.6,301,69.6,275,11/13/24 0:00
323,Tennessee Tech,OVC,-12.81,96.8,323,109.6,300,70.8,185,11/13/24 0:00
324,Buffalo,MAC,-13,99.3,280,112.3,346,73.4,36,11/13/24 0:00
325,Southeast Missouri,OVC,-13.28,96.7,326,110,308,72.4,86,11/13/24 0:00
326,Binghamton,AE,-13.52,98.4,295,111.9,340,69.9,252,11/13/24 0:00
327,Tennessee Martin,OVC,-13.53,95.6,341,109.1,290,73.8,23,11/13/24 0:00
328,Jackson St.,SWAC,-13.75,95.2,344,109,286,71.8,127,11/13/24 0:00
329,Louisiana Monroe,SB,-13.81,94.6,352,108.4,266,70.2,233,11/13/24 0:00
330,Cal Poly,BW,-13.89,94.9,347,108.8,273,72.6,73,11/13/24 0:00
331,Stetson,ASun,-14.14,98.1,301,112.3,345,69.8,260,11/13/24 0:00
332,Niagara,MAAC,-14.33,97.4,314,111.7,337,69.7,261,11/13/24 0:00
333,Sacred Heart,MAAC,-14.44,96.8,322,111.2,332,73.6,29,11/13/24 0:00
334,West Georgia,ASun,-14.47,97.2,315,111.7,336,71.9,115,11/13/24 0:00
335,LIU,NEC,-14.68,94.7,349,109.4,297,72.2,98,11/13/24 0:00
336,Morgan St.,MEAC,-14.91,97.1,318,112,344,73.1,49,11/13/24 0:00
337,Le Moyne,NEC,-14.95,97.9,307,112.8,348,71.9,116,11/13/24 0:00
338,Detroit Mercy,Horz,-15.04,98,304,113,351,69.1,296,11/13/24 0:00
339,Holy Cross,PL,-15.19,98.3,296,113.5,355,70.2,229,11/13/24 0:00
340,Central Arkansas,ASun,-15.25,95.8,338,111.1,328,72.6,77,11/13/24 0:00
341,New Hampshire,AE,-15.29,94.7,350,110,310,72.3,88,11/13/24 0:00
342,Eastern Illinois,OVC,-15.43,94.8,348,110.3,317,71.8,130,11/13/24 0:00
343,Delaware St.,MEAC,-15.5,92.4,358,107.9,252,72.5,82,11/13/24 0:00
344,Alabama A&M,SWAC,-15.5,93.1,357,108.6,269,72.9,59,11/13/24 0:00
345,Saint Francis,NEC,-15.64,94.1,354,109.8,305,71.9,114,11/13/24 0:00
346,Chicago St.,NEC,-16.05,94.4,353,110.5,322,71.7,135,11/13/24 0:00
347,Lindenwood,OVC,-16.65,95,346,111.6,335,71.2,161,11/13/24 0:00
348,Prairie View A&M,SWAC,-16.7,95.3,343,112,343,73.4,32,11/13/24 0:00
349,USC Upstate,BSth,-16.79,96.7,324,113.5,356,71.8,128,11/13/24 0:00
350,New Orleans,Slnd,-16.87,95.8,340,112.7,347,71.9,112,11/13/24 0:00
351,Mercyhurst,NEC,-17.17,95.8,339,113,350,69.2,293,11/13/24 0:00
352,Fairleigh Dickinson,NEC,-17.53,96.3,328,113.9,359,74.6,12,11/13/24 0:00
353,VMI,SC,-17.86,94,355,111.9,341,74.4,14,11/13/24 0:00
354,Alcorn St.,SWAC,-18.65,96.3,329,115,361,68.2,333,11/13/24 0:00
355,Florida A&M,SWAC,-19.15,92.1,360,111.2,331,71.9,117,11/13/24 0:00
356,NJIT,AE,-19.19,91.8,361,111,325,67.6,350,11/13/24 0:00
357,Houston Christian,Slnd,-19.21,94.6,351,113.9,358,71.4,150,11/13/24 0:00
358,Texas A&M Commerce,Slnd,-19.22,92.2,359,111.4,334,72.2,96,11/13/24 0:00
359,Arkansas Pine Bluff,SWAC,-19.44,96.1,334,115.5,362,73,52,11/13/24 0:00
360,IU Indy,Horz,-19.89,96.3,330,116.2,364,70.1,238,11/13/24 0:00
,,« Ratings on 2024-11-13 »,Current Ratings,Rk,EM,AdjT,,,,11/13/24 0:00
Rk,Team,Conf,AdjEM,AdjO,AdjD,AdjT,Rk,AdjEM,AdjO,11/13/24 0:00
361,Stonehill,NEC,-20.14,91.2,362,111.4,333,71.2,164,11/13/24 0:00
362,Maryland Eastern Shore,MEAC,-21.63,94,356,115.6,363,70,247,11/13/24 0:00
363,Coppin St.,MEAC,-21.73,85.5,364,107.2,237,70.1,240,11/13/24 0:00
364,Mississippi Valley St.,SWAC,-26.31,87,363,113.3,354,69.9,251,11/13/24 0:00
1,Auburn,SEC,30.37,121.7,2,91.3,4,70.5,197,11/14/24 0:00
2,Houston,B12,30.14,119.9,3,89.8,1,67,356,11/14/24 0:00
3,Gonzaga,WCC,27.37,124.2,1,96.8,45,72.3,85,11/14/24 0:00
4,Connecticut,BE,26.75,119.2,5,92.4,8,68.1,336,11/14/24 0:00
5,Duke,ACC,26.05,118,10,92,6,71.2,161,11/14/24 0:00
6,Tennessee,SEC,25.28,115.9,19,90.6,2,69.4,275,11/14/24 0:00
7,Arizona,B12,24.79,118,11,93.2,12,74.1,19,11/14/24 0:00
8,Kansas,B12,24.74,118.1,9,93.4,13,73.5,31,11/14/24 0:00
9,Iowa St.,B12,24.71,115.3,23,90.6,3,70.2,223,11/14/24 0:00
10,Alabama,SEC,23.98,119,6,95,20,74.9,9,11/14/24 0:00
11,Texas Tech,B12,23.49,117.3,13,93.8,15,68.6,313,11/14/24 0:00
12,Purdue,B10,21.74,119.2,4,97.4,53,69.3,280,11/14/24 0:00
13,Cincinnati,B12,21.39,116,17,94.6,18,69.9,240,11/14/24 0:00
14,Baylor,B12,21.27,118.9,7,97.6,56,69,299,11/14/24 0:00
15,Ohio St.,B10,21.13,115.8,20,94.7,19,70.3,215,11/14/24 0:00
16,North Carolina,ACC,21.08,118.2,8,97.2,50,73.6,28,11/14/24 0:00
17,St. John's,BE,21.05,114.6,32,93.5,14,72.4,84,11/14/24 0:00
18,Texas A&M,SEC,20.67,115.9,18,95.3,24,68.8,306,11/14/24 0:00
19,Creighton,BE,20.6,117.9,12,97.3,52,71.4,146,11/14/24 0:00
20,Kentucky,SEC,20.03,116.2,16,96.2,35,73.8,22,11/14/24 0:00
21,Florida,SEC,19.78,117,15,97.2,51,73.1,46,11/14/24 0:00
22,Texas,SEC,19.52,115,27,95.5,26,71.1,167,11/14/24 0:00
23,Mississippi St.,SEC,19.41,115,26,95.6,29,71,170,11/14/24 0:00
24,Marquette,BE,19.36,113.8,36,94.4,17,72.5,76,11/14/24 0:00
25,BYU,B12,19.21,115.8,22,96.6,40,71.2,155,11/14/24 0:00
26,Illinois,B10,19.14,114.4,33,95.3,22,72.7,64,11/14/24 0:00
27,Pittsburgh,ACC,18.83,115.1,25,96.3,37,70.5,202,11/14/24 0:00
28,UCLA,B10,18.56,111.1,61,92.5,9,68.6,310,11/14/24 0:00
29,Maryland,B10,18.38,110.1,77,91.7,5,69.9,248,11/14/24 0:00
30,Arkansas,SEC,18.31,110.6,68,92.3,7,71.3,149,11/14/24 0:00
31,Michigan,B10,18.26,114.7,31,96.4,38,71,168,11/14/24 0:00
32,VCU,A10,17.86,110.8,66,92.9,10,70.5,199,11/14/24 0:00
33,Clemson,ACC,17.75,114.8,29,97,49,69.1,291,11/14/24 0:00
34,Michigan St.,B10,17.52,110.5,70,93,11,71.1,164,11/14/24 0:00
35,Oregon,B10,17.38,113.4,39,96,34,69.9,241,11/14/24 0:00
36,Dayton,A10,16.79,112.2,49,95.4,25,69.1,290,11/14/24 0:00
37,Memphis,Amer,16.57,113.4,38,96.9,47,73.7,25,11/14/24 0:00
38,Saint Mary's,WCC,16.5,115.8,21,99.3,74,67.4,354,11/14/24 0:00
39,Wisconsin,B10,16.47,114.3,34,97.9,62,68.2,329,11/14/24 0:00
40,Indiana,B10,16.37,112.1,51,95.7,30,71.7,127,11/14/24 0:00
,,« Ratings on 2024-11-14,Current Ratings,Rk,EM,AdjT,,,,11/14/24 0:00
Rk,Team,Conf,AdjEM,AdjO,AdjD,AdjT,Rk,AdjEM,AdjO,11/14/24 0:00
41,Boise St.,MWC,16.11,113.8,35,97.7,58,69.2,285,11/14/24 0:00
42,Penn St.,B10,15.94,112.6,44,96.7,43,74.2,17,11/14/24 0:00
43,Iowa,B10,15.82,117.2,14,101.4,102,73.1,47,11/14/24 0:00
44,Northwestern,B10,15.81,111.8,54,96,33,69.2,284,11/14/24 0:00
45,Oklahoma,SEC,15.6,110.7,67,95.1,21,70.1,230,11/14/24 0:00
46,Miami FL,ACC,15.23,115,28,99.7,79,71.2,162,11/14/24 0:00
47,Utah St.,MWC,15.19,114.7,30,99.5,76,72,102,11/14/24 0:00
48,Xavier,BE,14.93,115.1,24,100.2,84,71.9,108,11/14/24 0:00
49,Nevada,MWC,14.81,112.7,43,97.9,63,68.5,318,11/14/24 0:00
50,LSU,SEC,14.46,112.3,48,97.8,61,72.2,89,11/14/24 0:00
51,Kansas St.,B12,14.44,110,79,95.6,28,70.2,224,11/14/24 0:00
52,San Diego St.,MWC,14.07,108.3,102,94.2,16,69.1,295,11/14/24 0:00
53,New Mexico,MWC,13.37,110,81,96.6,41,77.4,1,11/14/24 0:00
54,TCU,B12,13.13,110.9,63,97.8,60,71.2,157,11/14/24 0:00
55,Utah,B12,13.13,111.5,57,98.4,69,72.1,97,11/14/24 0:00
56,Villanova,BE,12.85,113.7,37,100.9,94,68.6,311,11/14/24 0:00
57,UCF,B12,12.76,110.5,69,97.8,59,71.4,147,11/14/24 0:00
58,N.C. State,ACC,12.54,113.1,40,100.6,90,71.7,131,11/14/24 0:00
59,SMU,ACC,12.54,113,42,100.4,88,73,51,11/14/24 0:00
60,UC Irvine,BW,12.45,107.7,115,95.3,23,71.2,154,11/14/24 0:00
61,South Carolina,SEC,12.42,109.1,90,96.6,42,68.6,308,11/14/24 0:00
62,Mississippi,SEC,12.33,111.4,59,99.1,72,70,237,11/14/24 0:00
63,Rutgers,B10,12.31,108.1,105,95.8,32,70.6,194,11/14/24 0:00
64,Missouri,SEC,12.29,112.6,45,100.3,87,69.7,261,11/14/24 0:00
65,North Texas,Amer,12,108.8,93,96.9,46,65,362,11/14/24 0:00
66,San Francisco,WCC,11.94,112.1,50,100.2,83,71.4,144,11/14/24 0:00
67,USC,B10,11.93,112.4,46,100.4,89,72.6,70,11/14/24 0:00
68,Louisville,ACC,11.49,109.6,85,98.1,65,72.9,56,11/14/24 0:00
69,Arizona St.,B12,11.42,108.4,99,96.9,48,71.1,166,11/14/24 0:00
70,Stanford,ACC,11.38,113,41,101.6,103,67.6,348,11/14/24 0:00
71,Nebraska,B10,11.28,107.1,125,95.8,31,72.1,95,11/14/24 0:00
72,Georgia,SEC,11.08,112.4,47,101.3,101,70.8,183,11/14/24 0:00
73,Grand Canyon,WAC,11.04,111.3,60,100.2,85,71.7,128,11/14/24 0:00
74,Wake Forest,ACC,10.77,109,92,98.2,67,72,99,11/14/24 0:00
75,Minnesota,B10,10.51,108,109,97.5,54,67.6,349,11/14/24 0:00
76,Colorado,B12,10.48,108,107,97.5,55,69.7,260,11/14/24 0:00
77,West Virginia,B12,10.24,109.4,88,99.2,73,70.7,191,11/14/24 0:00
78,Notre Dame,ACC,10.03,109.5,87,99.5,75,69.3,279,11/14/24 0:00
79,Providence,BE,9.6,105.8,143,96.2,36,68.3,323,11/14/24 0:00
80,Florida St.,ACC,9.58,106.3,136,96.7,44,73.5,29,11/14/24 0:00
,,« Ratings on 2024-11-14,Current Ratings,Rk,EM,AdjT,,,,11/14/24 0:00
Rk,Team,Conf,AdjEM,AdjO,AdjD,AdjT,Rk,AdjEM,AdjO,11/14/24 0:00
81,Louisiana Tech,CUSA,9.41,110.2,75,100.8,92,68.4,321,11/14/24 0:00
82,Washington,B10,9.38,105.8,144,96.4,39,72.5,77,11/14/24 0:00
83,Wichita St.,Amer,9.26,110.5,72,101.3,99,72.8,62,11/14/24 0:00
84,Florida Atlantic,Amer,8.89,111.9,53,103,127,74.2,18,11/14/24 0:00
85,Vanderbilt,SEC,8.84,111.1,62,102.2,116,72.5,72,11/14/24 0:00
86,Colorado St.,MWC,8.79,107.3,121,98.5,70,70.5,203,11/14/24 0:00
87,Princeton,Ivy,8.64,111.7,55,103.1,130,70.2,222,11/14/24 0:00
88,Oklahoma St.,B12,8.28,106.3,137,98,64,74.8,10,11/14/24 0:00
89,Georgia Tech,ACC,8.22,110.3,73,102.1,112,72.9,59,11/14/24 0:00
90,Loyola Chicago,A10,8.18,107.7,114,99.5,77,71.8,122,11/14/24 0:00
91,Georgetown,BE,7.83,110.9,65,103.1,128,70.5,204,11/14/24 0:00
92,UNLV,MWC,7.8,111.5,58,103.7,144,69.6,268,11/14/24 0:00
93,Washington St.,WCC,7.76,110.9,64,103.1,133,73,52,11/14/24 0:00
94,Virginia Tech,ACC,7.67,108,108,100.3,86,69.2,286,11/14/24 0:00
95,Liberty,CUSA,7.59,108.2,103,100.6,91,67.6,347,11/14/24 0:00
96,Virginia,ACC,7.52,105.7,148,98.2,66,65.1,361,11/14/24 0:00
97,George Mason,A10,7.22,106.9,128,99.7,78,69.5,274,11/14/24 0:00
98,Bradley,MVC,7.12,109,91,101.9,109,70.1,232,11/14/24 0:00
99,UAB,Amer,6.93,111.6,56,104.7,167,71.8,123,11/14/24 0:00
100,Butler,BE,6.84,108.7,97,101.8,106,70.3,213,11/14/24 0:00
101,Syracuse,ACC,6.83,110.5,71,103.7,145,73.4,34,11/14/24 0:00
102,High Point,BSth,6.29,112,52,105.7,194,69.8,251,11/14/24 0:00
103,Saint Joseph's,A10,6.29,107.3,122,101,95,72.8,61,11/14/24 0:00
104,Yale,Ivy,6.16,109.3,89,103.1,132,71.2,159,11/14/24 0:00
105,Oregon St.,WCC,6.13,106.1,139,100,80,68.3,326,11/14/24 0:00
106,Arkansas St.,SB,5.99,108.3,101,102.3,117,72.1,96,11/14/24 0:00
107,Rhode Island,A10,5.97,109.5,86,103.6,140,72.5,73,11/14/24 0:00
108,McNeese,Slnd,5.55,107.4,117,101.9,107,69.5,272,11/14/24 0:00
109,Santa Clara,WCC,5.31,109.7,83,104.4,163,71.5,140,11/14/24 0:00
110,UC San Diego,BW,5.23,107.9,111,102.6,119,69.1,289,11/14/24 0:00
111,Charleston,CAA,5.18,108,106,102.9,124,73.2,44,11/14/24 0:00
112,Seton Hall,BE,5.12,100.6,258,95.5,27,67,357,11/14/24 0:00
113,St. Bonaventure,A10,5.09,107.8,112,102.8,121,69.2,288,11/14/24 0:00
114,Drake,MVC,4.6,105.6,151,101,96,69.1,296,11/14/24 0:00
115,UC Santa Barbara,BW,4.54,107.9,110,103.4,136,71.6,139,11/14/24 0:00
116,Sam Houston St.,CUSA,4.51,108.5,98,104,149,72.2,90,11/14/24 0:00
117,Troy,SB,4.5,102.1,210,97.6,57,72,98,11/14/24 0:00
118,Saint Louis,A10,4.43,110,80,105.6,190,72.9,55,11/14/24 0:00
119,Massachusetts,A10,4.28,106.2,138,101.9,108,73.3,40,11/14/24 0:00
120,Temple,Amer,4.17,108.2,104,104,151,70.4,205,11/14/24 0:00
,,« Ratings on 2024-11-14,Current Ratings,Rk,EM,AdjT,,,,11/14/24 0:00
Rk,Team,Conf,AdjEM,AdjO,AdjD,AdjT,Rk,AdjEM,AdjO,11/14/24 0:00
121,Murray St.,MVC,4.04,107.5,116,103.4,137,69.4,276,11/14/24 0:00
122,Vermont,AE,4.01,104.1,176,100.1,82,66.6,358,11/14/24 0:00
123,Purdue Fort Wayne,Horz,3.74,106.6,132,102.8,123,72.6,68,11/14/24 0:00
124,La Salle,A10,3.61,105.5,152,101.9,110,70.3,219,11/14/24 0:00
125,UMass Lowell,AE,3.6,108.3,100,104.7,168,72.7,66,11/14/24 0:00
126,Utah Valley,WAC,3.57,103.6,183,100,81,71.8,124,11/14/24 0:00
127,Davidson,A10,3.56,107.8,113,104.3,157,70.4,208,11/14/24 0:00
128,South Florida,Amer,3.54,106,140,102.5,118,72.5,79,11/14/24 0:00
129,Lipscomb,ASun,3.42,108.8,94,105.4,186,70.9,172,11/14/24 0:00
130,Middle Tennessee,CUSA,3.35,102.2,207,98.8,71,70.4,207,11/14/24 0:00
131,Western Kentucky,CUSA,3.2,104.3,175,101.1,97,75.2,8,11/14/24 0:00
132,Kent St.,MAC,2.7,105.8,145,103.1,129,68.4,319,11/14/24 0:00
133,Texas St.,SB,2.7,103.6,184,100.9,93,69.3,281,11/14/24 0:00
134,Northern Iowa,MVC,2.68,106.4,134,103.8,146,69.3,283,11/14/24 0:00
135,Charlotte,Amer,2.63,108.7,96,106.1,201,66.6,359,11/14/24 0:00
136,East Carolina,Amer,2.33,106.7,130,104.3,161,67.7,344,11/14/24 0:00
137,Akron,MAC,2.19,104.3,174,102.1,113,70.8,177,11/14/24 0:00
138,DePaul,BE,2.13,105.7,147,103.6,142,70.8,181,11/14/24 0:00
139,North Florida,ASun,2.09,109.9,82,107.8,246,72.3,86,11/14/24 0:00
140,UC Riverside,BW,1.98,107.3,120,105.3,181,70.9,176,11/14/24 0:00
141,Towson,CAA,1.9,105.3,154,103.4,138,68.3,327,11/14/24 0:00
142,California,ACC,1.72,105.1,156,103.4,135,73.1,49,11/14/24 0:00
143,Boston College,ACC,1.68,104.9,160,103.2,134,70.2,225,11/14/24 0:00
144,Wofford,SC,1.61,110,78,108.4,263,67.4,353,11/14/24 0:00
145,George Washington,A10,1.53,107.1,123,105.6,192,71.9,105,11/14/24 0:00
146,New Mexico St.,CUSA,1.5,103.1,193,101.6,104,69.4,277,11/14/24 0:00
147,Seattle,WAC,1.47,104.4,171,102.9,125,70.4,209,11/14/24 0:00
148,Toledo,MAC,1.17,110.2,74,109,277,72.5,78,11/14/24 0:00
149,Tulsa,Amer,1.14,107.4,118,106.2,208,72.2,91,11/14/24 0:00
150,Loyola Marymount,WCC,1.04,106,142,104.9,170,68.9,301,11/14/24 0:00
151,Furman,SC,0.9,105.2,155,104.3,159,71.8,121,11/14/24 0:00
152,Hofstra,CAA,0.84,103.6,182,102.8,122,69.1,297,11/14/24 0:00
153,Winthrop,BSth,0.75,102.9,199,102.1,114,70.9,173,11/14/24 0:00
154,Samford,SC,0.58,107.1,124,106.5,216,75.4,6,11/14/24 0:00
155,Duquesne,A10,0.56,102.3,206,101.7,105,71.7,130,11/14/24 0:00
156,UNC Wilmington,CAA,0.45,106.3,135,105.8,198,70.6,195,11/14/24 0:00
157,Tulane,Amer,0.42,104.9,159,104.5,165,72.9,53,11/14/24 0:00
158,Columbia,Ivy,0.25,109.7,84,109.4,291,71,169,11/14/24 0:00
159,Fordham,A10,0.21,101.5,229,101.3,100,71.6,137,11/14/24 0:00
160,Southern Illinois,MVC,0.1,104.1,177,104,150,73.4,33,11/14/24 0:00
,,« Ratings on 2024-11-14,Current Ratings,Rk,EM,AdjT,,,,11/14/24 0:00
Rk,Team,Conf,AdjEM,AdjO,AdjD,AdjT,Rk,AdjEM,AdjO,11/14/24 0:00
161,Ohio,MAC,0.02,110.1,76,110.1,307,70.7,193,11/14/24 0:00
162,North Alabama,ASun,-0.06,106.6,131,106.7,220,70.4,211,11/14/24 0:00
163,UC Davis,BW,-0.17,101.8,221,102,111,73.3,39,11/14/24 0:00
164,Northeastern,CAA,-0.22,104.8,161,105.1,173,69.8,252,11/14/24 0:00
165,Belmont,MVC,-0.25,106,141,106.3,209,71.8,125,11/14/24 0:00
166,Longwood,BSth,-0.25,101.9,216,102.2,115,71.7,133,11/14/24 0:00
167,Cal Baptist,WAC,-0.4,106.5,133,107,225,68,339,11/14/24 0:00
168,Illinois Chicago,MVC,-0.69,105.1,157,105.8,195,71.5,142,11/14/24 0:00
169,UT Arlington,WAC,-0.73,108.7,95,109.5,292,73.4,32,11/14/24 0:00
170,Northern Colorado,BSky,-0.75,105.6,150,106.4,211,72.2,92,11/14/24 0:00
171,UNC Greensboro,SC,-0.78,104.3,173,105.1,174,68.8,304,11/14/24 0:00
172,Chattanooga,SC,-0.94,106.8,129,107.7,244,68.8,305,11/14/24 0:00
173,St. Thomas,Sum,-0.98,107,127,108,250,69.3,278,11/14/24 0:00
174,South Dakota St.,Sum,-1.06,105.5,153,106.6,217,71.6,136,11/14/24 0:00
175,Northern Kentucky,Horz,-1.12,100,270,101.2,98,69.6,265,11/14/24 0:00
176,Bryant,AE,-1.29,102.4,204,103.7,143,75.6,4,11/14/24 0:00
177,Hawaii,BW,-1.34,103.9,179,105.3,178,68.6,312,11/14/24 0:00
178,Stephen F. Austin,Slnd,-1.48,101.2,242,102.7,120,70.3,214,11/14/24 0:00
179,Georgia Southern,SB,-1.58,103.6,185,105.2,175,73.2,42,11/14/24 0:00
180,James Madison,SB,-1.61,104.4,170,106,200,69.6,269,11/14/24 0:00
181,East Tennessee St.,SC,-1.61,105,158,106.6,218,69.6,266,11/14/24 0:00
182,Cornell,Ivy,-1.69,107,126,108.7,268,74.1,21,11/14/24 0:00
183,Marshall,SB,-1.78,103.5,188,105.3,182,72.2,88,11/14/24 0:00
184,Louisiana,SB,-1.8,102.2,208,104,148,72,101,11/14/24 0:00
185,Youngstown St.,Horz,-1.82,102,214,103.8,147,71.3,148,11/14/24 0:00
186,Merrimack,MAAC,-1.88,96.4,327,98.3,68,69.9,246,11/14/24 0:00
187,Appalachian St.,SB,-1.99,101.5,231,103.5,139,70.7,186,11/14/24 0:00
188,Illinois St.,MVC,-2.08,103.5,189,105.6,191,68.4,322,11/14/24 0:00
189,Wright St.,Horz,-2.2,105.7,149,107.8,248,71.9,113,11/14/24 0:00
190,Cleveland St.,Horz,-2.27,103,197,105.2,176,70.7,192,11/14/24 0:00
191,Drexel,CAA,-2.29,102,215,104.2,156,67.6,350,11/14/24 0:00
192,Jacksonville,ASun,-2.66,101.6,228,104.2,155,68.5,314,11/14/24 0:00
193,Nicholls,Slnd,-2.7,102.6,202,105.3,180,70.7,189,11/14/24 0:00
194,Richmond,A10,-2.75,101.3,240,104,153,69.9,239,11/14/24 0:00
195,Oakland,Horz,-2.98,101.3,238,104.3,160,69.3,282,11/14/24 0:00
196,Miami OH,MAC,-3,103.9,180,106.9,224,69.8,255,11/14/24 0:00
197,Missouri St.,MVC,-3.17,99.9,271,103.1,131,69.5,273,11/14/24 0:00
198,Central Michigan,MAC,-3.19,100.4,262,103.6,141,70.1,228,11/14/24 0:00
199,Portland St.,BSky,-3.23,101.8,222,105,172,76,2,11/14/24 0:00
200,Southern Utah,WAC,-3.24,102.1,213,105.3,179,73.3,41,11/14/24 0:00
,,« Ratings on 2024-11-14,Current Ratings,Rk,EM,AdjT,,,,11/14/24 0:00
Rk,Team,Conf,AdjEM,AdjO,AdjD,AdjT,Rk,AdjEM,AdjO,11/14/24 0:00
201,Montana St.,BSky,-3.54,104,178,107.5,237,70.3,216,11/14/24 0:00
202,Saint Peter's,MAAC,-3.64,99.3,287,102.9,126,67.5,352,11/14/24 0:00
203,Kansas City,Sum,-3.73,103.1,195,106.9,223,69.6,270,11/14/24 0:00
204,South Alabama,SB,-3.84,101.4,237,105.2,177,68.7,307,11/14/24 0:00
205,Rice,Amer,-3.84,100.8,254,104.7,166,70.3,217,11/14/24 0:00
206,UTEP,CUSA,-3.9,100.1,268,104,152,72.9,58,11/14/24 0:00
207,Austin Peay,ASun,-3.94,101.9,218,105.8,197,68.2,331,11/14/24 0:00
208,Southern Miss,SB,-3.94,101.5,230,105.4,185,72.7,63,11/14/24 0:00
209,Montana,BSky,-4.07,104.3,172,108.4,262,69,300,11/14/24 0:00
210,Georgia St.,SB,-4.12,102.1,212,106.2,207,71.6,135,11/14/24 0:00
211,UNC Asheville,BSth,-4.28,104.5,169,108.8,271,71.5,141,11/14/24 0:00
212,Norfolk St.,MEAC,-4.31,103.5,190,107.8,245,70,233,11/14/24 0:00
213,Kennesaw St.,CUSA,-4.38,104.7,165,109.1,279,75.7,3,11/14/24 0:00
214,Milwaukee,Horz,-4.38,103.2,192,107.6,239,73.3,37,11/14/24 0:00
215,Abilene Christian,WAC,-4.46,100.9,252,105.3,183,71.9,110,11/14/24 0:00
216,Ball St.,MAC,-4.5,102.3,205,106.8,222,70.2,221,11/14/24 0:00
217,North Dakota St.,Sum,-4.52,107.3,119,111.8,339,68.3,324,11/14/24 0:00
218,Texas A&M Corpus Chris,Slnd,-4.58,102.8,200,107.3,233,73.2,43,11/14/24 0:00
219,CSUN,BW,-4.58,99.6,276,104.2,154,75.5,5,11/14/24 0:00
220,Wyoming,MWC,-4.66,101.4,232,106.1,203,69.1,293,11/14/24 0:00
221,Grambling St.,SWAC,-4.9,99.4,285,104.3,158,70,235,11/14/24 0:00
222,Central Connecticut,NEC,-4.91,99.5,277,104.4,164,68.5,315,11/14/24 0:00
223,Howard,MEAC,-4.93,103.6,187,108.5,264,69.8,256,11/14/24 0:00
224,UTSA,Amer,-4.93,103.1,194,108.1,255,73.8,23,11/14/24 0:00
225,Bucknell,PL,-4.99,101.4,233,106.4,212,70.3,220,11/14/24 0:00
226,Iona,MAAC,-5.04,102.9,198,108,251,70.8,179,11/14/24 0:00
227,Jacksonville St.,CUSA,-5.09,100.7,255,105.8,196,69.9,242,11/14/24 0:00
228,Colgate,PL,-5.1,101,248,106.1,204,69.8,258,11/14/24 0:00
229,Gardner Webb,BSth,-5.24,101.8,219,107,226,71.9,111,11/14/24 0:00
230,Quinnipiac,MAAC,-5.28,101.2,245,106.4,214,73.7,26,11/14/24 0:00
231,Evansville,MVC,-5.32,101.4,236,106.7,221,71.9,109,11/14/24 0:00
232,Albany,AE,-5.37,101.7,225,107,227,72.9,57,11/14/24 0:00
233,William & Mary,CAA,-5.38,103.8,181,109.2,283,72.5,71,11/14/24 0:00
234,Rider,MAAC,-5.47,102.2,209,107.6,241,69.6,267,11/14/24 0:00
235,Eastern Washington,BSky,-5.5,105.7,146,111.2,331,72.4,80,11/14/24 0:00
236,Indiana St.,MVC,-5.51,102.6,203,108.1,254,73.5,30,11/14/24 0:00
237,Pepperdine,WCC,-5.56,102.7,201,108.3,258,70.9,174,11/14/24 0:00
238,Florida Gulf Coast,ASun,-5.61,100.5,261,106.1,202,68,340,11/14/24 0:00
239,Radford,BSth,-5.68,104.7,163,110.4,317,68.6,309,11/14/24 0:00
240,Marist,MAAC,-5.74,101.4,234,107.2,230,68.1,334,11/14/24 0:00
,,« Ratings on 2024-11-14,Current Ratings,Rk,EM,AdjT,,,,11/14/24 0:00
Rk,Team,Conf,AdjEM,AdjO,AdjD,AdjT,Rk,AdjEM,AdjO,11/14/24 0:00
241,Eastern Kentucky,ASun,-5.75,104.7,164,110.5,318,70.7,187,11/14/24 0:00
242,Weber St.,BSky,-5.95,101.6,227,107.6,238,68.5,316,11/14/24 0:00
243,American,PL,-6.14,103,196,109.2,282,64.8,363,11/14/24 0:00
244,Penn,Ivy,-6.3,104.8,162,111.1,326,68,337,11/14/24 0:00
245,South Dakota,Sum,-6.54,104.7,166,111.2,330,74.2,16,11/14/24 0:00
246,Fresno St.,MWC,-6.56,98.9,292,105.4,187,75.3,7,11/14/24 0:00
247,Presbyterian,BSth,-6.65,104.6,167,111.3,332,68.2,328,11/14/24 0:00
248,Maine,AE,-6.72,98.7,294,105.4,184,70,238,11/14/24 0:00
249,Delaware,CAA,-7.02,99.1,291,106.1,206,72.5,74,11/14/24 0:00
250,Brown,Ivy,-7.07,101.2,244,108.3,257,69.8,254,11/14/24 0:00
251,Mercer,SC,-7.1,101.2,243,108.3,259,74.3,15,11/14/24 0:00
252,Pacific,WCC,-7.31,101,249,108.3,261,71.9,112,11/14/24 0:00
253,Mount St. Mary's,MAAC,-7.37,99.3,286,106.7,219,71,171,11/14/24 0:00
254,Lafayette,PL,-7.49,98.4,300,105.9,199,68.4,320,11/14/24 0:00
255,Oral Roberts,Sum,-7.55,103.6,186,111.1,327,69.9,249,11/14/24 0:00
256,Alabama St.,SWAC,-7.59,99.6,275,107.2,232,70.8,180,11/14/24 0:00
257,Lehigh,PL,-7.65,101.7,223,109.4,287,70.5,200,11/14/24 0:00
258,Navy,PL,-7.75,101.7,226,109.4,289,69.9,247,11/14/24 0:00
259,Little Rock,OVC,-7.77,101,251,108.7,270,72,103,11/14/24 0:00
260,Long Beach St.,BW,-7.81,101.9,217,109.7,298,70.5,201,11/14/24 0:00
261,Idaho St.,BSky,-7.82,98.3,303,106.1,205,67.2,355,11/14/24 0:00
262,Coastal Carolina,SB,-7.84,98.6,297,106.4,215,68.2,330,11/14/24 0:00
263,North Carolina A&T,CAA,-7.92,100.2,265,108.1,256,73.2,45,11/14/24 0:00
264,Harvard,Ivy,-8.04,99.2,290,107.2,231,70.8,182,11/14/24 0:00
265,North Dakota,Sum,-8.05,100.9,253,108.9,272,71.2,153,11/14/24 0:00
266,FIU,CUSA,-8.05,98.3,302,106.4,210,74.5,13,11/14/24 0:00
267,Bowling Green,MAC,-8.14,102.1,211,110.3,312,72.6,67,11/14/24 0:00
268,Southeastern Louisiana,Slnd,-8.27,99.4,284,107.7,242,70.4,206,11/14/24 0:00
269,Elon,CAA,-8.29,100.6,257,108.9,273,70.7,188,11/14/24 0:00
270,Valparaiso,MVC,-8.39,101.3,239,109.7,297,70.6,196,11/14/24 0:00
271,San Diego,WCC,-8.41,97.1,318,105.5,189,73,50,11/14/24 0:00
272,Wagner,NEC,-8.56,95.8,339,104.3,162,66.1,360,11/14/24 0:00
273,Army,PL,-8.58,100.1,269,108.7,267,67.6,346,11/14/24 0:00
274,San Jose St.,MWC,-8.6,99.7,274,108.3,260,67.9,341,11/14/24 0:00
275,Fairfield,MAAC,-8.6,96.4,329,105,171,70.3,212,11/14/24 0:00
276,Charleston Southern,BSth,-8.61,101.2,241,109.8,302,71.4,143,11/14/24 0:00
277,Northern Arizona,BSky,-8.64,103.4,191,112.1,343,69.5,271,11/14/24 0:00
278,Cal St. Bakersfield,BW,-8.68,101.1,246,109.8,301,68.3,325,11/14/24 0:00
279,Texas Southern,SWAC,-8.69,96.2,334,104.9,169,71.9,104,11/14/24 0:00
280,Southern,SWAC,-8.72,96.7,323,105.4,188,71.2,158,11/14/24 0:00
,,« Ratings on 2024-11-14,Current Ratings,Rk,EM,AdjT,,,,11/14/24 0:00
Rk,Team,Conf,AdjEM,AdjO,AdjD,AdjT,Rk,AdjEM,AdjO,11/14/24 0:00
281,South Carolina St.,MEAC,-8.73,99.9,272,108.6,266,72.6,69,11/14/24 0:00
282,Lamar,Slnd,-8.76,101.4,235,110.2,309,71.8,119,11/14/24 0:00
283,UT Rio Grande Valley,Slnd,-9.33,101.1,247,110.4,316,73.4,36,11/14/24 0:00
284,Nebraska Omaha,Sum,-9.38,100.6,260,110,305,70.8,184,11/14/24 0:00
285,Tarleton St.,WAC,-9.41,98.1,307,107.5,236,70.8,178,11/14/24 0:00
286,Cal St. Fullerton,BW,-9.48,97.6,312,107.1,228,69.8,253,11/14/24 0:00
287,Green Bay,Horz,-9.49,104.6,168,114.1,359,70.5,198,11/14/24 0:00
288,Western Carolina,SC,-9.55,96.9,322,106.4,213,71.8,117,11/14/24 0:00
289,Siena,MAAC,-9.55,98.4,301,107.9,249,68.5,317,11/14/24 0:00
290,North Carolina Central,MEAC,-9.65,100.6,259,110.3,313,68.9,302,11/14/24 0:00
291,Boston University,PL,-9.75,99.5,278,109.2,285,68,338,11/14/24 0:00
292,Idaho,BSky,-9.79,99.7,273,109.5,293,69.7,264,11/14/24 0:00
293,Morehead St.,OVC,-9.86,97.3,316,107.2,229,69.1,292,11/14/24 0:00
294,Monmouth,CAA,-9.91,100.3,263,110.2,311,71.9,107,11/14/24 0:00
295,Bethune Cookman,SWAC,-9.99,98,308,108,252,72.1,94,11/14/24 0:00
296,UMBC,AE,-10.14,101.7,224,111.8,341,74.6,12,11/14/24 0:00
297,Old Dominion,SB,-10.16,100.1,266,110.3,314,71.6,138,11/14/24 0:00
298,Tennessee St.,OVC,-10.18,99.5,280,109.6,296,71.3,150,11/14/24 0:00
299,Sacramento St.,BSky,-10.19,95.5,342,105.6,193,67.8,342,11/14/24 0:00
300,Robert Morris,Horz,-10.19,99.2,288,109.4,290,71.2,156,11/14/24 0:00
301,Queens,ASun,-10.23,97.2,317,107.4,235,74.8,11,11/14/24 0:00
302,Stony Brook,CAA,-10.29,100.7,256,110.9,325,69.9,243,11/14/24 0:00
303,Portland,WCC,-10.3,100.2,264,110.5,319,71.7,126,11/14/24 0:00
304,Air Force,MWC,-10.35,101,250,111.3,334,64.1,364,11/14/24 0:00
305,Utah Tech,WAC,-10.37,99.2,289,109.6,295,72.4,81,11/14/24 0:00
306,SIUE,OVC,-10.48,98.7,293,109.2,284,69.9,244,11/14/24 0:00
307,Northern Illinois,MAC,-10.85,98.2,305,109,276,71.3,151,11/14/24 0:00
308,Denver,Sum,-11.27,99.5,281,110.7,323,71.9,114,11/14/24 0:00
309,Northwestern St.,Slnd,-11.29,98.6,295,109.9,303,70.4,210,11/14/24 0:00
310,Campbell,CAA,-11.4,98,309,109.4,288,68.1,333,11/14/24 0:00
311,Eastern Michigan,MAC,-11.44,96.4,331,107.8,247,68.8,303,11/14/24 0:00
312,The Citadel,SC,-11.62,96.1,337,107.7,243,69.2,287,11/14/24 0:00
313,Western Michigan,MAC,-11.73,98.6,296,110.4,315,70.1,227,11/14/24 0:00
314,Incarnate Word,Slnd,-12.2,101.8,220,114,358,71.4,145,11/14/24 0:00
315,Southern Indiana,OVC,-12.21,96.9,320,109.1,281,69.7,259,11/14/24 0:00
316,Western Illinois,OVC,-12.29,97.4,314,109.7,300,67.7,345,11/14/24 0:00
317,Hampton,CAA,-12.36,96.7,324,109.1,278,70.1,229,11/14/24 0:00
318,Loyola MD,PL,-12.4,95.2,345,107.6,240,70.9,175,11/14/24 0:00
319,Manhattan,MAAC,-12.71,96.3,332,109,275,71.3,152,11/14/24 0:00
320,Tennessee Tech,OVC,-12.81,96.9,321,109.7,299,70.7,185,11/14/24 0:00
,,« Ratings on 2024-11-14,Current Ratings,Rk,EM,AdjT,,,,11/14/24 0:00
Rk,Team,Conf,AdjEM,AdjO,AdjD,AdjT,Rk,AdjEM,AdjO,11/14/24 0:00
321,Buffalo,MAC,-13,99.5,279,112.5,348,73.3,38,11/14/24 0:00
322,Southeast Missouri,OVC,-13.17,96.9,319,110.1,306,72.2,87,11/14/24 0:00
323,Bellarmine,ASun,-13.19,100.1,267,113.3,352,67.8,343,11/14/24 0:00
324,Canisius,MAAC,-13.48,99.4,283,112.9,349,69.1,294,11/14/24 0:00
325,Tennessee Martin,OVC,-13.49,95.8,340,109.2,286,73.8,24,11/14/24 0:00
326,Binghamton,AE,-13.54,98.5,298,112,342,69.8,257,11/14/24 0:00
327,Jackson St.,SWAC,-13.68,95.4,343,109.1,280,71.7,129,11/14/24 0:00
328,Louisiana Monroe,SB,-13.81,94.7,351,108.5,265,70.1,231,11/14/24 0:00
329,Cal Poly,BW,-13.83,95.1,346,109,274,72.7,65,11/14/24 0:00
330,Dartmouth,Ivy,-13.87,96.3,333,110.1,308,70.3,218,11/14/24 0:00
331,USC Upstate,BSth,-13.95,99.4,282,113.4,354,71.7,132,11/14/24 0:00
332,Stetson,ASun,-14.15,98.2,304,112.4,346,69.7,262,11/14/24 0:00
333,Niagara,MAAC,-14.33,97.5,313,111.8,340,69.7,263,11/14/24 0:00
334,West Georgia,ASun,-14.48,97.3,315,111.8,338,71.8,116,11/14/24 0:00
335,Morgan St.,MEAC,-14.54,97.9,311,112.4,347,72.9,54,11/14/24 0:00
336,Sacred Heart,MAAC,-14.63,96.7,325,111.3,333,73.6,27,11/14/24 0:00
337,LIU,NEC,-14.67,94.9,350,109.5,294,72.1,93,11/14/24 0:00
338,Detroit Mercy,Horz,-15.04,98.1,306,113.2,351,69,298,11/14/24 0:00
339,Central Arkansas,ASun,-15.18,96,338,111.2,329,72.5,75,11/14/24 0:00
340,Holy Cross,PL,-15.19,98.4,299,113.6,357,70.2,226,11/14/24 0:00
341,Mercyhurst,NEC,-15.2,95.4,344,110.6,321,68.1,335,11/14/24 0:00
342,New Hampshire,AE,-15.36,94.9,349,110.2,310,72.4,83,11/14/24 0:00
343,Delaware St.,MEAC,-15.48,92.6,359,108,253,72.4,82,11/14/24 0:00
344,Eastern Illinois,OVC,-15.49,95,348,110.5,320,71.8,115,11/14/24 0:00
345,Alabama A&M,SWAC,-15.5,93.2,357,108.7,269,72.8,60,11/14/24 0:00
346,Le Moyne,NEC,-15.52,97.9,310,113.4,355,71.1,165,11/14/24 0:00
347,Saint Francis,NEC,-15.74,94.2,353,110,304,71.8,120,11/14/24 0:00
348,Chicago St.,NEC,-16.05,94.6,352,110.6,322,71.6,134,11/14/24 0:00
349,Lindenwood,OVC,-16.65,95.1,347,111.7,337,71.2,160,11/14/24 0:00
350,Prairie View A&M,SWAC,-16.69,95.5,341,112.2,345,73.4,35,11/14/24 0:00
351,New Orleans,Slnd,-16.9,96.1,336,113,350,72,100,11/14/24 0:00
352,Fairleigh Dickinson,NEC,-17.73,96.4,330,114.1,360,74.1,20,11/14/24 0:00
353,VMI,SC,-17.96,94.1,355,112.1,344,74.3,14,11/14/24 0:00
354,Texas A&M Commerce,Slnd,-18.06,92.8,358,110.9,324,71.9,106,11/14/24 0:00
355,Alcorn St.,SWAC,-18.64,96.5,326,115.1,361,68.2,332,11/14/24 0:00
356,Florida A&M,SWAC,-19.15,92.2,360,111.3,335,71.8,118,11/14/24 0:00
357,NJIT,AE,-19.19,91.9,361,111.1,328,67.5,351,11/14/24 0:00
358,Arkansas Pine Bluff,SWAC,-19.45,96.2,335,115.6,362,73.1,48,11/14/24 0:00
359,Houston Christian,Slnd,-19.52,93.8,356,113.3,353,70.7,190,11/14/24 0:00
360,IU Indy,Horz,-19.89,96.4,328,116.3,364,70,234,11/14/24 0:00
,,« Ratings on 2024-11-14,Current Ratings,Rk,EM,AdjT,,,,11/14/24 0:00
Rk,Team,Conf,AdjEM,AdjO,AdjD,AdjT,Rk,AdjEM,AdjO,11/14/24 0:00
361,Stonehill,NEC,-20.14,91.4,362,111.5,336,71.1,163,11/14/24 0:00
362,Maryland Eastern Shore,MEAC,-21.55,94.2,354,115.8,363,69.9,245,11/14/24 0:00
363,Coppin St.,MEAC,-21.9,85.5,364,107.4,234,70,236,11/14/24 0:00
364,Mississippi Valley St.,SWAC,-26.31,87.2,363,113.5,356,69.8,250,11/14/24 0:00
1,Auburn,SEC,30.37,121.4,2,91,4,70.4,199,11/15/24 0:00
2,Houston,B12,30.14,119.6,3,89.5,1,66.8,356,11/15/24 0:00
3,Gonzaga,WCC,27.5,123.9,1,96.4,43,72.1,86,11/15/24 0:00
4,Connecticut,BE,26.75,118.9,5,92.1,8,67.9,335,11/15/24 0:00
5,Duke,ACC,26.06,117.6,12,91.5,6,71.1,152,11/15/24 0:00
6,Tennessee,SEC,25.27,115.6,20,90.3,2,69.3,276,11/15/24 0:00
7,Arizona,B12,24.78,117.7,10,92.9,12,74,19,11/15/24 0:00
8,Kansas,B12,24.75,117.8,9,93.1,13,73.3,32,11/15/24 0:00
9,Iowa St.,B12,24.68,115,23,90.3,3,70,224,11/15/24 0:00
10,Alabama,SEC,23.97,118.7,6,94.7,20,74.7,9,11/15/24 0:00
11,Texas Tech,B12,23.49,116.9,13,93.5,15,68.4,314,11/15/24 0:00
12,Purdue,B10,21.75,118.9,4,97.2,54,69.1,282,11/15/24 0:00
13,Cincinnati,B12,21.33,115.7,16,94.4,19,69.7,251,11/15/24 0:00
14,Baylor,B12,21.3,118.6,7,97.3,58,68.8,299,11/15/24 0:00
15,Ohio St.,B10,21.13,115.5,21,94.4,18,70.1,217,11/15/24 0:00
16,North Carolina,ACC,21.08,117.9,8,96.9,51,73.4,30,11/15/24 0:00
17,St. John's,BE,21.05,114.3,32,93.2,14,72.2,83,11/15/24 0:00
18,Texas A&M,SEC,20.67,115.6,18,95,24,68.6,306,11/15/24 0:00
19,Creighton,BE,20.61,117.6,11,97,53,71.2,144,11/15/24 0:00
20,Kentucky,SEC,20.02,115.7,17,95.7,34,73.8,22,11/15/24 0:00
21,Florida,SEC,19.81,116.8,15,97,52,72.9,45,11/15/24 0:00
22,Texas,SEC,19.52,114.7,27,95.2,26,70.9,165,11/15/24 0:00
23,Mississippi St.,SEC,19.41,114.7,26,95.3,28,70.8,169,11/15/24 0:00
24,Marquette,BE,19.36,113.5,36,94.1,17,72.3,75,11/15/24 0:00
25,BYU,B12,19.22,115.5,22,96.3,41,71,159,11/15/24 0:00
26,Illinois,B10,19.15,114.1,33,94.9,23,72.5,65,11/15/24 0:00
27,Pittsburgh,ACC,18.83,114.8,25,96,35,70.3,205,11/15/24 0:00
28,UCLA,B10,18.56,110.8,60,92.2,9,68.4,310,11/15/24 0:00
29,Maryland,B10,18.38,109.8,77,91.4,5,69.7,249,11/15/24 0:00
30,Arkansas,SEC,18.33,110.3,69,92,7,71.2,149,11/15/24 0:00
31,Michigan,B10,18.23,114.3,31,96.1,38,70.8,170,11/15/24 0:00
32,VCU,A10,17.86,110.5,66,92.6,10,70.4,200,11/15/24 0:00
33,Clemson,ACC,17.75,114.5,29,96.7,50,69,292,11/15/24 0:00
34,Michigan St.,B10,17.52,110.2,71,92.7,11,70.9,163,11/15/24 0:00
35,Oregon,B10,17.38,113.1,39,95.7,33,69.8,239,11/15/24 0:00
36,Dayton,A10,16.79,111.9,49,95.1,25,69,291,11/15/24 0:00
37,LSU,SEC,16.77,113.1,40,96.3,42,71.7,117,11/15/24 0:00
38,Memphis,Amer,16.58,113.2,38,96.6,49,73.5,28,11/15/24 0:00
39,Saint Mary's,WCC,16.55,115.6,19,99,74,67.1,354,11/15/24 0:00
40,Wisconsin,B10,16.47,114,34,97.6,63,68,329,11/15/24 0:00
,,« Ratings on 2024-11-15,Current Ratings,Rk,EM,AdjT,,,,11/15/24 0:00
Rk,Team,Conf,AdjEM,AdjO,AdjD,AdjT,Rk,AdjEM,AdjO,11/15/24 0:00
41,Indiana,B10,16.37,111.8,51,95.4,29,71.6,126,11/15/24 0:00
42,Boise St.,MWC,16.13,113.5,35,97.4,59,69,285,11/15/24 0:00
43,Penn St.,B10,16.1,112.3,46,96.2,39,74.1,16,11/15/24 0:00
44,Iowa,B10,15.82,116.9,14,101,100,72.9,46,11/15/24 0:00
45,Northwestern,B10,15.81,111.5,54,95.7,32,69.1,284,11/15/24 0:00
46,Oklahoma,SEC,15.52,110.3,68,94.8,21,69.9,232,11/15/24 0:00
47,Miami FL,ACC,15.23,114.7,28,99.4,78,71,162,11/15/24 0:00
48,Utah St.,MWC,15.19,114.4,30,99.2,75,71.8,101,11/15/24 0:00
49,Xavier,BE,14.94,114.8,24,99.9,84,71.7,116,11/15/24 0:00
50,Nevada,MWC,14.81,112.4,45,97.6,62,68.3,318,11/15/24 0:00
51,San Diego St.,MWC,14.07,107.9,102,93.9,16,68.9,295,11/15/24 0:00
52,New Mexico,MWC,13.53,109.8,78,96.3,40,77.2,1,11/15/24 0:00
53,TCU,B12,13.13,110.6,62,97.5,61,71,158,11/15/24 0:00
54,Utah,B12,13.13,111.2,57,98.1,69,71.9,97,11/15/24 0:00
55,Missouri,SEC,12.98,112.8,43,99.8,81,69.5,265,11/15/24 0:00
56,Villanova,BE,12.85,113.4,37,100.6,92,68.4,312,11/15/24 0:00
57,Arizona St.,B12,12.79,109.3,85,96.5,46,71.2,142,11/15/24 0:00
58,UCF,B12,12.76,110.2,70,97.5,60,71.2,146,11/15/24 0:00
59,N.C. State,ACC,12.54,112.8,42,100.3,89,71.5,129,11/15/24 0:00
60,SMU,ACC,12.54,112.7,44,100.1,87,72.8,51,11/15/24 0:00
61,UC Irvine,BW,12.48,107.4,115,94.9,22,71.1,156,11/15/24 0:00
62,South Carolina,SEC,12.39,108.8,90,96.4,45,68.4,313,11/15/24 0:00
63,Mississippi,SEC,12.35,111.1,58,98.8,71,69.8,236,11/15/24 0:00
64,Rutgers,B10,12.31,107.8,106,95.5,31,70.5,193,11/15/24 0:00
65,Kansas St.,B12,12.21,108.6,92,96.4,44,69.6,262,11/15/24 0:00
66,San Francisco,WCC,12.1,111.9,50,99.8,82,71.2,145,11/15/24 0:00
67,North Texas,Amer,12.01,108.5,95,96.5,47,64.9,362,11/15/24 0:00
68,USC,B10,12,112.2,47,100.2,88,72.3,78,11/15/24 0:00
69,Stanford,ACC,11.48,113,41,101.5,104,67.6,344,11/15/24 0:00
70,Louisville,ACC,11.4,109.3,84,97.9,66,72.6,62,11/15/24 0:00
71,Nebraska,B10,11.28,106.8,125,95.5,30,71.9,95,11/15/24 0:00
72,Georgia,SEC,11.08,112.1,48,101,99,70.6,182,11/15/24 0:00
73,Wake Forest,ACC,10.68,108.6,93,97.9,65,71.9,98,11/15/24 0:00
74,Colorado,B12,10.61,107.8,104,97.2,57,69.6,257,11/15/24 0:00
75,Minnesota,B10,10.59,107.8,107,97.2,55,67.3,351,11/15/24 0:00
76,West Virginia,B12,10.28,109.3,87,99,73,70.6,184,11/15/24 0:00
77,Notre Dame,ACC,9.83,109.3,86,99.5,79,69.2,278,11/15/24 0:00
78,Providence,BE,9.57,105.6,144,96.1,36,68.2,321,11/15/24 0:00
79,Grand Canyon,WAC,9.5,110.8,59,101.3,101,72,90,11/15/24 0:00
80,Florida St.,ACC,9.49,106.1,136,96.6,48,73.4,29,11/15/24 0:00
,,« Ratings on 2024-11-15,Current Ratings,Rk,EM,AdjT,,,,11/15/24 0:00
Rk,Team,Conf,AdjEM,AdjO,AdjD,AdjT,Rk,AdjEM,AdjO,11/15/24 0:00
81,Louisiana Tech,CUSA,9.42,109.9,75,100.5,91,68.2,322,11/15/24 0:00
82,Washington,B10,9.38,105.5,145,96.1,37,72.3,77,11/15/24 0:00
83,Wichita St.,Amer,9.08,110.5,65,101.5,103,72.4,70,11/15/24 0:00
84,Colorado St.,MWC,8.96,107,120,98.1,68,70.4,201,11/15/24 0:00
85,Florida Atlantic,Amer,8.89,111.6,53,102.7,127,74,18,11/15/24 0:00
86,Vanderbilt,SEC,8.86,110.8,61,101.9,116,72.4,72,11/15/24 0:00
87,Princeton,Ivy,8.64,111.4,55,102.8,130,70.1,223,11/15/24 0:00
88,Georgia Tech,ACC,8.22,110,73,101.8,113,72.7,58,11/15/24 0:00
89,Loyola Chicago,A10,8.18,107.4,114,99.2,76,71.6,121,11/15/24 0:00
90,Oklahoma St.,B12,7.92,106.7,126,98.8,72,74.1,13,11/15/24 0:00
91,Georgetown,BE,7.84,110.6,64,102.7,128,70.3,206,11/15/24 0:00
92,Washington St.,WCC,7.76,110.6,63,102.8,133,72.8,52,11/15/24 0:00
93,Virginia Tech,ACC,7.67,107.7,108,100,85,69,286,11/15/24 0:00
94,Virginia,ACC,7.39,105.3,150,97.9,64,65,361,11/15/24 0:00
95,Liberty,CUSA,7.37,107.8,105,100.4,90,67.4,348,11/15/24 0:00
96,George Mason,A10,7.23,106.6,129,99.4,77,69.3,274,11/15/24 0:00
97,UNLV,MWC,7.21,110.4,67,103.2,141,70,230,11/15/24 0:00
98,Bradley,MVC,7.12,108.7,91,101.6,107,69.9,233,11/15/24 0:00
99,UAB,Amer,6.93,111.3,56,104.4,167,71.6,122,11/15/24 0:00
100,Butler,BE,6.85,108.4,98,101.5,105,70.2,214,11/15/24 0:00
101,Syracuse,ACC,6.83,110.2,72,103.4,146,73.2,34,11/15/24 0:00
102,Saint Joseph's,A10,6.28,107,122,100.7,95,72.6,63,11/15/24 0:00
103,High Point,BSth,6.17,111.6,52,105.5,195,69.7,248,11/15/24 0:00
104,Yale,Ivy,6.16,108.9,89,102.8,132,71,160,11/15/24 0:00
105,Oregon St.,WCC,6.12,105.8,139,99.7,80,68.1,325,11/15/24 0:00
106,Arkansas St.,SB,5.99,108,101,102,117,71.9,96,11/15/24 0:00
107,Rhode Island,A10,5.97,109.2,88,103.3,143,72.4,73,11/15/24 0:00
108,Santa Clara,WCC,5.46,109.4,82,103.9,157,71.3,140,11/15/24 0:00
109,McNeese,Slnd,5.4,107.1,117,101.7,110,69.4,269,11/15/24 0:00
110,UC San Diego,BW,5.23,107.6,111,102.3,119,69,290,11/15/24 0:00
111,Charleston,CAA,5.22,107.6,109,102.4,121,73.1,39,11/15/24 0:00
112,Seton Hall,BE,5.12,100.3,257,95.2,27,66.8,357,11/15/24 0:00
113,St. Bonaventure,A10,5.09,107.5,112,102.4,122,69,289,11/15/24 0:00
114,Troy,SB,4.61,101.8,208,97.2,56,71.8,99,11/15/24 0:00
115,Drake,MVC,4.6,105.3,151,100.7,94,68.9,296,11/15/24 0:00
116,UC Santa Barbara,BW,4.54,107.6,110,103.1,137,71.4,135,11/15/24 0:00
117,Sam Houston St.,CUSA,4.51,108.2,99,103.7,150,72,89,11/15/24 0:00
118,Saint Louis,A10,4.45,109.7,80,105.3,191,72.7,55,11/15/24 0:00
119,Massachusetts,A10,4.28,105.9,138,101.6,106,73.1,41,11/15/24 0:00
120,Temple,Amer,4.17,107.9,103,103.7,151,70.3,207,11/15/24 0:00
,,« Ratings on 2024-11-15,Current Ratings,Rk,EM,AdjT,,,,11/15/24 0:00
Rk,Team,Conf,AdjEM,AdjO,AdjD,AdjT,Rk,AdjEM,AdjO,11/15/24 0:00
121,Murray St.,MVC,4.04,107.2,116,103.1,139,69.2,279,11/15/24 0:00
122,Vermont,AE,4.01,103.8,175,99.8,83,66.5,358,11/15/24 0:00
123,Purdue Fort Wayne,Horz,3.74,106.2,133,102.5,124,72.4,69,11/15/24 0:00
124,La Salle,A10,3.61,105.2,152,101.6,108,70.1,220,11/15/24 0:00
125,UMass Lowell,AE,3.6,108,100,104.4,168,72.5,66,11/15/24 0:00
126,Davidson,A10,3.56,107.5,113,103.9,159,70.2,210,11/15/24 0:00
127,South Florida,Amer,3.55,105.8,140,102.2,118,72.3,79,11/15/24 0:00
128,Lipscomb,ASun,3.43,108.5,94,105.1,186,70.8,171,11/15/24 0:00
129,Middle Tennessee,CUSA,3.35,101.9,206,98.5,70,70.3,209,11/15/24 0:00
130,Western Kentucky,CUSA,2.99,103.7,178,100.7,96,75,8,11/15/24 0:00
131,Northern Iowa,MVC,2.86,106.6,128,103.8,154,68.8,301,11/15/24 0:00
132,Kent St.,MAC,2.7,105.5,146,102.8,129,68.3,319,11/15/24 0:00
133,Texas St.,SB,2.7,103.3,184,100.6,93,69,287,11/15/24 0:00
134,Charlotte,Amer,2.63,108.4,97,105.8,203,66.4,359,11/15/24 0:00
135,East Carolina,Amer,2.33,106.4,131,104,161,67.5,345,11/15/24 0:00
136,Akron,MAC,2.2,104,174,101.8,112,70.7,176,11/15/24 0:00
137,DePaul,BE,2.13,105.4,147,103.3,144,70.6,179,11/15/24 0:00
138,North Florida,ASun,2.09,109.6,81,107.5,247,72.2,84,11/15/24 0:00
139,UC Riverside,BW,1.98,107,121,105,178,70.7,175,11/15/24 0:00
140,California,ACC,1.9,104.9,156,103,136,72.8,50,11/15/24 0:00
141,Towson,CAA,1.9,105,153,103.1,138,68.1,326,11/15/24 0:00
142,Utah Valley,WAC,1.89,102.8,194,101,97,71.4,137,11/15/24 0:00
143,Boston College,ACC,1.68,104.6,160,102.9,135,70,225,11/15/24 0:00
144,Wofford,SC,1.61,109.7,79,108.1,265,67.2,353,11/15/24 0:00
145,George Washington,A10,1.52,106.8,123,105.3,193,71.8,104,11/15/24 0:00
146,Toledo,MAC,1.18,109.9,74,108.7,278,72.3,76,11/15/24 0:00
147,Tulsa,Amer,1.15,107.1,118,105.9,208,72,91,11/15/24 0:00
148,Loyola Marymount,WCC,1.05,105.7,142,104.6,171,68.7,302,11/15/24 0:00
149,Furman,SC,0.94,105,155,104.1,163,71.6,124,11/15/24 0:00
150,Hofstra,CAA,0.84,103.3,183,102.5,123,68.9,297,11/15/24 0:00
151,Winthrop,BSth,0.76,102.6,199,101.8,114,70.8,172,11/15/24 0:00
152,Bryant,AE,0.66,102.4,202,101.7,111,75.4,4,11/15/24 0:00
153,Northern Colorado,BSky,0.62,105.7,143,105,182,71.7,115,11/15/24 0:00
154,Samford,SC,0.58,106.8,124,106.2,216,75.3,6,11/15/24 0:00
155,Duquesne,A10,0.56,102,205,101.4,102,71.5,128,11/15/24 0:00
156,New Mexico St.,CUSA,0.48,103.2,191,102.7,126,69.7,242,11/15/24 0:00
157,UNC Wilmington,CAA,0.45,106,137,105.5,198,70.5,194,11/15/24 0:00
158,Southern Illinois,MVC,0.44,105,154,104.6,169,72.7,59,11/15/24 0:00
159,Tulane,Amer,0.43,104.6,159,104.2,165,72.7,54,11/15/24 0:00
160,Columbia,Ivy,0.25,109.4,83,109.1,292,70.8,168,11/15/24 0:00
,,« Ratings on 2024-11-15,Current Ratings,Rk,EM,AdjT,,,,11/15/24 0:00
Rk,Team,Conf,AdjEM,AdjO,AdjD,AdjT,Rk,AdjEM,AdjO,11/15/24 0:00
161,Fordham,A10,0.21,101.2,230,101,98,71.4,134,11/15/24 0:00
162,Ohio,MAC,0.02,109.8,76,109.8,309,70.5,192,11/15/24 0:00
163,North Alabama,ASun,-0.06,106.3,132,106.4,219,70.2,212,11/15/24 0:00
164,UC Davis,BW,-0.17,101.5,223,101.6,109,73.1,40,11/15/24 0:00
165,Northeastern,CAA,-0.22,104.5,161,104.7,174,69.7,253,11/15/24 0:00
166,Belmont,MVC,-0.24,105.7,141,106,209,71.6,123,11/15/24 0:00
167,Longwood,BSth,-0.25,101.6,218,101.9,115,71.5,131,11/15/24 0:00
168,Seattle,WAC,-0.34,103,192,103.4,145,70.4,196,11/15/24 0:00
169,Cal Baptist,WAC,-0.4,106.2,134,106.6,228,67.8,339,11/15/24 0:00
170,Chattanooga,SC,-0.44,106.1,135,106.5,223,69.1,281,11/15/24 0:00
171,Illinois Chicago,MVC,-0.69,104.8,157,105.5,196,71.3,139,11/15/24 0:00
172,UT Arlington,WAC,-0.72,108.4,96,109.2,294,73.3,33,11/15/24 0:00
173,UNC Greensboro,SC,-0.78,104,173,104.8,175,68.6,305,11/15/24 0:00
174,St. Thomas,Sum,-1.02,106.6,130,107.6,253,69.3,275,11/15/24 0:00
175,Hawaii,BW,-1.46,103.8,177,105.2,189,68.5,309,11/15/24 0:00
176,Stephen F. Austin,Slnd,-1.48,100.9,242,102.4,120,70.1,216,11/15/24 0:00
177,Georgia Southern,SB,-1.58,103.3,186,104.8,176,73.1,43,11/15/24 0:00
178,James Madison,SB,-1.61,104.1,171,105.7,201,69.4,271,11/15/24 0:00
179,East Tennessee St.,SC,-1.61,104.7,158,106.3,217,69.4,267,11/15/24 0:00
180,Cornell,Ivy,-1.69,106.7,127,108.4,270,73.9,21,11/15/24 0:00
181,Marshall,SB,-1.78,103.2,188,105,179,72.1,88,11/15/24 0:00
182,Louisiana,SB,-1.8,101.9,207,103.7,149,71.8,100,11/15/24 0:00
183,Youngstown St.,Horz,-1.82,101.7,213,103.5,148,71.2,148,11/15/24 0:00
184,Nicholls,Slnd,-1.87,101.6,217,103.5,147,70.4,203,11/15/24 0:00
185,Merrimack,MAAC,-1.88,96.1,327,98,67,69.7,245,11/15/24 0:00
186,Appalachian St.,SB,-1.99,101.2,232,103.2,140,70.6,187,11/15/24 0:00
187,Northern Kentucky,Horz,-2.01,98.1,299,100.1,86,69.2,277,11/15/24 0:00
188,Illinois St.,MVC,-2.07,103.2,189,105.3,192,68.2,323,11/15/24 0:00
189,Wright St.,Horz,-2.19,105.4,149,107.5,251,71.7,110,11/15/24 0:00
190,South Dakota St.,Sum,-2.28,104.3,168,106.6,227,71.2,147,11/15/24 0:00
191,Drexel,CAA,-2.29,101.7,216,103.9,156,67.4,349,11/15/24 0:00
192,Jacksonville,ASun,-2.37,100.5,253,102.9,134,68.6,308,11/15/24 0:00
193,Cleveland St.,Horz,-2.48,102.5,200,105,181,70.6,185,11/15/24 0:00
194,Richmond,A10,-2.75,101,240,103.7,152,69.8,238,11/15/24 0:00
195,Oakland,Horz,-2.98,101,238,104,160,69.1,283,11/15/24 0:00
196,Miami OH,MAC,-3,103.6,180,106.6,226,69.7,254,11/15/24 0:00
197,Missouri St.,MVC,-3.17,99.6,269,102.8,131,69.3,273,11/15/24 0:00
198,Central Michigan,MAC,-3.18,100.1,261,103.3,142,70,229,11/15/24 0:00
199,Portland St.,BSky,-3.23,101.5,224,104.7,173,75.8,2,11/15/24 0:00
200,Southern Utah,WAC,-3.24,101.8,212,105,177,73.1,42,11/15/24 0:00
,,« Ratings on 2024-11-15,Current Ratings,Rk,EM,AdjT,,,,11/15/24 0:00
Rk,Team,Conf,AdjEM,AdjO,AdjD,AdjT,Rk,AdjEM,AdjO,11/15/24 0:00
201,Texas A&M Corpus Chris,Slnd,-3.54,103.8,176,107.3,242,73.6,23,11/15/24 0:00
202,Montana St.,BSky,-3.56,103.6,179,107.2,238,70.2,215,11/15/24 0:00
203,Saint Peter's,MAAC,-3.64,99,284,102.6,125,67.3,352,11/15/24 0:00
204,Kansas City,Sum,-3.73,102.8,196,106.5,225,69.4,272,11/15/24 0:00
205,South Alabama,SB,-3.74,101.3,229,105,180,68.6,307,11/15/24 0:00
206,Rice,Amer,-3.83,100.5,252,104.4,166,70.1,219,11/15/24 0:00
207,Austin Peay,ASun,-3.87,101.7,215,105.6,199,67.9,336,11/15/24 0:00
208,Southern Miss,SB,-3.94,101.2,231,105.1,185,72.5,64,11/15/24 0:00
209,Montana,BSky,-4.07,104,172,108.1,264,68.8,300,11/15/24 0:00
210,Georgia St.,SB,-4.12,101.8,211,105.9,207,71.5,133,11/15/24 0:00
211,UTEP,CUSA,-4.16,99.6,268,103.8,153,72.8,53,11/15/24 0:00
212,UNC Asheville,BSth,-4.28,104.2,169,108.5,273,71.3,138,11/15/24 0:00
213,Norfolk St.,MEAC,-4.31,103.2,190,107.5,248,69.9,234,11/15/24 0:00
214,Milwaukee,Horz,-4.36,102.8,193,107.2,237,73.2,35,11/15/24 0:00
215,Kennesaw St.,CUSA,-4.38,104.4,165,108.8,280,75.6,3,11/15/24 0:00
216,Abilene Christian,WAC,-4.46,100.6,251,105,183,71.7,108,11/15/24 0:00
217,North Dakota St.,Sum,-4.5,107,119,111.5,339,68.2,324,11/15/24 0:00
218,Ball St.,MAC,-4.5,102,204,106.5,222,70.1,221,11/15/24 0:00
219,CSUN,BW,-4.58,99.3,273,103.9,155,75.3,5,11/15/24 0:00
220,Wyoming,MWC,-4.65,101.1,233,105.8,205,68.9,293,11/15/24 0:00
221,Howard,MEAC,-4.86,103.3,185,108.1,266,69.6,255,11/15/24 0:00
222,Grambling St.,SWAC,-4.9,99,281,103.9,158,69.8,235,11/15/24 0:00
223,Central Connecticut,NEC,-4.92,99.2,274,104.1,164,68.3,315,11/15/24 0:00
224,UTSA,Amer,-4.93,102.8,195,107.8,258,73.6,24,11/15/24 0:00
225,Bucknell,PL,-4.99,101.1,235,106.1,212,70.1,222,11/15/24 0:00
226,Iona,MAAC,-5.03,102.6,198,107.7,254,70.6,178,11/15/24 0:00
227,Jacksonville St.,CUSA,-5.09,100.4,254,105.5,197,69.7,240,11/15/24 0:00
228,Colgate,PL,-5.09,100.7,248,105.8,206,69.6,261,11/15/24 0:00
229,Gardner Webb,BSth,-5.24,101.5,221,106.7,229,71.7,109,11/15/24 0:00
230,Quinnipiac,MAAC,-5.28,100.9,245,106.1,214,73.5,26,11/15/24 0:00
231,Evansville,MVC,-5.32,101.1,237,106.4,220,71.7,107,11/15/24 0:00
232,Albany,AE,-5.37,101.4,227,106.7,230,72.7,57,11/15/24 0:00
233,William & Mary,CAA,-5.39,103.5,181,108.9,285,72.4,71,11/15/24 0:00
234,Indiana St.,MVC,-5.51,102.2,203,107.8,257,73.3,31,11/15/24 0:00
235,Pepperdine,WCC,-5.56,102.4,201,108,261,70.7,173,11/15/24 0:00
236,Florida Gulf Coast,ASun,-5.6,100.2,259,105.8,204,67.8,340,11/15/24 0:00
237,Rider,MAAC,-5.62,101.7,214,107.3,243,69.4,268,11/15/24 0:00
238,Eastern Washington,BSky,-5.62,105.4,148,111,334,72.2,80,11/15/24 0:00
239,Radford,BSth,-5.7,104.4,163,110.1,318,68.4,311,11/15/24 0:00
240,Marist,MAAC,-5.74,101.1,234,106.9,232,68,333,11/15/24 0:00
,,« Ratings on 2024-11-15,Current Ratings,Rk,EM,AdjT,,,,11/15/24 0:00
Rk,Team,Conf,AdjEM,AdjO,AdjD,AdjT,Rk,AdjEM,AdjO,11/15/24 0:00
241,Eastern Kentucky,ASun,-5.75,104.4,164,110.2,320,70.5,188,11/15/24 0:00
242,Weber St.,BSky,-5.95,101.3,228,107.2,239,68.3,316,11/15/24 0:00
243,American,PL,-6.11,102.7,197,108.8,284,64.6,363,11/15/24 0:00
244,North Dakota,Sum,-6.29,101.8,210,108.1,263,70.9,166,11/15/24 0:00
245,Penn,Ivy,-6.3,104.5,162,110.8,329,67.9,337,11/15/24 0:00
246,South Dakota,Sum,-6.54,104.4,166,110.9,332,74.1,17,11/15/24 0:00
247,Fresno St.,MWC,-6.56,98.6,287,105.1,187,75.2,7,11/15/24 0:00
248,Presbyterian,BSth,-6.65,104.3,167,111,333,68.1,328,11/15/24 0:00
249,Maine,AE,-6.71,98.4,290,105.1,184,69.8,237,11/15/24 0:00
250,Delaware,CAA,-6.98,99,282,106,210,72.4,68,11/15/24 0:00
251,Brown,Ivy,-7.05,100.9,244,107.9,260,69.7,252,11/15/24 0:00
252,Mercer,SC,-7.1,100.9,243,108,262,74.1,15,11/15/24 0:00
253,Mount St. Mary's,MAAC,-7.37,99,283,106.4,218,70.8,167,11/15/24 0:00
254,Alabama St.,SWAC,-7.45,99.5,271,107,234,70.6,181,11/15/24 0:00
255,Lafayette,PL,-7.48,98.1,298,105.6,200,68.3,320,11/15/24 0:00
256,Oral Roberts,Sum,-7.54,103.3,187,110.8,328,69.7,246,11/15/24 0:00
257,Northern Arizona,BSky,-7.58,101.5,220,109.1,291,68.7,304,11/15/24 0:00
258,Lehigh,PL,-7.65,101.4,225,109.1,289,70.4,202,11/15/24 0:00
259,Idaho St.,BSky,-7.67,98,301,105.7,202,67,355,11/15/24 0:00
260,Little Rock,OVC,-7.77,100.6,250,108.4,272,71.8,103,11/15/24 0:00
261,Navy,PL,-7.77,101.4,226,109.1,293,69.7,247,11/15/24 0:00
262,Coastal Carolina,SB,-7.84,98.3,293,106.1,215,68,330,11/15/24 0:00
263,North Carolina A&T,CAA,-7.92,99.9,264,107.8,259,73,44,11/15/24 0:00
264,Long Beach St.,BW,-7.93,101.6,219,109.5,303,70.4,197,11/15/24 0:00
265,Harvard,Ivy,-8.04,98.9,285,106.9,233,70.6,180,11/15/24 0:00
266,FIU,CUSA,-8.05,98,302,106.1,211,74.3,11,11/15/24 0:00
267,Bowling Green,MAC,-8.14,101.8,209,110,314,72.5,67,11/15/24 0:00
268,Pacific,WCC,-8.24,98.3,294,106.5,224,71.2,151,11/15/24 0:00
269,Southeastern Louisiana,Slnd,-8.27,99.1,280,107.4,245,70.3,208,11/15/24 0:00
270,Elon,CAA,-8.29,100.3,256,108.6,274,70.5,189,11/15/24 0:00
271,UMBC,AE,-8.4,103.4,182,111.8,342,74.2,12,11/15/24 0:00
272,San Diego,WCC,-8.42,96.8,318,105.3,190,72.8,48,11/15/24 0:00
273,Valparaiso,MVC,-8.44,101,239,109.4,300,70.4,198,11/15/24 0:00
274,Wagner,NEC,-8.55,95.5,340,104,162,66,360,11/15/24 0:00
275,Army,PL,-8.58,99.8,266,108.4,269,67.4,347,11/15/24 0:00
276,Fairfield,MAAC,-8.6,96.1,328,104.7,172,70.2,213,11/15/24 0:00
277,Charleston Southern,BSth,-8.61,100.9,241,109.5,304,71.3,141,11/15/24 0:00
278,Cal St. Bakersfield,BW,-8.66,100.8,246,109.5,302,68.1,327,11/15/24 0:00
279,Texas Southern,SWAC,-8.69,95.9,334,104.6,170,71.8,102,11/15/24 0:00
280,Nebraska Omaha,Sum,-8.7,100.1,260,108.8,281,71.2,150,11/15/24 0:00
,,« Ratings on 2024-11-15,Current Ratings,Rk,EM,AdjT,,,,11/15/24 0:00
Rk,Team,Conf,AdjEM,AdjO,AdjD,AdjT,Rk,AdjEM,AdjO,11/15/24 0:00
281,Southern,SWAC,-8.72,96.4,323,105.1,188,71,161,11/15/24 0:00
282,San Jose St.,MWC,-8.72,99.5,270,108.2,268,67.8,341,11/15/24 0:00
283,Lamar,Slnd,-8.76,101.1,236,109.9,311,71.6,119,11/15/24 0:00
284,South Carolina St.,MEAC,-9.09,98.4,288,107.5,249,72.6,61,11/15/24 0:00
285,UT Rio Grande Valley,Slnd,-9.32,100.8,247,110.1,317,73.2,38,11/15/24 0:00
286,Siena,MAAC,-9.33,98.2,295,107.6,252,68.3,317,11/15/24 0:00
287,Tarleton St.,WAC,-9.41,97.7,305,107.1,236,70.7,177,11/15/24 0:00
288,Green Bay,Horz,-9.52,104.2,170,113.7,358,70.4,195,11/15/24 0:00
289,Western Carolina,SC,-9.54,96.6,322,106.1,213,71.7,113,11/15/24 0:00
290,Cal St. Fullerton,BW,-9.59,97.2,313,106.8,231,69.6,263,11/15/24 0:00
291,North Carolina Central,MEAC,-9.66,100.3,258,110,315,68.7,303,11/15/24 0:00
292,Boston University,PL,-9.75,99.2,276,108.9,287,67.9,338,11/15/24 0:00
293,Idaho,BSky,-9.79,99.4,272,109.2,295,69.5,266,11/15/24 0:00
294,Robert Morris,Horz,-9.8,97.5,311,107.3,240,70.6,183,11/15/24 0:00
295,Monmouth,CAA,-9.91,100,262,109.9,313,71.8,106,11/15/24 0:00
296,Bethune Cookman,SWAC,-9.99,97.7,306,107.7,255,71.9,94,11/15/24 0:00
297,Tennessee St.,OVC,-10.15,99.2,275,109.3,298,71.1,153,11/15/24 0:00
298,Sacramento St.,BSky,-10.19,95.2,343,105.3,194,67.6,342,11/15/24 0:00
299,Queens,ASun,-10.22,96.9,316,107.1,235,74.6,10,11/15/24 0:00
300,Stony Brook,CAA,-10.28,100.4,255,110.6,327,69.7,241,11/15/24 0:00
301,Portland,WCC,-10.3,99.9,263,110.2,321,71.6,125,11/15/24 0:00
302,Air Force,MWC,-10.34,100.7,249,111,336,64,364,11/15/24 0:00
303,Old Dominion,SB,-10.37,99.8,267,110.2,319,71.4,136,11/15/24 0:00
304,SIUE,OVC,-10.48,98.4,289,108.9,286,69.7,243,11/15/24 0:00
305,Utah Tech,WAC,-10.5,98.8,286,109.3,297,72.1,85,11/15/24 0:00
306,Morehead St.,OVC,-10.59,95.9,335,106.5,221,69.6,259,11/15/24 0:00
307,Northern Illinois,MAC,-10.85,97.9,303,108.7,277,71.1,154,11/15/24 0:00
308,Denver,Sum,-11.24,99.2,277,110.4,325,71.7,114,11/15/24 0:00
309,Northwestern St.,Slnd,-11.3,98.3,291,109.6,305,70.2,211,11/15/24 0:00
310,Campbell,CAA,-11.41,97.7,307,109.1,290,68,332,11/15/24 0:00
311,Eastern Michigan,MAC,-11.45,95.9,333,107.4,244,69.1,280,11/15/24 0:00
312,The Citadel,SC,-11.6,95.8,337,107.4,246,69,288,11/15/24 0:00
313,Western Michigan,MAC,-11.73,98.3,292,110.1,316,70,227,11/15/24 0:00
314,Cal Poly,BW,-11.92,95.6,339,107.5,250,72.8,49,11/15/24 0:00
315,Incarnate Word,Slnd,-12.2,101.5,222,113.7,357,71.2,143,11/15/24 0:00
316,Southern Indiana,OVC,-12.2,96.6,320,108.8,283,69.6,260,11/15/24 0:00
317,Western Illinois,OVC,-12.31,97.1,314,109.4,301,67.5,346,11/15/24 0:00
318,Hampton,CAA,-12.36,96.4,325,108.7,279,69.9,231,11/15/24 0:00
319,Loyola MD,PL,-12.4,94.9,346,107.3,241,70.7,174,11/15/24 0:00
320,Manhattan,MAAC,-12.71,96,331,108.7,275,71.1,155,11/15/24 0:00
,,« Ratings on 2024-11-15,Current Ratings,Rk,EM,AdjT,,,,11/15/24 0:00
Rk,Team,Conf,AdjEM,AdjO,AdjD,AdjT,Rk,AdjEM,AdjO,11/15/24 0:00
321,Tennessee Tech,OVC,-12.81,96.6,321,109.4,299,70.6,186,11/15/24 0:00
322,Southeast Missouri,OVC,-13.17,96.6,319,109.8,308,72.1,87,11/15/24 0:00
323,Bellarmine,ASun,-13.19,99.8,265,113,352,67.6,343,11/15/24 0:00
324,Canisius,MAAC,-13.48,99.1,279,112.6,348,68.9,294,11/15/24 0:00
325,Tennessee Martin,OVC,-13.48,95.5,341,108.9,288,73.6,25,11/15/24 0:00
326,Binghamton,AE,-13.52,98.2,296,111.7,341,69.6,258,11/15/24 0:00
327,Louisiana Monroe,SB,-13.66,94.5,351,108.2,267,70,228,11/15/24 0:00
328,Jackson St.,SWAC,-13.69,95.1,344,108.8,282,71.5,127,11/15/24 0:00
329,Dartmouth,Ivy,-13.87,95.9,332,109.8,310,70.1,218,11/15/24 0:00
330,USC Upstate,BSth,-13.96,99.1,278,113.1,354,71.5,130,11/15/24 0:00
331,Stetson,ASun,-14.07,98,300,112.1,346,69.4,270,11/15/24 0:00
332,Niagara,MAAC,-14.33,97.2,312,111.5,340,69.5,264,11/15/24 0:00
333,West Georgia,ASun,-14.47,97,315,111.5,338,71.7,112,11/15/24 0:00
334,Morgan St.,MEAC,-14.53,97.6,310,112.1,345,72.7,56,11/15/24 0:00
335,Sacred Heart,MAAC,-14.63,96.4,324,111,335,73.5,27,11/15/24 0:00
336,LIU,NEC,-14.67,94.6,350,109.2,296,71.9,92,11/15/24 0:00
337,Buffalo,MAC,-14.79,97.7,308,112.5,347,73.2,37,11/15/24 0:00
338,Detroit Mercy,Horz,-15.04,97.8,304,112.8,351,68.9,298,11/15/24 0:00
339,Central Arkansas,ASun,-15.18,95.7,338,110.9,331,72.4,74,11/15/24 0:00
340,Holy Cross,PL,-15.19,98.1,297,113.3,356,70,226,11/15/24 0:00
341,Mercyhurst,NEC,-15.2,95.1,345,110.3,323,67.9,334,11/15/24 0:00
342,New Hampshire,AE,-15.36,94.6,349,109.9,312,72.2,82,11/15/24 0:00
343,Delaware St.,MEAC,-15.48,92.2,359,107.7,256,72.2,81,11/15/24 0:00
344,Eastern Illinois,OVC,-15.49,94.7,347,110.2,322,71.7,111,11/15/24 0:00
345,Alabama A&M,SWAC,-15.5,92.9,357,108.4,271,72.6,60,11/15/24 0:00
346,Le Moyne,NEC,-15.52,97.6,309,113.1,355,70.9,164,11/15/24 0:00
347,Saint Francis,NEC,-15.74,93.9,353,109.7,306,71.6,120,11/15/24 0:00
348,New Orleans,Slnd,-15.88,96.9,317,112.7,350,71.9,93,11/15/24 0:00
349,Chicago St.,NEC,-16.05,94.3,352,110.3,324,71.5,132,11/15/24 0:00
350,Prairie View A&M,SWAC,-16.69,95.2,342,111.9,344,73.2,36,11/15/24 0:00
351,Fairleigh Dickinson,NEC,-17.73,96.1,329,113.8,359,74,20,11/15/24 0:00
352,VMI,SC,-17.96,93.8,355,111.8,343,74.1,14,11/15/24 0:00
353,Lindenwood,OVC,-17.96,94.7,348,112.7,349,71,157,11/15/24 0:00
354,Texas A&M Commerce,Slnd,-18.06,92.5,358,110.6,326,71.8,105,11/15/24 0:00
355,Alcorn St.,SWAC,-18.64,96.2,326,114.8,361,68,331,11/15/24 0:00
356,Florida A&M,SWAC,-19.15,91.9,360,111,337,71.6,118,11/15/24 0:00
357,NJIT,AE,-19.19,91.6,361,110.8,330,67.4,350,11/15/24 0:00
358,Arkansas Pine Bluff,SWAC,-19.45,95.9,336,115.3,362,72.9,47,11/15/24 0:00
359,Houston Christian,Slnd,-19.52,93.5,356,113,353,70.5,191,11/15/24 0:00
360,IU Indy,Horz,-19.88,96,330,115.9,364,70.4,204,11/15/24 0:00
,,« Ratings on 2024-11-15,Current Ratings,Rk,EM,AdjT,,,,11/15/24 0:00
Rk,Team,Conf,AdjEM,AdjO,AdjD,AdjT,Rk,AdjEM,AdjO,11/15/24 0:00
361,Stonehill,NEC,-20.62,89.1,362,109.7,307,70.5,190,11/15/24 0:00
362,Maryland Eastern Shore,MEAC,-21.55,93.9,354,115.4,363,69.7,244,11/15/24 0:00
363,Coppin St.,MEAC,-23.42,85.2,364,108.7,276,69.7,250,11/15/24 0:00
364,Mississippi Valley St.,SWAC,-27.27,86.5,363,113.8,360,69.6,256,11/15/24 0:00
2,Houston,B12,30.14,119.6,3,89.5,1,66.8,356,11/16/24 0:00
1,Auburn,SEC,30.37,121.4,2,91,4,70.4,199,11/16/24 0:00
3,Gonzaga,WCC,27.5,123.9,1,96.4,43,72.1,86,11/16/24 0:00
5,Duke,ACC,26.05,117.7,10,91.7,6,71,161,11/16/24 0:00
4,Connecticut,BE,26.75,118.9,5,92.1,8,67.9,335,11/16/24 0:00
10,Alabama,SEC,23.97,118.7,6,94.7,20,74.7,9,11/16/24 0:00
8,Kansas,B12,24.75,117.9,9,93.1,13,73.3,32,11/16/24 0:00
9,Iowa St.,B12,24.68,115,23,90.4,3,70,224,11/16/24 0:00
7,Arizona,B12,24.78,117.7,11,92.9,12,74,19,11/16/24 0:00
12,Purdue,B10,21.75,118.9,4,97.2,54,69.1,282,11/16/24 0:00
11,Texas Tech,B12,23.49,117,13,93.5,15,68.4,314,11/16/24 0:00
13,Cincinnati,B12,21.33,115.7,17,94.4,19,69.7,251,11/16/24 0:00
24,Marquette,BE,19.36,113.5,36,94.1,17,72.3,75,11/16/24 0:00
6,Tennessee,SEC,25.27,115.6,20,90.3,2,69.3,276,11/16/24 0:00
17,St. John's,BE,21.05,114.3,32,93.2,14,72.2,83,11/16/24 0:00
19,Creighton,BE,20.61,117.6,12,97,53,71.2,144,11/16/24 0:00
16,North Carolina,ACC,21.08,117.9,8,96.9,51,73.4,30,11/16/24 0:00
18,Texas A&M,SEC,20.67,115.6,18,95,24,68.6,306,11/16/24 0:00
26,Illinois,B10,19.15,114.1,33,94.9,23,72.5,65,11/16/24 0:00
23,Mississippi St.,SEC,19.41,114.7,26,95.3,28,70.8,168,11/16/24 0:00
15,Ohio St.,B10,21.13,115.5,21,94.4,18,70.1,217,11/16/24 0:00
35,Oregon,B10,17.38,113.1,39,95.7,33,69.8,239,11/16/24 0:00
21,Florida,SEC,19.81,116.8,15,97,52,72.9,45,11/16/24 0:00
31,Michigan,B10,18.23,114.3,31,96.1,38,70.8,170,11/16/24 0:00
27,Pittsburgh,ACC,18.83,114.8,25,96,35,70.3,205,11/16/24 0:00
14,Baylor,B12,21.3,118.6,7,97.3,58,68.8,299,11/16/24 0:00
22,Texas,SEC,19.52,114.7,27,95.2,26,70.9,165,11/16/24 0:00
33,Clemson,ACC,17.75,114.5,29,96.7,50,69,292,11/16/24 0:00
30,Arkansas,SEC,18.33,110.3,69,92,7,71.2,149,11/16/24 0:00
36,Dayton,A10,16.79,111.9,49,95.1,25,69,291,11/16/24 0:00
29,Maryland,B10,18.38,109.8,77,91.4,5,69.7,249,11/16/24 0:00
42,Boise St.,MWC,16.13,113.6,35,97.4,59,69,285,11/16/24 0:00
25,BYU,B12,19.22,115.5,22,96.3,41,71,158,11/16/24 0:00
34,Michigan St.,B10,17.52,110.2,71,92.7,11,70.9,163,11/16/24 0:00
28,UCLA,B10,18.56,110.8,60,92.2,9,68.4,310,11/16/24 0:00
32,VCU,A10,17.86,110.5,66,92.6,10,70.4,200,11/16/24 0:00
20,Kentucky,SEC,20.03,115.9,16,95.9,34,73.6,23,11/16/24 0:00
45,Northwestern,B10,15.81,111.5,54,95.7,32,69.1,284,11/16/24 0:00
46,Oklahoma,SEC,15.52,110.3,68,94.8,21,69.9,232,11/16/24 0:00
38,Memphis,Amer,16.58,113.2,38,96.6,49,73.4,28,11/16/24 0:00
44,Iowa,B10,15.82,116.9,14,101.1,100,72.9,46,11/16/24 0:00
39,Saint Mary's,WCC,16.55,115.6,19,99,74,67.1,354,11/16/24 0:00
43,Penn St.,B10,16.1,112.3,46,96.2,39,74.1,16,11/16/24 0:00
37,LSU,SEC,16.77,113.1,40,96.3,42,71.7,117,11/16/24 0:00
41,Indiana,B10,16.37,111.8,51,95.4,29,71.6,126,11/16/24 0:00
47,Miami FL,ACC,15.23,114.7,28,99.4,78,71,162,11/16/24 0:00
65,Kansas St.,B12,12.21,108.6,92,96.4,44,69.6,262,11/16/24 0:00
40,Wisconsin,B10,16.47,114,34,97.6,63,68,329,11/16/24 0:00
56,Villanova,BE,12.85,113.4,37,100.6,92,68.4,312,11/16/24 0:00
53,TCU,B12,13.13,110.6,62,97.5,61,71,157,11/16/24 0:00
70,Louisville,ACC,11.4,109.3,84,97.9,66,72.6,62,11/16/24 0:00
75,Minnesota,B10,10.59,107.8,107,97.2,55,67.3,351,11/16/24 0:00
49,Xavier,BE,14.94,114.8,24,99.9,84,71.7,116,11/16/24 0:00
51,San Diego St.,MWC,14.07,108,102,93.9,16,68.9,295,11/16/24 0:00
55,Missouri,SEC,12.98,112.8,43,99.8,81,69.5,265,11/16/24 0:00
68,USC,B10,12,112.2,47,100.2,88,72.3,77,11/16/24 0:00
71,Nebraska,B10,11.28,106.8,125,95.5,30,71.9,95,11/16/24 0:00
52,New Mexico,MWC,13.53,109.8,78,96.3,40,77.2,1,11/16/24 0:00
59,N.C. State,ACC,12.54,112.8,42,100.3,89,71.5,129,11/16/24 0:00
64,Rutgers,B10,12.31,107.8,106,95.5,31,70.5,193,11/16/24 0:00
48,Utah St.,MWC,15.19,114.4,30,99.2,75,71.8,101,11/16/24 0:00
60,SMU,ACC,12.54,112.7,44,100.1,87,72.8,51,11/16/24 0:00
63,Mississippi,SEC,12.35,111.1,58,98.8,71,69.8,236,11/16/24 0:00
73,Wake Forest,ACC,10.68,108.6,93,97.9,65,71.9,98,11/16/24 0:00
58,UCF,B12,12.76,110.2,70,97.5,60,71.2,146,11/16/24 0:00
79,Grand Canyon,WAC,9.5,110.8,59,101.3,101,72,90,11/16/24 0:00
50,Nevada,MWC,14.81,112.4,45,97.6,62,68.3,318,11/16/24 0:00
54,Utah,B12,13.13,111.2,57,98.1,69,71.9,97,11/16/24 0:00
77,Notre Dame,ACC,9.83,109.3,86,99.5,79,69.2,278,11/16/24 0:00
88,Georgia Tech,ACC,8.22,110,73,101.8,113,72.7,58,11/16/24 0:00
78,Providence,BE,9.57,105.6,144,96.1,36,68.2,321,11/16/24 0:00
67,North Texas,Amer,12.01,108.5,95,96.5,47,64.9,362,11/16/24 0:00
76,West Virginia,B12,10.28,109.3,87,99,73,70.6,184,11/16/24 0:00
84,Colorado St.,MWC,8.96,107,120,98.1,68,70.4,201,11/16/24 0:00
82,Washington,B10,9.38,105.5,145,96.1,37,72.3,76,11/16/24 0:00
69,Stanford,ACC,11.48,113,41,101.5,104,67.6,344,11/16/24 0:00
62,South Carolina,SEC,12.39,108.8,90,96.4,45,68.4,313,11/16/24 0:00
57,Arizona St.,B12,12.79,109.3,85,96.5,46,71.2,142,11/16/24 0:00
72,Georgia,SEC,11.08,112.1,48,101,99,70.6,182,11/16/24 0:00
61,UC Irvine,BW,12.48,107.4,115,94.9,22,71.1,155,11/16/24 0:00
86,Vanderbilt,SEC,8.86,110.8,61,101.9,116,72.4,72,11/16/24 0:00
80,Florida St.,ACC,9.49,106.1,136,96.6,48,73.4,29,11/16/24 0:00
108,Santa Clara,WCC,5.46,109.4,82,103.9,157,71.3,140,11/16/24 0:00
85,Florida Atlantic,Amer,8.89,111.6,53,102.7,127,74,18,11/16/24 0:00
87,Princeton,Ivy,8.64,111.4,55,102.8,130,70,223,11/16/24 0:00
74,Colorado,B12,10.61,107.8,104,97.2,57,69.6,257,11/16/24 0:00
101,Syracuse,ACC,6.83,110.2,72,103.4,146,73.2,34,11/16/24 0:00
94,Virginia,ACC,7.39,105.3,150,97.9,64,65,361,11/16/24 0:00
89,Loyola Chicago,A10,8.18,107.4,114,99.2,76,71.6,121,11/16/24 0:00
97,UNLV,MWC,7.21,110.4,67,103.2,141,70,230,11/16/24 0:00
90,Oklahoma St.,B12,7.92,106.7,126,98.8,72,74.1,13,11/16/24 0:00
91,Georgetown,BE,7.84,110.6,64,102.8,128,70.3,206,11/16/24 0:00
99,UAB,Amer,6.93,111.3,56,104.4,167,71.6,122,11/16/24 0:00
93,Virginia Tech,ACC,7.67,107.7,108,100,85,69,286,11/16/24 0:00
83,Wichita St.,Amer,9.08,110.5,65,101.5,103,72.4,70,11/16/24 0:00
66,San Francisco,WCC,12.1,111.9,50,99.8,82,71.2,145,11/16/24 0:00
112,Seton Hall,BE,5.12,100.3,257,95.2,27,66.8,357,11/16/24 0:00
95,Liberty,CUSA,7.37,107.8,105,100.4,90,67.4,348,11/16/24 0:00
96,George Mason,A10,7.23,106.6,129,99.4,77,69.3,274,11/16/24 0:00
122,Vermont,AE,4.01,103.8,175,99.8,83,66.4,358,11/16/24 0:00
98,Bradley,MVC,7.12,108.7,91,101.6,107,69.9,233,11/16/24 0:00
103,High Point,BSth,6.17,111.6,52,105.5,195,69.7,248,11/16/24 0:00
92,Washington St.,WCC,7.76,110.6,63,102.8,133,72.8,52,11/16/24 0:00
105,Oregon St.,WCC,6.12,105.8,139,99.7,80,68.1,325,11/16/24 0:00
100,Butler,BE,6.85,108.4,98,101.5,105,70.2,214,11/16/24 0:00
131,Northern Iowa,MVC,2.86,106.7,128,103.8,154,68.8,301,11/16/24 0:00
107,Rhode Island,A10,5.97,109.2,88,103.3,143,72.4,73,11/16/24 0:00
81,Louisiana Tech,CUSA,9.42,109.9,75,100.5,91,68.2,322,11/16/24 0:00
119,Massachusetts,A10,4.28,105.9,138,101.6,106,73.1,41,11/16/24 0:00
106,Arkansas St.,SB,5.99,108,101,102,117,71.9,96,11/16/24 0:00
111,Charleston,CAA,5.22,107.6,109,102.4,121,73.1,39,11/16/24 0:00
102,Saint Joseph's,A10,6.28,107,122,100.7,95,72.6,63,11/16/24 0:00
118,Saint Louis,A10,4.45,109.7,80,105.3,191,72.7,55,11/16/24 0:00
104,Yale,Ivy,6.16,108.9,89,102.8,132,71,159,11/16/24 0:00
144,Wofford,SC,1.61,109.7,79,108.1,265,67.2,353,11/16/24 0:00
120,Temple,Amer,4.17,107.9,103,103.7,151,70.3,207,11/16/24 0:00
113,St. Bonaventure,A10,5.09,107.5,112,102.4,122,69,289,11/16/24 0:00
109,McNeese,Slnd,5.4,107.1,117,101.7,110,69.4,269,11/16/24 0:00
141,Towson,CAA,1.9,105,153,103.1,138,68.1,326,11/16/24 0:00
110,UC San Diego,BW,5.23,107.6,111,102.3,119,69,290,11/16/24 0:00
114,Troy,SB,4.61,101.8,208,97.2,56,71.8,99,11/16/24 0:00
121,Murray St.,MVC,4.04,107.2,116,103.1,139,69.2,279,11/16/24 0:00
127,South Florida,Amer,3.55,105.8,140,102.2,118,72.3,79,11/16/24 0:00
126,Davidson,A10,3.56,107.5,113,104,159,70.2,210,11/16/24 0:00
125,UMass Lowell,AE,3.6,108,100,104.4,168,72.5,66,11/16/24 0:00
135,East Carolina,Amer,2.33,106.4,131,104,161,67.5,345,11/16/24 0:00
128,Lipscomb,ASun,3.43,108.5,94,105.1,186,70.8,171,11/16/24 0:00
117,Sam Houston St.,CUSA,4.51,108.2,99,103.7,150,72,89,11/16/24 0:00
132,Kent St.,MAC,2.7,105.5,146,102.8,129,68.3,319,11/16/24 0:00
136,Akron,MAC,2.2,104,174,101.8,112,70.7,176,11/16/24 0:00
134,Charlotte,Amer,2.63,108.4,97,105.8,203,66.4,359,11/16/24 0:00
115,Drake,MVC,4.6,105.3,151,100.7,94,68.9,296,11/16/24 0:00
140,California,ACC,1.9,104.9,156,103,136,72.8,50,11/16/24 0:00
123,Purdue Fort Wayne,Horz,3.74,106.3,133,102.5,124,72.4,69,11/16/24 0:00
162,Ohio,MAC,0.02,109.8,76,109.8,309,70.5,192,11/16/24 0:00
194,Richmond,A10,-2.75,101,240,103.7,152,69.8,238,11/16/24 0:00
145,George Washington,A10,1.52,106.8,123,105.3,193,71.8,104,11/16/24 0:00
130,Western Kentucky,CUSA,2.99,103.7,178,100.7,96,75,8,11/16/24 0:00
139,UC Riverside,BW,1.98,107,121,105,178,70.7,175,11/16/24 0:00
168,Seattle,WAC,-0.34,103,192,103.4,145,70.4,196,11/16/24 0:00
133,Texas St.,SB,2.7,103.3,184,100.6,93,69,287,11/16/24 0:00
143,Boston College,ACC,1.68,104.6,160,102.9,135,70,225,11/16/24 0:00
178,James Madison,SB,-1.61,104.1,171,105.7,201,69.4,271,11/16/24 0:00
116,UC Santa Barbara,BW,4.54,107.6,110,103.1,137,71.4,135,11/16/24 0:00
147,Tulsa,Amer,1.15,107.1,118,105.9,208,72,91,11/16/24 0:00
154,Samford,SC,0.58,106.8,124,106.2,216,75.3,6,11/16/24 0:00
124,La Salle,A10,3.61,105.2,152,101.6,108,70.1,220,11/16/24 0:00
169,Cal Baptist,WAC,-0.4,106.2,134,106.7,228,67.8,339,11/16/24 0:00
148,Loyola Marymount,WCC,1.05,105.7,142,104.6,171,68.7,302,11/16/24 0:00
155,Duquesne,A10,0.56,102,205,101.4,102,71.5,128,11/16/24 0:00
142,Utah Valley,WAC,1.89,102.8,194,101,97,71.4,137,11/16/24 0:00
157,UNC Wilmington,CAA,0.45,106,137,105.5,198,70.5,194,11/16/24 0:00
176,Stephen F. Austin,Slnd,-1.48,100.9,242,102.4,120,70.1,216,11/16/24 0:00
170,Chattanooga,SC,-0.44,106.1,135,106.5,223,69.1,281,11/16/24 0:00
150,Hofstra,CAA,0.84,103.3,183,102.5,123,68.9,297,11/16/24 0:00
186,Appalachian St.,SB,-1.99,101.2,232,103.2,140,70.6,187,11/16/24 0:00
149,Furman,SC,0.94,105,155,104.1,163,71.6,124,11/16/24 0:00
160,Columbia,Ivy,0.25,109.4,83,109.1,292,70.8,167,11/16/24 0:00
158,Southern Illinois,MVC,0.44,105,154,104.6,169,72.6,59,11/16/24 0:00
156,New Mexico St.,CUSA,0.48,103.2,191,102.7,126,69.7,242,11/16/24 0:00
164,UC Davis,BW,-0.17,101.5,223,101.6,109,73.1,40,11/16/24 0:00
181,Marshall,SB,-1.78,103.2,188,105,179,72,88,11/16/24 0:00
172,UT Arlington,WAC,-0.72,108.4,96,109.2,294,73.3,33,11/16/24 0:00
180,Cornell,Ivy,-1.69,106.7,127,108.4,270,73.9,21,11/16/24 0:00
196,Miami OH,MAC,-3,103.6,180,106.6,226,69.6,254,11/16/24 0:00
216,Abilene Christian,WAC,-4.46,100.6,251,105,183,71.7,108,11/16/24 0:00
151,Winthrop,BSth,0.76,102.6,199,101.8,114,70.8,172,11/16/24 0:00
163,North Alabama,ASun,-0.06,106.3,132,106.4,219,70.2,212,11/16/24 0:00
182,Louisiana,SB,-1.8,101.9,207,103.7,149,71.8,100,11/16/24 0:00
137,DePaul,BE,2.13,105.4,147,103.3,144,70.6,179,11/16/24 0:00
173,UNC Greensboro,SC,-0.78,104,173,104.8,175,68.6,305,11/16/24 0:00
211,UTEP,CUSA,-4.16,99.6,268,103.8,153,72.8,53,11/16/24 0:00
153,Northern Colorado,BSky,0.62,105.7,143,105,182,71.7,115,11/16/24 0:00
190,South Dakota St.,Sum,-2.28,104.3,168,106.6,227,71.2,147,11/16/24 0:00
187,Northern Kentucky,Horz,-2.01,98.1,299,100.1,86,69.2,277,11/16/24 0:00
138,North Florida,ASun,2.09,109.6,81,107.5,247,72.1,84,11/16/24 0:00
166,Belmont,MVC,-0.24,105.7,141,106,209,71.6,123,11/16/24 0:00
152,Bryant,AE,0.66,102.4,202,101.7,111,75.4,4,11/16/24 0:00
174,St. Thomas,Sum,-1.02,106.6,130,107.6,253,69.3,275,11/16/24 0:00
146,Toledo,MAC,1.18,109.9,74,108.7,278,72.3,78,11/16/24 0:00
179,East Tennessee St.,SC,-1.61,104.7,158,106.3,217,69.4,267,11/16/24 0:00
159,Tulane,Amer,0.43,104.6,159,104.2,165,72.7,54,11/16/24 0:00
161,Fordham,A10,0.21,101.2,230,101,98,71.4,134,11/16/24 0:00
177,Georgia Southern,SB,-1.58,103.3,186,104.8,176,73.1,43,11/16/24 0:00
171,Illinois Chicago,MVC,-0.69,104.8,157,105.5,196,71.3,139,11/16/24 0:00
129,Middle Tennessee,CUSA,3.35,101.9,206,98.5,70,70.3,209,11/16/24 0:00
192,Jacksonville,ASun,-2.37,100.5,253,102.9,134,68.5,308,11/16/24 0:00
202,Montana St.,BSky,-3.56,103.7,179,107.2,238,70.2,215,11/16/24 0:00
183,Youngstown St.,Horz,-1.82,101.7,213,103.5,148,71.2,148,11/16/24 0:00
214,Milwaukee,Horz,-4.36,102.8,193,107.2,237,73.2,35,11/16/24 0:00
165,Northeastern,CAA,-0.22,104.5,161,104.8,174,69.7,252,11/16/24 0:00
167,Longwood,BSth,-0.25,101.6,218,101.9,115,71.5,131,11/16/24 0:00
184,Nicholls,Slnd,-1.87,101.6,217,103.5,147,70.4,203,11/16/24 0:00
200,Southern Utah,WAC,-3.24,101.8,212,105,177,73.1,42,11/16/24 0:00
209,Montana,BSky,-4.07,104,172,108.1,264,68.8,300,11/16/24 0:00
175,Hawaii,BW,-1.46,103.8,177,105.2,189,68.5,309,11/16/24 0:00
234,Indiana St.,MVC,-5.51,102.2,203,107.8,257,73.3,31,11/16/24 0:00
197,Missouri St.,MVC,-3.17,99.6,269,102.8,131,69.3,273,11/16/24 0:00
226,Iona,MAAC,-5.03,102.6,198,107.7,254,70.6,178,11/16/24 0:00
204,Kansas City,Sum,-3.73,102.8,196,106.5,225,69.4,272,11/16/24 0:00
195,Oakland,Horz,-2.98,101,238,104,160,69.1,283,11/16/24 0:00
210,Georgia St.,SB,-4.12,101.8,211,105.9,207,71.4,133,11/16/24 0:00
188,Illinois St.,MVC,-2.07,103.2,189,105.3,192,68.2,323,11/16/24 0:00
225,Bucknell,PL,-4.99,101.1,236,106.1,212,70.1,222,11/16/24 0:00
208,Southern Miss,SB,-3.94,101.2,231,105.1,185,72.5,64,11/16/24 0:00
235,Pepperdine,WCC,-5.56,102.4,201,108,261,70.7,173,11/16/24 0:00
193,Cleveland St.,Horz,-2.48,102.6,200,105,181,70.6,185,11/16/24 0:00
252,Mercer,SC,-7.1,100.9,244,108,262,74.1,15,11/16/24 0:00
203,Saint Peter's,MAAC,-3.64,99,284,102.6,125,67.3,352,11/16/24 0:00
265,Harvard,Ivy,-8.04,98.9,285,106.9,233,70.6,180,11/16/24 0:00
242,Weber St.,BSky,-5.95,101.3,228,107.3,239,68.3,316,11/16/24 0:00
231,Evansville,MVC,-5.32,101.1,237,106.4,220,71.7,107,11/16/24 0:00
212,UNC Asheville,BSth,-4.28,104.2,169,108.5,273,71.3,138,11/16/24 0:00
220,Wyoming,MWC,-4.65,101.1,233,105.8,205,68.9,293,11/16/24 0:00
199,Portland St.,BSky,-3.23,101.5,224,104.7,173,75.8,2,11/16/24 0:00
222,Grambling St.,SWAC,-4.9,99,281,103.9,158,69.8,235,11/16/24 0:00
201,Texas A&M Corpus Chris,Slnd,-3.54,103.8,176,107.3,242,73.6,22,11/16/24 0:00
228,Colgate,PL,-5.09,100.7,248,105.8,206,69.6,260,11/16/24 0:00
219,CSUN,BW,-4.58,99.3,273,103.9,155,75.3,5,11/16/24 0:00
236,Florida Gulf Coast,ASun,-5.6,100.2,259,105.8,204,67.8,340,11/16/24 0:00
191,Drexel,CAA,-2.29,101.7,216,103.9,156,67.4,349,11/16/24 0:00
215,Kennesaw St.,CUSA,-4.38,104.4,165,108.8,280,75.6,3,11/16/24 0:00
189,Wright St.,Horz,-2.19,105.4,149,107.5,250,71.7,110,11/16/24 0:00
221,Howard,MEAC,-4.86,103.3,185,108.1,266,69.6,255,11/16/24 0:00
223,Central Connecticut,NEC,-4.92,99.2,274,104.1,164,68.3,315,11/16/24 0:00
205,South Alabama,SB,-3.74,101.3,229,105,180,68.6,307,11/16/24 0:00
224,UTSA,Amer,-4.93,102.8,195,107.8,258,73.6,24,11/16/24 0:00
207,Austin Peay,ASun,-3.87,101.7,215,105.6,199,67.9,336,11/16/24 0:00
185,Merrimack,MAAC,-1.88,96.1,327,98,67,69.7,245,11/16/24 0:00
206,Rice,Amer,-3.83,100.5,252,104.4,166,70.1,219,11/16/24 0:00
213,Norfolk St.,MEAC,-4.31,103.2,190,107.5,248,69.9,234,11/16/24 0:00
227,Jacksonville St.,CUSA,-5.09,100.4,254,105.5,197,69.7,240,11/16/24 0:00
287,Tarleton St.,WAC,-9.41,97.7,305,107.2,236,70.7,177,11/16/24 0:00
261,Navy,PL,-7.77,101.4,227,109.1,293,69.7,247,11/16/24 0:00
230,Quinnipiac,MAAC,-5.28,100.9,245,106.1,214,73.5,26,11/16/24 0:00
245,Penn,Ivy,-6.3,104.5,162,110.8,329,67.9,337,11/16/24 0:00
229,Gardner Webb,BSth,-5.24,101.5,221,106.7,229,71.7,109,11/16/24 0:00
260,Little Rock,OVC,-7.77,100.7,250,108.4,272,71.8,103,11/16/24 0:00
255,Lafayette,PL,-7.48,98.1,298,105.6,200,68.3,320,11/16/24 0:00
264,Long Beach St.,BW,-7.93,101.6,219,109.5,303,70.4,197,11/16/24 0:00
218,Ball St.,MAC,-4.5,102,204,106.5,222,70.1,221,11/16/24 0:00
268,Pacific,WCC,-8.24,98.3,294,106.5,224,71.2,151,11/16/24 0:00
251,Brown,Ivy,-7.05,100.9,243,107.9,260,69.6,253,11/16/24 0:00
243,American,PL,-6.11,102.7,197,108.8,284,64.6,363,11/16/24 0:00
246,South Dakota,Sum,-6.54,104.4,166,110.9,332,74.1,17,11/16/24 0:00
241,Eastern Kentucky,ASun,-5.75,104.4,164,110.2,320,70.5,188,11/16/24 0:00
217,North Dakota St.,Sum,-4.5,107,119,111.5,339,68.2,324,11/16/24 0:00
257,Northern Arizona,BSky,-7.58,101.5,220,109.1,291,68.7,304,11/16/24 0:00
198,Central Michigan,MAC,-3.18,100.1,261,103.3,142,70,229,11/16/24 0:00
273,Valparaiso,MVC,-8.44,101,239,109.4,300,70.4,198,11/16/24 0:00
239,Radford,BSth,-5.7,104.4,163,110.1,318,68.4,311,11/16/24 0:00
233,William & Mary,CAA,-5.39,103.5,181,108.9,285,72.4,71,11/16/24 0:00
232,Albany,AE,-5.37,101.4,226,106.7,230,72.7,57,11/16/24 0:00
238,Eastern Washington,BSky,-5.62,105.4,148,111,334,72.2,80,11/16/24 0:00
279,Texas Southern,SWAC,-8.69,95.9,334,104.6,170,71.8,102,11/16/24 0:00
302,Air Force,MWC,-10.34,100.7,249,111,336,64,364,11/16/24 0:00
282,San Jose St.,MWC,-8.72,99.5,270,108.2,268,67.8,341,11/16/24 0:00
256,Oral Roberts,Sum,-7.54,103.3,187,110.8,328,69.7,246,11/16/24 0:00
249,Maine,AE,-6.71,98.4,290,105.1,184,69.8,237,11/16/24 0:00
240,Marist,MAAC,-5.74,101.1,234,106.9,232,68,333,11/16/24 0:00
237,Rider,MAAC,-5.62,101.7,214,107.3,243,69.4,268,11/16/24 0:00
281,Southern,SWAC,-8.72,96.4,323,105.1,188,71,160,11/16/24 0:00
247,Fresno St.,MWC,-6.56,98.6,287,105.1,187,75.2,7,11/16/24 0:00
272,San Diego,WCC,-8.42,96.8,318,105.3,190,72.8,48,11/16/24 0:00
295,Monmouth,CAA,-9.91,100,262,109.9,313,71.7,106,11/16/24 0:00
259,Idaho St.,BSky,-7.67,98,301,105.7,202,67,355,11/16/24 0:00
248,Presbyterian,BSth,-6.65,104.3,167,111,333,68,328,11/16/24 0:00
244,North Dakota,Sum,-6.29,101.8,210,108.1,263,70.9,166,11/16/24 0:00
303,Old Dominion,SB,-10.37,99.8,267,110.2,319,71.4,136,11/16/24 0:00
290,Cal St. Fullerton,BW,-9.59,97.2,313,106.8,231,69.5,263,11/16/24 0:00
301,Portland,WCC,-10.3,99.9,263,110.2,321,71.6,125,11/16/24 0:00
267,Bowling Green,MAC,-8.14,101.8,209,110,314,72.5,67,11/16/24 0:00
300,Stony Brook,CAA,-10.28,100.4,255,110.6,327,69.7,241,11/16/24 0:00
299,Queens,ASun,-10.22,96.9,316,107.1,235,74.6,10,11/16/24 0:00
270,Elon,CAA,-8.29,100.3,256,108.6,274,70.5,189,11/16/24 0:00
254,Alabama St.,SWAC,-7.45,99.5,271,107,234,70.6,181,11/16/24 0:00
250,Delaware,CAA,-6.98,99,282,106,210,72.4,68,11/16/24 0:00
266,FIU,CUSA,-8.05,98,302,106.1,211,74.3,11,11/16/24 0:00
283,Lamar,Slnd,-8.76,101.1,235,109.9,311,71.6,119,11/16/24 0:00
274,Wagner,NEC,-8.55,95.5,340,104,162,66,360,11/16/24 0:00
258,Lehigh,PL,-7.65,101.4,225,109.1,289,70.4,202,11/16/24 0:00
263,North Carolina A&T,CAA,-7.92,99.9,264,107.8,259,73,44,11/16/24 0:00
275,Army,PL,-8.58,99.8,266,108.4,269,67.5,347,11/16/24 0:00
297,Tennessee St.,OVC,-10.15,99.2,275,109.3,298,71.1,152,11/16/24 0:00
293,Idaho,BSky,-9.79,99.4,272,109.2,295,69.5,266,11/16/24 0:00
253,Mount St. Mary's,MAAC,-7.37,99,283,106.4,218,70.8,169,11/16/24 0:00
291,North Carolina Central,MEAC,-9.66,100.3,258,110,315,68.7,303,11/16/24 0:00
277,Charleston Southern,BSth,-8.61,100.9,241,109.5,304,71.3,141,11/16/24 0:00
284,South Carolina St.,MEAC,-9.09,98.4,288,107.5,249,72.6,61,11/16/24 0:00
305,Utah Tech,WAC,-10.5,98.8,286,109.3,297,72.1,85,11/16/24 0:00
285,UT Rio Grande Valley,Slnd,-9.32,100.8,247,110.1,317,73.2,38,11/16/24 0:00
317,Western Illinois,OVC,-12.31,97.1,314,109.4,301,67.5,346,11/16/24 0:00
292,Boston University,PL,-9.75,99.2,276,108.9,287,67.9,338,11/16/24 0:00
289,Western Carolina,SC,-9.54,96.6,322,106.1,213,71.7,113,11/16/24 0:00
269,Southeastern Louisiana,Slnd,-8.27,99.1,280,107.4,245,70.3,208,11/16/24 0:00
306,Morehead St.,OVC,-10.59,95.9,335,106.5,221,69.6,259,11/16/24 0:00
276,Fairfield,MAAC,-8.6,96.1,328,104.7,172,70.2,213,11/16/24 0:00
278,Cal St. Bakersfield,BW,-8.66,100.8,246,109.5,302,68.1,327,11/16/24 0:00
262,Coastal Carolina,SB,-7.84,98.3,293,106.1,215,68,330,11/16/24 0:00
310,Campbell,CAA,-11.41,97.7,307,109.1,290,68,332,11/16/24 0:00
323,Bellarmine,ASun,-13.19,99.8,265,113,352,67.6,343,11/16/24 0:00
271,UMBC,AE,-8.4,103.4,182,111.8,342,74.2,12,11/16/24 0:00
294,Robert Morris,Horz,-9.8,97.5,311,107.3,240,70.6,183,11/16/24 0:00
298,Sacramento St.,BSky,-10.19,95.2,343,105.3,194,67.6,342,11/16/24 0:00
286,Siena,MAAC,-9.33,98.2,295,107.6,252,68.3,317,11/16/24 0:00
331,Stetson,ASun,-14.07,98,300,112.1,346,69.4,270,11/16/24 0:00
296,Bethune Cookman,SWAC,-9.99,97.7,306,107.7,255,71.9,94,11/16/24 0:00
280,Nebraska Omaha,Sum,-8.7,100.1,260,108.8,281,71.2,150,11/16/24 0:00
324,Canisius,MAAC,-13.48,99.1,279,112.6,348,68.9,294,11/16/24 0:00
313,Western Michigan,MAC,-11.73,98.3,292,110.1,316,70,227,11/16/24 0:00
315,Incarnate Word,Slnd,-12.2,101.5,222,113.7,357,71.2,143,11/16/24 0:00
311,Eastern Michigan,MAC,-11.45,95.9,333,107.4,244,69.1,280,11/16/24 0:00
329,Dartmouth,Ivy,-13.87,96,332,109.8,310,70.1,218,11/16/24 0:00
288,Green Bay,Horz,-9.52,104.2,170,113.7,358,70.4,195,11/16/24 0:00
309,Northwestern St.,Slnd,-11.3,98.3,291,109.6,305,70.2,211,11/16/24 0:00
316,Southern Indiana,OVC,-12.2,96.6,320,108.8,283,69.6,261,11/16/24 0:00
320,Manhattan,MAAC,-12.71,96,331,108.7,275,71.1,154,11/16/24 0:00
327,Louisiana Monroe,SB,-13.66,94.5,351,108.2,267,70,228,11/16/24 0:00
304,SIUE,OVC,-10.48,98.4,289,108.9,286,69.7,243,11/16/24 0:00
325,Tennessee Martin,OVC,-13.48,95.5,341,108.9,288,73.6,25,11/16/24 0:00
308,Denver,Sum,-11.24,99.2,277,110.4,325,71.7,114,11/16/24 0:00
321,Tennessee Tech,OVC,-12.81,96.6,321,109.4,299,70.6,186,11/16/24 0:00
326,Binghamton,AE,-13.52,98.2,296,111.7,341,69.6,258,11/16/24 0:00
307,Northern Illinois,MAC,-10.85,97.9,303,108.7,277,71.1,153,11/16/24 0:00
349,Chicago St.,NEC,-16.05,94.3,352,110.3,324,71.5,132,11/16/24 0:00
318,Hampton,CAA,-12.36,96.4,325,108.7,279,69.9,231,11/16/24 0:00
332,Niagara,MAAC,-14.33,97.2,312,111.5,340,69.5,264,11/16/24 0:00
334,Morgan St.,MEAC,-14.53,97.6,310,112.1,345,72.7,56,11/16/24 0:00
328,Jackson St.,SWAC,-13.69,95.1,344,108.8,282,71.5,127,11/16/24 0:00
342,New Hampshire,AE,-15.36,94.6,349,109.9,312,72.2,82,11/16/24 0:00
314,Cal Poly,BW,-11.92,95.6,339,107.5,251,72.8,49,11/16/24 0:00
335,Sacred Heart,MAAC,-14.63,96.4,324,111,335,73.5,27,11/16/24 0:00
333,West Georgia,ASun,-14.47,97,315,111.5,338,71.7,112,11/16/24 0:00
343,Delaware St.,MEAC,-15.48,92.3,359,107.7,256,72.2,81,11/16/24 0:00
337,Buffalo,MAC,-14.79,97.7,308,112.5,347,73.2,37,11/16/24 0:00
344,Eastern Illinois,OVC,-15.49,94.7,347,110.2,322,71.7,111,11/16/24 0:00
346,Le Moyne,NEC,-15.52,97.6,309,113.1,355,70.9,164,11/16/24 0:00
322,Southeast Missouri,OVC,-13.17,96.6,319,109.8,308,72.1,87,11/16/24 0:00
312,The Citadel,SC,-11.6,95.8,337,107.4,246,69,288,11/16/24 0:00
339,Central Arkansas,ASun,-15.18,95.7,338,110.9,331,72.4,74,11/16/24 0:00
340,Holy Cross,PL,-15.19,98.1,297,113.3,356,70,226,11/16/24 0:00
345,Alabama A&M,SWAC,-15.5,92.9,357,108.4,271,72.6,60,11/16/24 0:00
338,Detroit Mercy,Horz,-15.04,97.8,304,112.8,351,68.9,298,11/16/24 0:00
319,Loyola MD,PL,-12.4,94.9,346,107.3,241,70.7,174,11/16/24 0:00
357,NJIT,AE,-19.19,91.6,361,110.8,330,67.4,350,11/16/24 0:00
348,New Orleans,Slnd,-15.88,96.9,317,112.7,350,71.9,93,11/16/24 0:00
355,Alcorn St.,SWAC,-18.64,96.2,326,114.8,361,68,331,11/16/24 0:00
353,Lindenwood,OVC,-17.96,94.7,348,112.7,349,71,156,11/16/24 0:00
330,USC Upstate,BSth,-13.96,99.1,278,113.1,354,71.5,130,11/16/24 0:00
347,Saint Francis,NEC,-15.74,93.9,353,109.7,306,71.6,120,11/16/24 0:00
341,Mercyhurst,NEC,-15.2,95.1,345,110.3,323,67.9,334,11/16/24 0:00
350,Prairie View A&M,SWAC,-16.69,95.2,342,111.9,344,73.2,36,11/16/24 0:00
351,Fairleigh Dickinson,NEC,-17.73,96.1,329,113.8,359,74,20,11/16/24 0:00
336,LIU,NEC,-14.67,94.6,350,109.2,296,71.9,92,11/16/24 0:00
356,Florida A&M,SWAC,-19.15,91.9,360,111,337,71.6,118,11/16/24 0:00
354,Texas A&M Commerce,Slnd,-18.06,92.5,358,110.6,326,71.8,105,11/16/24 0:00
359,Houston Christian,Slnd,-19.52,93.5,356,113,353,70.5,191,11/16/24 0:00
358,Arkansas Pine Bluff,SWAC,-19.45,95.9,336,115.3,362,72.9,47,11/16/24 0:00
361,Stonehill,NEC,-20.62,89.1,362,109.7,307,70.5,190,11/16/24 0:00
360,IU Indy,Horz,-19.88,96,330,115.9,364,70.4,204,11/16/24 0:00
352,VMI,SC,-17.96,93.8,355,111.8,343,74.1,14,11/16/24 0:00
362,Maryland Eastern Shore,MEAC,-21.55,93.9,354,115.5,363,69.7,244,11/16/24 0:00
363,Coppin St.,MEAC,-23.42,85.3,364,108.7,276,69.7,250,11/16/24 0:00
364,Mississippi Valley St.,SWAC,-27.27,86.5,363,113.8,360,69.6,256,11/16/24 0:00
2,Houston,B12,30.17,119.7,4,89.5,1,66.9,352,11/17/24 0:00
1,Auburn,SEC,30.27,121.5,2,91.2,5,70.4,192,11/17/24 0:00
3,Gonzaga,WCC,28.89,124.4,1,95.5,33,73.1,47,11/17/24 0:00
4,Duke,ACC,27.98,118,11,90,2,71,153,11/17/24 0:00
5,Connecticut,BE,26.6,118.8,7,92.2,8,68.6,305,11/17/24 0:00
10,Alabama,SEC,22.95,119.6,5,96.7,47,74.1,19,11/17/24 0:00
7,Kansas,B12,24.85,118.2,9,93.3,11,72.3,78,11/17/24 0:00
8,Iowa St.,B12,24.65,115.2,25,90.5,4,70.2,208,11/17/24 0:00
15,Arizona,B12,22.15,117.6,12,95.5,31,75.7,3,11/17/24 0:00
12,Purdue,B10,22.73,120.7,3,97.9,64,68.6,302,11/17/24 0:00
9,Texas Tech,B12,23.74,117.2,13,93.4,13,68.6,304,11/17/24 0:00
11,Cincinnati,B12,22.9,116.6,15,93.7,14,69.2,267,11/17/24 0:00
21,Marquette,BE,20.43,115.4,22,95,22,72,94,11/17/24 0:00
6,Tennessee,SEC,25.26,115.5,21,90.3,3,69.5,253,11/17/24 0:00
20,St. John's,BE,20.78,114.5,33,93.7,15,72.5,70,11/17/24 0:00
17,Creighton,BE,21.07,117.1,14,96.1,36,71.4,131,11/17/24 0:00
13,North Carolina,ACC,22.44,118.6,8,96.1,38,74.6,15,11/17/24 0:00
14,Texas A&M,SEC,22.3,116.5,16,94.2,19,68.5,311,11/17/24 0:00
25,Illinois,B10,19.7,114.6,31,94.9,21,73.1,46,11/17/24 0:00
27,Mississippi St.,SEC,19.34,114.8,30,95.4,30,71,152,11/17/24 0:00
26,Ohio St.,B10,19.68,114.8,29,95.1,23,70.2,204,11/17/24 0:00
36,Oregon,B10,17.44,113.3,43,95.9,35,70.1,211,11/17/24 0:00
19,Florida,SEC,21.02,118,10,97,50,72.9,51,11/17/24 0:00
30,Michigan,B10,18.69,113.9,35,95.2,24,71.3,132,11/17/24 0:00
18,Pittsburgh,ACC,21.06,115.3,23,94.2,18,71,157,11/17/24 0:00
16,Baylor,B12,21.54,118.8,6,97.3,56,68.7,298,11/17/24 0:00
24,Texas,SEC,19.72,115,27,95.3,26,70.4,191,11/17/24 0:00
35,Clemson,ACC,17.5,114.5,32,97,51,69,282,11/17/24 0:00
31,Arkansas,SEC,18.29,110.4,65,92.1,7,71.2,137,11/17/24 0:00
43,Dayton,A10,16.42,111.9,52,95.5,32,69.2,270,11/17/24 0:00
37,Maryland,B10,17.39,110.8,60,93.4,12,69.2,269,11/17/24 0:00
44,Boise St.,MWC,16.29,113.8,36,97.5,59,69.2,265,11/17/24 0:00
28,BYU,B12,19.19,116.2,17,97.1,52,71.5,124,11/17/24 0:00
41,Michigan St.,B10,16.67,110.4,67,93.7,16,71,155,11/17/24 0:00
23,UCLA,B10,20.05,111.4,56,91.3,6,68.3,317,11/17/24 0:00
34,VCU,A10,17.95,110.5,63,92.6,9,70.7,176,11/17/24 0:00
22,Kentucky,SEC,20.29,116.1,19,95.8,34,73.9,24,11/17/24 0:00
51,Northwestern,B10,13.93,110.2,70,96.3,40,67.6,340,11/17/24 0:00
49,Oklahoma,SEC,15.09,110.4,66,95.3,27,70.5,188,11/17/24 0:00
38,Memphis,Amer,17.33,113.5,40,96.2,39,73.9,25,11/17/24 0:00
46,Iowa,B10,16.02,115.2,24,99.2,77,73.2,41,11/17/24 0:00
42,Saint Mary's,WCC,16.52,115.7,20,99.2,76,67.2,349,11/17/24 0:00
33,Penn St.,B10,18.07,113.3,41,95.3,25,74.7,12,11/17/24 0:00
40,LSU,SEC,16.72,113.2,44,96.4,43,71.7,117,11/17/24 0:00
32,Indiana,B10,18.23,113.6,38,95.4,28,72.4,76,11/17/24 0:00
47,Miami FL,ACC,15.24,114.8,28,99.5,80,71.1,147,11/17/24 0:00
64,Kansas St.,B12,11.94,108.6,94,96.6,46,69.7,234,11/17/24 0:00
29,Wisconsin,B10,18.98,116.2,18,97.3,55,69.8,228,11/17/24 0:00
73,Villanova,BE,10.71,112.3,49,101.6,108,68.7,295,11/17/24 0:00
61,TCU,B12,12.38,109.6,80,97.2,54,71.3,135,11/17/24 0:00
69,Louisville,ACC,11.41,109.4,85,98,65,72.6,63,11/17/24 0:00
75,Minnesota,B10,10.14,107.8,112,97.7,61,65.5,359,11/17/24 0:00
45,Xavier,BE,16.22,115.1,26,98.9,72,70.8,168,11/17/24 0:00
52,San Diego St.,MWC,13.7,107.7,113,94,17,69.1,278,11/17/24 0:00
58,Missouri,SEC,13.08,112.9,46,99.9,85,69.6,247,11/17/24 0:00
63,USC,B10,12.21,112.4,48,100.2,88,72.2,82,11/17/24 0:00
67,Nebraska,B10,11.81,107.2,121,95.4,29,72,92,11/17/24 0:00
53,New Mexico,MWC,13.59,110,74,96.4,41,77.3,1,11/17/24 0:00
62,N.C. State,ACC,12.36,112.8,47,100.4,89,71.5,126,11/17/24 0:00
66,Rutgers,B10,11.9,109.8,77,97.9,63,70.8,172,11/17/24 0:00
48,Utah St.,MWC,15.16,114.5,34,99.3,79,71.8,102,11/17/24 0:00
72,SMU,ACC,10.8,112.1,51,101.3,100,72.6,65,11/17/24 0:00
50,Mississippi,SEC,14,113.6,39,99.6,81,69.2,273,11/17/24 0:00
78,Wake Forest,ACC,9.45,107.6,115,98.2,66,70.9,161,11/17/24 0:00
57,UCF,B12,13.08,110.2,71,97.1,53,71.5,123,11/17/24 0:00
79,Grand Canyon,WAC,9.44,110.9,58,101.5,105,72.2,81,11/17/24 0:00
39,Nevada,MWC,16.76,113.6,37,96.9,49,67.8,334,11/17/24 0:00
56,Utah,B12,13.15,111.4,57,98.2,67,72.1,87,11/17/24 0:00
54,Notre Dame,ACC,13.57,112.1,50,98.5,70,68.7,300,11/17/24 0:00
100,Georgia Tech,ACC,6.81,108.3,100,101.5,106,73.3,35,11/17/24 0:00
81,Providence,BE,9.2,105.6,149,96.4,42,68.2,319,11/17/24 0:00
68,North Texas,Amer,11.7,108.2,106,96.5,44,65.4,360,11/17/24 0:00
85,West Virginia,B12,8.59,108.3,102,99.7,84,71.2,138,11/17/24 0:00
96,Colorado St.,MWC,7.27,107.9,109,100.6,90,69.5,252,11/17/24 0:00
77,Washington,B10,9.61,105.7,147,96.1,37,72.5,67,11/17/24 0:00
70,Stanford,ACC,11.39,113.1,45,101.7,111,67.7,336,11/17/24 0:00
71,South Carolina,SEC,11.12,109,89,97.9,62,68.9,285,11/17/24 0:00
60,Arizona St.,B12,12.91,109.5,84,96.6,45,71.1,149,11/17/24 0:00
65,Georgia,SEC,11.93,111.5,55,99.6,82,71.1,145,11/17/24 0:00
59,UC Irvine,BW,12.96,107.6,116,94.7,20,71,156,11/17/24 0:00
88,Vanderbilt,SEC,8.25,111.9,53,103.6,142,72.4,74,11/17/24 0:00
86,Florida St.,ACC,8.31,105.8,144,97.5,58,73.5,31,11/17/24 0:00
123,Santa Clara,WCC,3.66,108.8,91,105.2,185,71,159,11/17/24 0:00
80,Florida Atlantic,Amer,9.33,113.3,42,104,156,73.1,48,11/17/24 0:00
91,Princeton,Ivy,7.63,110.4,68,102.7,123,70.3,200,11/17/24 0:00
74,Colorado,B12,10.56,107.9,108,97.4,57,69.8,229,11/17/24 0:00
106,Syracuse,ACC,6.38,110.7,61,104.3,166,73.2,43,11/17/24 0:00
76,Virginia,ACC,9.64,106.4,135,96.8,48,64.9,362,11/17/24 0:00
84,Loyola Chicago,A10,9.05,107.4,118,98.3,68,71.6,120,11/17/24 0:00
94,UNLV,MWC,7.31,110.5,64,103.2,135,70,217,11/17/24 0:00
90,Oklahoma St.,B12,7.96,106.9,129,98.9,73,74.2,17,11/17/24 0:00
117,Georgetown,BE,4.24,109.6,79,105.3,195,69.7,235,11/17/24 0:00
102,UAB,Amer,6.63,110.1,72,103.5,139,71.3,133,11/17/24 0:00
108,Virginia Tech,ACC,5.77,106.6,133,100.9,94,68.5,310,11/17/24 0:00
83,Wichita St.,Amer,9.11,110.7,62,101.6,107,72.5,69,11/17/24 0:00
55,San Francisco,WCC,13.19,111.8,54,98.6,71,71.6,121,11/17/24 0:00
97,Seton Hall,BE,7.22,100.2,262,93,10,66.1,357,11/17/24 0:00
93,Liberty,CUSA,7.47,107.2,123,99.7,83,66.8,353,11/17/24 0:00
95,George Mason,A10,7.28,106.2,138,98.9,74,69,283,11/17/24 0:00
127,Vermont,AE,2.96,102.2,207,99.3,78,66.6,354,11/17/24 0:00
101,Bradley,MVC,6.76,108.7,92,101.9,116,69.6,241,11/17/24 0:00
105,High Point,BSth,6.46,110.3,69,103.9,154,69.1,276,11/17/24 0:00
92,Washington St.,WCC,7.57,108.9,90,101.3,103,73.2,44,11/17/24 0:00
99,Oregon St.,WCC,6.97,106.1,140,99.1,75,67.4,345,11/17/24 0:00
87,Butler,BE,8.25,109.3,87,101.1,95,69.7,232,11/17/24 0:00
128,Northern Iowa,MVC,2.91,106.8,131,103.9,151,68.8,289,11/17/24 0:00
107,Rhode Island,A10,6.23,109.3,88,103.1,134,72.7,59,11/17/24 0:00
82,Louisiana Tech,CUSA,9.2,109.9,75,100.7,91,68.4,312,11/17/24 0:00
131,Massachusetts,A10,2.47,104.8,161,102.3,119,72.4,75,11/17/24 0:00
104,Arkansas St.,SB,6.54,106.5,134,99.9,86,71.4,127,11/17/24 0:00
109,Charleston,CAA,5.7,110,73,104.3,163,73.2,39,11/17/24 0:00
98,Saint Joseph's,A10,7.19,108.5,98,101.3,99,72.1,90,11/17/24 0:00
118,Saint Louis,A10,4.15,109.4,86,105.2,186,72.8,56,11/17/24 0:00
103,Yale,Ivy,6.6,109.6,82,103,129,69.5,249,11/17/24 0:00
165,Wofford,SC,-0.54,108.2,105,108.7,280,66.9,351,11/17/24 0:00
119,Temple,Amer,3.99,107.8,111,103.8,150,70,215,11/17/24 0:00
110,St. Bonaventure,A10,5.42,107,125,101.6,109,68.6,306,11/17/24 0:00
111,McNeese,Slnd,5.29,107,126,101.7,112,69.6,245,11/17/24 0:00
145,Towson,CAA,1.56,104.4,167,102.8,126,67.9,333,11/17/24 0:00
134,UC San Diego,BW,2.32,107.6,117,105.3,191,68.6,307,11/17/24 0:00
116,Troy,SB,4.33,101.9,215,97.6,60,71.8,101,11/17/24 0:00
89,Murray St.,MVC,8.05,110.8,59,102.7,122,69,281,11/17/24 0:00
120,South Florida,Amer,3.94,105.4,155,101.4,104,71.5,122,11/17/24 0:00
122,Davidson,A10,3.67,108.5,95,104.9,175,69.4,255,11/17/24 0:00
135,UMass Lowell,AE,2.32,107.1,124,104.8,172,73.9,23,11/17/24 0:00
132,East Carolina,Amer,2.46,106,142,103.6,141,67,350,11/17/24 0:00
126,Lipscomb,ASun,2.97,108.2,104,105.3,189,71.1,148,11/17/24 0:00
113,Sam Houston St.,CUSA,4.69,108.3,101,103.6,144,72.2,84,11/17/24 0:00
129,Kent St.,MAC,2.69,105.6,151,102.9,128,68.3,314,11/17/24 0:00
136,Akron,MAC,2.26,104.4,171,102.1,118,70.8,167,11/17/24 0:00
133,Charlotte,Amer,2.38,108.4,99,106,210,66.6,355,11/17/24 0:00
124,Drake,MVC,3.26,104.6,166,101.3,101,68.6,301,11/17/24 0:00
138,California,ACC,2.09,105.1,158,103,132,72.9,52,11/17/24 0:00
114,Purdue Fort Wayne,Horz,4.67,108.5,97,103.8,148,72.1,88,11/17/24 0:00
168,Ohio,MAC,-0.7,109.5,83,110.2,311,70.8,166,11/17/24 0:00
203,Richmond,A10,-3.24,99.6,274,102.8,124,69.6,239,11/17/24 0:00
147,George Washington,A10,1.35,106.9,128,105.5,197,72.1,89,11/17/24 0:00
125,Western Kentucky,CUSA,2.99,103.8,180,100.8,93,75.1,9,11/17/24 0:00
140,UC Riverside,BW,2.03,106.8,130,104.8,173,70.6,182,11/17/24 0:00
137,Seattle,WAC,2.26,106,141,103.8,147,70.1,210,11/17/24 0:00
153,Texas St.,SB,0.56,101.8,220,101.2,98,69,280,11/17/24 0:00
141,Boston College,ACC,1.93,105.2,156,103.2,136,69.3,258,11/17/24 0:00
176,James Madison,SB,-1.42,103.9,177,105.3,192,69.4,257,11/17/24 0:00
115,UC Santa Barbara,BW,4.49,107.9,110,103.4,138,71.7,113,11/17/24 0:00
154,Tulsa,Amer,0.52,106.9,127,106.4,219,72.8,53,11/17/24 0:00
149,Samford,SC,1.09,107.2,122,106.1,212,76,2,11/17/24 0:00
121,La Salle,A10,3.86,105.2,157,101.3,102,70.6,187,11/17/24 0:00
159,Cal Baptist,WAC,0.05,108.3,103,108.2,267,67.9,329,11/17/24 0:00
148,Loyola Marymount,WCC,1.11,105.5,153,104.4,168,68.7,297,11/17/24 0:00
195,Duquesne,A10,-2.66,101.6,225,104.3,165,70.2,203,11/17/24 0:00
142,Utah Valley,WAC,1.87,103,195,101.1,96,71.4,129,11/17/24 0:00
160,UNC Wilmington,CAA,-0.1,106.2,137,106.3,218,71.2,142,11/17/24 0:00
183,Stephen F. Austin,Slnd,-1.99,98.8,283,100.8,92,69.2,268,11/17/24 0:00
164,Chattanooga,SC,-0.39,106.2,139,106.6,223,69.2,274,11/17/24 0:00
130,Hofstra,CAA,2.59,104.4,169,101.8,114,68.1,326,11/17/24 0:00
180,Appalachian St.,SB,-1.7,101.3,234,103,133,70.3,199,11/17/24 0:00
144,Furman,SC,1.76,105.6,148,103.9,152,70.6,181,11/17/24 0:00
157,Columbia,Ivy,0.2,109.8,78,109.6,294,70.3,201,11/17/24 0:00
155,Southern Illinois,MVC,0.5,104.9,159,104.4,169,72.7,58,11/17/24 0:00
156,New Mexico St.,CUSA,0.36,103.2,194,102.8,125,69.7,236,11/17/24 0:00
161,UC Davis,BW,-0.14,101.5,228,101.6,110,73.1,45,11/17/24 0:00
166,Marshall,SB,-0.62,103.6,186,104.3,162,72.3,79,11/17/24 0:00
169,UT Arlington,WAC,-0.72,108.5,96,109.3,291,73.3,38,11/17/24 0:00
175,Cornell,Ivy,-1.15,107.7,114,108.8,281,73.5,30,11/17/24 0:00
196,Miami OH,MAC,-2.84,103.8,182,106.6,225,69.8,231,11/17/24 0:00
197,Abilene Christian,WAC,-2.89,100.7,246,103.6,143,71.7,115,11/17/24 0:00
167,Winthrop,BSth,-0.69,102.2,209,102.8,127,73.6,28,11/17/24 0:00
163,North Alabama,ASun,-0.35,106.4,136,106.7,229,70.9,162,11/17/24 0:00
182,Louisiana,SB,-1.8,102,214,103.8,146,71.9,98,11/17/24 0:00
112,DePaul,BE,4.98,108,107,103,130,69.6,246,11/17/24 0:00
172,UNC Greensboro,SC,-0.84,104.1,174,104.9,177,68.8,290,11/17/24 0:00
217,UTEP,CUSA,-4.16,99.7,271,103.9,153,72.8,54,11/17/24 0:00
151,Northern Colorado,BSky,0.6,105.7,146,105.1,184,71.7,116,11/17/24 0:00
190,South Dakota St.,Sum,-2.4,104.4,168,106.8,230,71.5,125,11/17/24 0:00
187,Northern Kentucky,Horz,-2.19,98,298,100.2,87,69.5,254,11/17/24 0:00
146,North Florida,ASun,1.55,109.6,81,108,264,71.9,97,11/17/24 0:00
150,Belmont,MVC,0.66,107.3,119,106.6,224,71.6,119,11/17/24 0:00
152,Bryant,AE,0.58,102.5,203,101.9,115,75.6,6,11/17/24 0:00
173,St. Thomas,Sum,-0.97,106.7,132,107.6,253,69.3,262,11/17/24 0:00
139,Toledo,MAC,2.06,109.8,76,107.8,257,72.7,61,11/17/24 0:00
179,East Tennessee St.,SC,-1.64,105.7,145,107.4,247,68.6,308,11/17/24 0:00
162,Tulane,Amer,-0.2,104.7,163,104.9,176,71.6,118,11/17/24 0:00
170,Fordham,A10,-0.74,101.3,236,102,117,72,93,11/17/24 0:00
174,Georgia Southern,SB,-1,103.2,193,104.2,158,75.6,4,11/17/24 0:00
171,Illinois Chicago,MVC,-0.83,104.8,160,105.6,202,71.9,96,11/17/24 0:00
158,Middle Tennessee,CUSA,0.18,101.4,232,101.2,97,70.4,193,11/17/24 0:00
189,Jacksonville,ASun,-2.34,100.7,250,103,131,68.8,288,11/17/24 0:00
205,Montana St.,BSky,-3.33,103.8,183,107.1,236,69.9,220,11/17/24 0:00
181,Youngstown St.,Horz,-1.78,102.4,204,104.2,159,70.9,164,11/17/24 0:00
221,Milwaukee,Horz,-4.5,102.9,196,107.4,248,73.5,32,11/17/24 0:00
143,Northeastern,CAA,1.85,105.9,143,104.1,157,70,216,11/17/24 0:00
177,Longwood,BSth,-1.44,100.3,260,101.7,113,70.7,178,11/17/24 0:00
201,Nicholls,Slnd,-3.11,101.1,239,104.2,160,70.1,213,11/17/24 0:00
206,Southern Utah,WAC,-3.35,102.4,205,105.8,205,72.5,71,11/17/24 0:00
215,Montana,BSky,-4.07,104.2,173,108.2,269,68.8,292,11/17/24 0:00
178,Hawaii,BW,-1.47,103.9,178,105.3,194,68.5,309,11/17/24 0:00
204,Indiana St.,MVC,-3.29,103.9,176,107.2,240,74.8,11,11/17/24 0:00
192,Missouri St.,MVC,-2.55,100.1,263,102.6,121,70.3,202,11/17/24 0:00
216,Iona,MAAC,-4.07,102,213,106.1,213,70.9,163,11/17/24 0:00
214,Kansas City,Sum,-3.94,101.9,216,105.8,206,69.5,248,11/17/24 0:00
198,Oakland,Horz,-3,101.3,235,104.3,164,67.9,331,11/17/24 0:00
218,Georgia St.,SB,-4.33,101.7,222,106,209,71.3,134,11/17/24 0:00
185,Illinois St.,MVC,-2.01,103.4,189,105.4,196,68.4,313,11/17/24 0:00
224,Bucknell,PL,-4.64,100.5,255,105.1,183,70.1,212,11/17/24 0:00
213,Southern Miss,SB,-3.87,101.4,233,105.2,188,72.7,62,11/17/24 0:00
243,Pepperdine,WCC,-6.31,102,212,108.4,273,70.9,160,11/17/24 0:00
194,Cleveland St.,Horz,-2.57,102.6,201,105.2,187,70.2,205,11/17/24 0:00
252,Mercer,SC,-7.33,100.7,248,108,263,73.9,22,11/17/24 0:00
191,Saint Peter's,MAAC,-2.43,100.1,264,102.5,120,65.9,358,11/17/24 0:00
261,Harvard,Ivy,-7.96,98.7,284,106.7,228,70.6,185,11/17/24 0:00
239,Weber St.,BSky,-5.65,101.5,227,107.2,239,68.6,303,11/17/24 0:00
263,Evansville,MVC,-8.12,102.8,198,110.9,324,70.9,165,11/17/24 0:00
220,UNC Asheville,BSth,-4.47,104.2,172,108.6,278,71.4,130,11/17/24 0:00
211,Wyoming,MWC,-3.49,102.2,208,105.7,203,69.2,271,11/17/24 0:00
208,Portland St.,BSky,-3.42,101.7,223,105.1,181,75.6,5,11/17/24 0:00
223,Grambling St.,SWAC,-4.6,99.1,280,103.7,145,70.1,214,11/17/24 0:00
210,Texas A&M Corpus Chris,Slnd,-3.47,103.8,179,107.3,241,73.8,26,11/17/24 0:00
230,Colgate,PL,-5.18,100.7,247,105.9,207,69.6,243,11/17/24 0:00
207,CSUN,BW,-3.41,101,242,104.4,167,75.3,7,11/17/24 0:00
222,Florida Gulf Coast,ASun,-4.55,100.6,253,105.1,182,67.5,341,11/17/24 0:00
193,Drexel,CAA,-2.56,101.4,231,104,155,67.9,332,11/17/24 0:00
188,Kennesaw St.,CUSA,-2.33,105.6,152,107.9,260,74.8,10,11/17/24 0:00
186,Wright St.,Horz,-2.05,105.6,150,107.6,254,71.7,114,11/17/24 0:00
226,Howard,MEAC,-4.82,103.5,188,108.3,271,69.7,238,11/17/24 0:00
247,Central Connecticut,NEC,-6.67,98.3,293,105,178,68.8,294,11/17/24 0:00
200,South Alabama,SB,-3.1,101.5,229,104.6,171,68.3,315,11/17/24 0:00
271,UTSA,Amer,-8.38,100.6,251,109,284,73.4,33,11/17/24 0:00
212,Austin Peay,ASun,-3.7,101.9,217,105.6,199,68.1,325,11/17/24 0:00
184,Merrimack,MAAC,-2,96.3,323,98.3,69,69.7,237,11/17/24 0:00
225,Rice,Amer,-4.73,100.5,254,105.3,190,69.3,264,11/17/24 0:00
202,Norfolk St.,MEAC,-3.17,103.7,184,106.9,231,68.7,296,11/17/24 0:00
232,Jacksonville St.,CUSA,-5.23,100.3,258,105.6,198,69.9,223,11/17/24 0:00
290,Tarleton St.,WAC,-9.63,97.7,304,107.3,242,70.7,173,11/17/24 0:00
259,Navy,PL,-7.67,101.4,230,109.1,286,69.9,221,11/17/24 0:00
234,Quinnipiac,MAAC,-5.32,99.1,279,104.4,170,73.1,49,11/17/24 0:00
260,Penn,Ivy,-7.89,104.7,162,112.6,346,67.4,344,11/17/24 0:00
236,Gardner Webb,BSth,-5.34,103.2,192,108.6,277,71,158,11/17/24 0:00
227,Little Rock,OVC,-4.85,101.8,221,106.6,227,71.2,144,11/17/24 0:00
269,Lafayette,PL,-8.3,98.3,294,106.6,222,67.9,328,11/17/24 0:00
282,Long Beach St.,BW,-8.85,100.8,244,109.6,298,68.9,286,11/17/24 0:00
242,Ball St.,MAC,-6.25,101.8,219,108.1,265,71.2,143,11/17/24 0:00
268,Pacific,WCC,-8.25,98.4,290,106.6,226,71.2,140,11/17/24 0:00
266,Brown,Ivy,-8.18,100,266,108.2,268,69.3,260,11/17/24 0:00
254,American,PL,-7.35,102.3,206,109.6,299,65.2,361,11/17/24 0:00
246,South Dakota,Sum,-6.52,104.6,165,111.1,328,74.1,18,11/17/24 0:00
240,Eastern Kentucky,ASun,-5.77,104.4,170,110.1,307,70.8,171,11/17/24 0:00
219,North Dakota St.,Sum,-4.44,107.2,120,111.7,332,68.3,316,11/17/24 0:00
256,Northern Arizona,BSky,-7.59,101.6,224,109.2,288,68.7,299,11/17/24 0:00
199,Central Michigan,MAC,-3.01,100.2,261,103.2,137,70.2,207,11/17/24 0:00
273,Valparaiso,MVC,-8.45,101.1,238,109.6,295,70.7,179,11/17/24 0:00
209,Radford,BSth,-3.42,108.7,93,112.1,338,67.6,339,11/17/24 0:00
229,William & Mary,CAA,-4.97,104.1,175,109,285,73.4,34,11/17/24 0:00
228,Albany,AE,-4.95,101,241,105.9,208,72.2,86,11/17/24 0:00
235,Eastern Washington,BSky,-5.32,105.4,154,110.8,320,72.4,77,11/17/24 0:00
278,Texas Southern,SWAC,-8.63,96.2,326,104.9,174,71.8,103,11/17/24 0:00
307,Air Force,MWC,-11.31,101,240,112.3,340,63.8,364,11/17/24 0:00
280,San Jose St.,MWC,-8.78,99.6,272,108.4,275,68,327,11/17/24 0:00
258,Oral Roberts,Sum,-7.66,103.3,190,110.9,325,69.9,219,11/17/24 0:00
248,Maine,AE,-6.71,96.8,316,103.5,140,69.2,275,11/17/24 0:00
241,Marist,MAAC,-5.94,103.7,185,109.6,297,67.7,338,11/17/24 0:00
238,Rider,MAAC,-5.63,101.8,218,107.5,249,69.3,261,11/17/24 0:00
279,Southern,SWAC,-8.69,96.6,320,105.3,193,71,151,11/17/24 0:00
283,Fresno St.,MWC,-8.88,96.2,328,105,180,75.2,8,11/17/24 0:00
292,San Diego,WCC,-9.73,95.9,331,105.6,201,73.9,21,11/17/24 0:00
294,Monmouth,CAA,-9.86,102.1,211,111.9,337,71.8,110,11/17/24 0:00
237,Idaho St.,BSky,-5.63,98.6,288,104.2,161,68.2,322,11/17/24 0:00
275,Presbyterian,BSth,-8.57,103.8,181,112.4,341,67.5,342,11/17/24 0:00
245,North Dakota,Sum,-6.48,101.6,226,108.1,266,71.1,146,11/17/24 0:00
314,Old Dominion,SB,-11.62,98.6,285,110.3,312,71.4,128,11/17/24 0:00
300,Cal St. Fullerton,BW,-10.46,96.7,317,107.1,237,68.9,284,11/17/24 0:00
287,Portland,WCC,-9.42,99.8,269,109.2,289,70.2,209,11/17/24 0:00
251,Bowling Green,MAC,-7.29,102.9,197,110.2,309,72.4,72,11/17/24 0:00
297,Stony Brook,CAA,-10.19,100.5,256,110.7,318,69.9,224,11/17/24 0:00
298,Queens,ASun,-10.22,97,313,107.2,238,74.6,14,11/17/24 0:00
257,Elon,CAA,-7.61,102.6,202,110.2,308,69.6,244,11/17/24 0:00
255,Alabama St.,SWAC,-7.44,99.6,273,107,234,70.7,177,11/17/24 0:00
249,Delaware,CAA,-6.71,99.5,275,106.2,217,72.6,64,11/17/24 0:00
265,FIU,CUSA,-8.16,97.9,300,106.1,211,74.7,13,11/17/24 0:00
276,Lamar,Slnd,-8.63,101.3,237,109.9,302,71.7,112,11/17/24 0:00
304,Wagner,NEC,-10.97,92.9,356,103.8,149,64.8,363,11/17/24 0:00
288,Lehigh,PL,-9.47,100.4,257,109.9,303,70.4,189,11/17/24 0:00
262,North Carolina A&T,CAA,-8.05,99.9,268,108,261,73.2,40,11/17/24 0:00
267,Army,PL,-8.21,102.6,200,110.9,323,67.3,347,11/17/24 0:00
295,Tennessee St.,OVC,-9.96,98.6,287,108.6,276,72.3,80,11/17/24 0:00
293,Idaho,BSky,-9.77,100.3,259,110.1,306,69.8,230,11/17/24 0:00
253,Mount St. Mary's,MAAC,-7.34,98.3,295,105.6,200,70.4,190,11/17/24 0:00
281,North Carolina Central,MEAC,-8.82,100.7,249,109.5,293,69.3,259,11/17/24 0:00
316,Charleston Southern,BSth,-12.13,98.8,282,111,326,71.9,95,11/17/24 0:00
302,South Carolina St.,MEAC,-10.66,97,312,107.7,255,72.4,73,11/17/24 0:00
312,Utah Tech,WAC,-11.57,98.6,286,110.2,310,72.7,60,11/17/24 0:00
233,UT Rio Grande Valley,Slnd,-5.24,102.8,199,108,262,73.3,37,11/17/24 0:00
320,Western Illinois,OVC,-12.77,96.9,315,109.6,296,66.5,356,11/17/24 0:00
250,Boston University,PL,-7.04,100,265,107.1,235,67.7,337,11/17/24 0:00
289,Western Carolina,SC,-9.54,96.7,318,106.2,216,71.7,111,11/17/24 0:00
270,Southeastern Louisiana,Slnd,-8.31,99.3,277,107.6,251,70.4,197,11/17/24 0:00
301,Morehead St.,OVC,-10.48,96,330,106.5,221,69.7,233,11/17/24 0:00
285,Fairfield,MAAC,-9.36,95.7,337,105,179,70.6,186,11/17/24 0:00
244,Cal St. Bakersfield,BW,-6.46,100.9,243,107.3,245,68.2,323,11/17/24 0:00
264,Coastal Carolina,SB,-8.13,98.3,292,106.5,220,68.2,321,11/17/24 0:00
305,Campbell,CAA,-11.17,98,297,109.2,287,68.1,324,11/17/24 0:00
331,Bellarmine,ASun,-14.05,99.2,278,113.2,352,67.9,330,11/17/24 0:00
286,UMBC,AE,-9.42,103.5,187,112.9,348,72.5,66,11/17/24 0:00
277,Robert Morris,Horz,-8.63,97.6,306,106.2,215,69.6,242,11/17/24 0:00
315,Sacramento St.,BSky,-11.88,95.2,343,107,233,67.3,346,11/17/24 0:00
296,Siena,MAAC,-10.18,97.6,305,107.8,256,67.8,335,11/17/24 0:00
328,Stetson,ASun,-13.82,98.4,291,112.2,339,69.6,240,11/17/24 0:00
272,Bethune Cookman,SWAC,-8.4,97.8,302,106.2,214,71.9,100,11/17/24 0:00
274,Nebraska Omaha,Sum,-8.51,100.8,245,109.3,292,71,154,11/17/24 0:00
339,Canisius,MAAC,-15.48,97.8,303,113.2,353,68.9,287,11/17/24 0:00
332,Western Michigan,MAC,-14.48,97.1,310,111.6,330,69.9,222,11/17/24 0:00
291,Incarnate Word,Slnd,-9.69,103.3,191,113,349,70.4,194,11/17/24 0:00
313,Eastern Michigan,MAC,-11.61,95.9,332,107.5,250,68.8,293,11/17/24 0:00
349,Dartmouth,Ivy,-16.58,93.8,350,110.3,314,70.8,169,11/17/24 0:00
284,Green Bay,Horz,-9.24,104.6,164,113.9,357,70.6,184,11/17/24 0:00
299,Northwestern St.,Slnd,-10.32,99.4,276,109.7,300,69.3,263,11/17/24 0:00
318,Southern Indiana,OVC,-12.38,98,299,110.3,313,69.4,256,11/17/24 0:00
308,Manhattan,MAAC,-11.32,97,311,108.4,274,71.8,109,11/17/24 0:00
329,Louisiana Monroe,SB,-13.82,94.4,348,108.3,270,70.4,196,11/17/24 0:00
231,SIUE,OVC,-5.18,100.6,252,105.8,204,69.1,279,11/17/24 0:00
317,Tennessee Martin,OVC,-12.15,95.5,338,107.6,252,72.7,57,11/17/24 0:00
309,Denver,Sum,-11.41,99,281,110.4,316,71.9,99,11/17/24 0:00
338,Tennessee Tech,OVC,-15.46,95.3,342,110.8,322,69.9,225,11/17/24 0:00
324,Binghamton,AE,-13.49,98.2,296,111.7,333,69.5,251,11/17/24 0:00
303,Northern Illinois,MAC,-10.79,97.6,307,108.4,272,70.4,195,11/17/24 0:00
350,Chicago St.,NEC,-17.1,92.9,354,110,305,71.8,108,11/17/24 0:00
325,Hampton,CAA,-13.53,95.7,336,109.2,290,68.8,291,11/17/24 0:00
333,Niagara,MAAC,-14.48,97.3,308,111.8,335,69.5,250,11/17/24 0:00
330,Morgan St.,MEAC,-14.02,98.5,289,112.5,344,73.2,42,11/17/24 0:00
321,Jackson St.,SWAC,-12.79,97.2,309,110,304,71.8,104,11/17/24 0:00
357,New Hampshire,AE,-19.65,92.9,355,112.5,345,70.7,175,11/17/24 0:00
310,Cal Poly,BW,-11.51,95.8,334,107.3,243,72.9,50,11/17/24 0:00
327,Sacred Heart,MAAC,-13.62,99.7,270,113.4,355,71.3,136,11/17/24 0:00
337,West Georgia,ASun,-15.45,96.3,324,111.8,334,70.8,170,11/17/24 0:00
342,Delaware St.,MEAC,-15.65,92.2,358,107.9,259,72.5,68,11/17/24 0:00
335,Buffalo,MAC,-14.63,97.8,301,112.5,343,73.3,36,11/17/24 0:00
323,Eastern Illinois,OVC,-13.32,95.3,341,108.7,279,69.8,227,11/17/24 0:00
344,Le Moyne,NEC,-15.68,96.7,319,112.4,342,70.4,198,11/17/24 0:00
322,Southeast Missouri,OVC,-13.26,96.5,321,109.8,301,72.2,85,11/17/24 0:00
311,The Citadel,SC,-11.53,95.8,333,107.4,246,69.2,272,11/17/24 0:00
336,Central Arkansas,ASun,-14.81,95.8,335,110.6,317,71.2,139,11/17/24 0:00
306,Holy Cross,PL,-11.18,102.1,210,113.3,354,68.3,318,11/17/24 0:00
346,Alabama A&M,SWAC,-15.79,92.1,359,107.9,258,74.3,16,11/17/24 0:00
345,Detroit Mercy,Horz,-15.77,96.9,314,112.6,347,69.2,266,11/17/24 0:00
319,Loyola MD,PL,-12.54,94.8,346,107.3,244,71,150,11/17/24 0:00
360,NJIT,AE,-20.35,91.5,361,111.8,336,67.4,343,11/17/24 0:00
359,New Orleans,Slnd,-19.88,94.5,347,114.4,360,72,91,11/17/24 0:00
353,Alcorn St.,SWAC,-18.72,96.2,327,114.9,362,68.2,320,11/17/24 0:00
356,Lindenwood,OVC,-19.5,93.5,352,113,350,69.9,218,11/17/24 0:00
326,USC Upstate,BSth,-13.59,99.9,267,113.5,356,72.8,55,11/17/24 0:00
343,Saint Francis,NEC,-15.65,93.2,353,108.8,282,71.2,141,11/17/24 0:00
341,Mercyhurst,NEC,-15.62,95.1,344,110.8,321,67.3,348,11/17/24 0:00
347,Prairie View A&M,SWAC,-16.11,95.4,339,111.6,331,73.6,27,11/17/24 0:00
351,Fairleigh Dickinson,NEC,-17.66,96.2,325,113.9,358,74,20,11/17/24 0:00
334,LIU,NEC,-14.61,96.4,322,111,327,71.8,106,11/17/24 0:00
354,Florida A&M,SWAC,-19.36,91.8,360,111.2,329,71.8,107,11/17/24 0:00
352,Texas A&M Commerce,Slnd,-17.97,92.7,357,110.7,319,71.8,105,11/17/24 0:00
355,Houston Christian,Slnd,-19.48,93.7,351,113.2,351,70.7,180,11/17/24 0:00
362,Arkansas Pine Bluff,SWAC,-21.97,95.4,340,117.3,364,72.2,83,11/17/24 0:00
348,Stonehill,NEC,-16.35,90.7,362,107,232,70.7,174,11/17/24 0:00
358,IU Indy,Horz,-19.81,96.2,329,116,363,70.6,183,11/17/24 0:00
340,VMI,SC,-15.54,94.8,345,110.4,315,73.5,29,11/17/24 0:00
361,Maryland Eastern Shore,MEAC,-20.42,94.3,349,114.7,361,69.8,226,11/17/24 0:00
363,Coppin St.,MEAC,-23.43,85.4,364,108.8,283,70.2,206,11/17/24 0:00
364,Mississippi Valley St.,SWAC,-27.83,86.4,363,114.2,359,69.1,277,11/17/24 0:00
1,Auburn,SEC,30.26,121.4,2,91.2,5,70.1,195,11/18/24 0:00
2,Houston,B12,30.17,119.6,4,89.5,1,66.6,350,11/18/24 0:00
3,Gonzaga,WCC,29.15,124.5,1,95.3,29,72.8,50,11/18/24 0:00
4,Duke,ACC,27.99,117.9,10,89.9,2,70.7,147,11/18/24 0:00
5,Connecticut,BE,26.54,118.6,7,92.1,7,68.4,298,11/18/24 0:00
6,Tennessee,SEC,26.01,116.7,16,90.7,4,69.8,216,11/18/24 0:00
7,Kansas,B12,24.86,118.1,9,93.3,12,72,78,11/18/24 0:00
8,Iowa St.,B12,24.65,115.1,27,90.5,3,69.8,212,11/18/24 0:00
9,Texas Tech,B12,23.74,117.1,13,93.4,13,68.3,306,11/18/24 0:00
10,Alabama,SEC,22.95,119.6,5,96.6,48,73.8,18,11/18/24 0:00
11,Cincinnati,B12,22.89,116.5,17,93.6,14,68.9,263,11/18/24 0:00
12,Purdue,B10,22.72,120.6,3,97.9,65,68.3,304,11/18/24 0:00
13,Baylor,B12,22.66,119.2,6,96.5,47,68.7,279,11/18/24 0:00
14,North Carolina,ACC,22.44,118.5,8,96.1,36,74.3,14,11/18/24 0:00
15,Texas A&M,SEC,22.23,116.4,18,94.1,18,68.3,303,11/18/24 0:00
16,Arizona,B12,22.03,117.4,12,95.4,32,75.4,4,11/18/24 0:00
17,St. John's,BE,21.6,115.7,22,94.1,17,70.9,132,11/18/24 0:00
18,Creighton,BE,21.11,117,14,95.9,35,71.1,123,11/18/24 0:00
19,Pittsburgh,ACC,21.09,115.2,25,94.2,19,70.7,152,11/18/24 0:00
20,Florida,SEC,20.97,117.9,11,96.9,51,72.6,51,11/18/24 0:00
21,Marquette,BE,20.43,115.4,24,94.9,22,71.6,90,11/18/24 0:00
22,Kentucky,SEC,20.29,116,21,95.8,34,73.5,24,11/18/24 0:00
23,UCLA,B10,19.93,111.2,57,91.2,6,68.1,311,11/18/24 0:00
24,Texas,SEC,19.72,114.9,28,95.2,28,70.1,191,11/18/24 0:00
25,Illinois,B10,19.72,114.5,33,94.8,21,72.8,49,11/18/24 0:00
26,Ohio St.,B10,19.67,114.7,31,95,23,69.9,208,11/18/24 0:00
27,Mississippi St.,SEC,19.21,114.5,32,95.3,31,70.8,139,11/18/24 0:00
28,BYU,B12,19.2,116.2,19,97,52,71.2,117,11/18/24 0:00
29,Wisconsin,B10,18.9,116.1,20,97.2,56,69.4,229,11/18/24 0:00
30,Michigan,B10,18.71,113.8,36,95.1,24,71,129,11/18/24 0:00
31,Arkansas,SEC,18.34,110.6,64,92.2,8,70.8,136,11/18/24 0:00
32,Indiana,B10,18.23,113.6,38,95.3,30,72.1,74,11/18/24 0:00
33,Oregon,B10,18.23,113.4,42,95.1,25,70.2,188,11/18/24 0:00
34,Penn St.,B10,18.08,113.3,43,95.2,27,74.4,12,11/18/24 0:00
35,VCU,A10,17.83,110.4,66,92.5,9,70.6,161,11/18/24 0:00
36,Boise St.,MWC,17.69,114.7,30,97,54,69.5,227,11/18/24 0:00
37,Maryland,B10,17.34,110.6,63,93.2,11,69,260,11/18/24 0:00
38,Memphis,Amer,17.31,113.4,41,96.1,37,73.6,23,11/18/24 0:00
39,Nevada,MWC,16.78,113.5,39,96.8,50,67.8,323,11/18/24 0:00
40,LSU,SEC,16.72,113.1,44,96.4,42,71.3,112,11/18/24 0:00
,,,,,Strength of Schedule,NCSOS,,,,11/18/24 0:00
Rk,Team,Conf,NetRtg,ORtg,DRtg,AdjT,Luck,NetRtg,ORtg,11/18/24 0:00
41,Michigan St.,B10,16.67,110.3,67,93.7,15,70.7,151,11/18/24 0:00
42,Saint Mary's,WCC,16.46,116.9,15,100.4,89,66.3,354,11/18/24 0:00
43,Dayton,A10,16.44,111.8,53,95.4,33,68.9,268,11/18/24 0:00
44,Xavier,BE,16.19,114.9,29,98.7,73,70.5,169,11/18/24 0:00
45,Clemson,ACC,16.04,114,35,97.9,67,69.2,247,11/18/24 0:00
46,Iowa,B10,16.02,115.2,26,99.2,77,72.9,45,11/18/24 0:00
47,Miami FL,ACC,15.41,115.6,23,100.2,87,70.5,170,11/18/24 0:00
48,Utah St.,MWC,15.16,114.4,34,99.3,79,71.5,96,11/18/24 0:00
49,Oklahoma,SEC,15.1,110.3,69,95.2,26,70.2,184,11/18/24 0:00
50,Mississippi,SEC,14.01,113.5,40,99.5,82,68.9,269,11/18/24 0:00
51,Northwestern,B10,13.94,110.1,71,96.2,39,67.2,337,11/18/24 0:00
52,San Diego St.,MWC,13.71,107.6,112,93.9,16,68.8,274,11/18/24 0:00
53,Notre Dame,ACC,13.55,111.9,50,98.4,71,68.4,296,11/18/24 0:00
54,San Francisco,WCC,13.52,111.9,52,98.3,70,71,128,11/18/24 0:00
55,Utah,B12,13.46,111.4,54,97.9,66,71.9,85,11/18/24 0:00
56,Arizona St.,B12,13.21,109.6,79,96.4,44,70.6,155,11/18/24 0:00
57,UCF,B12,13.07,110.1,72,97,53,71.1,121,11/18/24 0:00
58,Missouri,SEC,12.97,112.9,45,99.9,85,69.1,251,11/18/24 0:00
59,UC Irvine,BW,12.96,107.6,114,94.6,20,70.7,153,11/18/24 0:00
60,New Mexico,MWC,12.87,110.3,68,97.4,57,76,1,11/18/24 0:00
61,TCU,B12,12.38,109.5,82,97.1,55,71,130,11/18/24 0:00
62,N.C. State,ACC,12.09,112.5,47,100.4,88,71.4,110,11/18/24 0:00
63,Kansas St.,B12,11.94,108.6,96,96.6,49,69.3,236,11/18/24 0:00
64,Rutgers,B10,11.91,109.8,75,97.9,63,70.4,174,11/18/24 0:00
65,Georgia,SEC,11.88,111.4,55,99.5,81,70.8,138,11/18/24 0:00
66,Nebraska,B10,11.82,108.2,104,96.4,43,71.4,109,11/18/24 0:00
67,Stanford,ACC,11.76,112.8,46,101,95,67.6,329,11/18/24 0:00
68,North Texas,Amer,11.7,108.1,107,96.4,45,65.1,360,11/18/24 0:00
69,Louisville,ACC,11.52,109.3,85,97.8,61,72.2,65,11/18/24 0:00
70,South Carolina,SEC,11.12,109,89,97.9,62,68.6,286,11/18/24 0:00
71,Colorado,B12,10.98,108.8,90,97.9,64,69.4,231,11/18/24 0:00
72,SMU,ACC,10.71,112,49,101.3,104,72.2,67,11/18/24 0:00
73,Villanova,BE,10.71,112.2,48,101.5,108,68.4,292,11/18/24 0:00
74,Liberty,CUSA,10.69,107,122,96.3,40,66,356,11/18/24 0:00
75,Minnesota,B10,10.14,107.7,111,97.6,59,65.2,359,11/18/24 0:00
76,USC,B10,9.98,111.1,59,101.1,97,70.6,156,11/18/24 0:00
77,Virginia,ACC,9.96,106.5,133,96.5,46,64.5,363,11/18/24 0:00
78,Wake Forest,ACC,9.55,107.5,116,98,68,70.7,154,11/18/24 0:00
79,Grand Canyon,WAC,9.5,111.1,58,101.6,109,71.9,82,11/18/24 0:00
80,Florida Atlantic,Amer,9.35,113.6,37,104.3,166,72.9,44,11/18/24 0:00
,,,,,Strength of Schedule,NCSOS,,,,11/18/24 0:00
Rk,Team,Conf,NetRtg,ORtg,DRtg,AdjT,Luck,NetRtg,ORtg,11/18/24 0:00
81,Providence,BE,9.18,105.4,153,96.3,41,68,317,11/18/24 0:00
82,Louisiana Tech,CUSA,9.17,109.8,74,100.7,91,68,314,11/18/24 0:00
83,Loyola Chicago,A10,9.17,107.3,119,98.1,69,71.5,99,11/18/24 0:00
84,Washington,B10,9.08,105.3,155,96.2,38,71.4,106,11/18/24 0:00
85,Wichita St.,Amer,9.08,110.8,60,101.8,116,72,77,11/18/24 0:00
86,West Virginia,B12,8.6,108.3,101,99.7,83,70.8,134,11/18/24 0:00
87,Princeton,Ivy,8.58,111.3,56,102.7,125,68.8,272,11/18/24 0:00
88,Vanderbilt,SEC,8.54,111.9,51,103.4,138,72,76,11/18/24 0:00
89,Butler,BE,8.33,109.1,87,100.8,93,69.3,239,11/18/24 0:00
90,Florida St.,ACC,8.21,105.7,144,97.5,58,73.1,35,11/18/24 0:00
91,Murray St.,MVC,8.06,110.7,61,102.7,124,68.7,278,11/18/24 0:00
92,Oklahoma St.,B12,7.89,106.7,127,98.8,75,73.9,17,11/18/24 0:00
93,Washington St.,WCC,7.56,108.8,91,101.3,102,72.9,43,11/18/24 0:00
94,Colorado St.,MWC,7.33,107.9,109,100.6,90,69,257,11/18/24 0:00
95,UNLV,MWC,7.31,110.4,65,103.1,134,69.7,220,11/18/24 0:00
96,George Mason,A10,7.3,106.1,138,98.8,74,68.7,281,11/18/24 0:00
97,Seton Hall,BE,7.23,100.2,263,92.9,10,65.7,358,11/18/24 0:00
98,Oregon St.,WCC,6.97,106.1,139,99.1,76,67.1,340,11/18/24 0:00
99,Saint Joseph's,A10,6.92,108.2,103,101.3,105,71.7,89,11/18/24 0:00
100,Georgia Tech,ACC,6.76,108.1,106,101.4,106,73,37,11/18/24 0:00
101,Bradley,MVC,6.75,108.6,94,101.9,118,69.1,254,11/18/24 0:00
102,UAB,Amer,6.63,110.1,73,103.4,139,71,131,11/18/24 0:00
103,Yale,Ivy,6.61,109.5,83,102.9,130,69.2,250,11/18/24 0:00
104,Arkansas St.,SB,6.53,106.4,134,99.9,84,71.1,125,11/18/24 0:00
105,High Point,BSth,6.53,110.3,70,103.7,148,68.9,265,11/18/24 0:00
106,Syracuse,ACC,6.38,110.7,62,104.3,164,72.9,47,11/18/24 0:00
107,Rhode Island,A10,6.19,109.1,88,102.9,132,72.5,57,11/18/24 0:00
108,Virginia Tech,ACC,5.68,106.5,132,100.8,94,68.2,309,11/18/24 0:00
109,Sam Houston St.,CUSA,5.53,109.7,78,104.1,160,71.1,122,11/18/24 0:00
110,McNeese,Slnd,5.29,106.9,123,101.6,111,69.2,242,11/18/24 0:00
111,St. Bonaventure,A10,5.18,106.7,129,101.5,107,68.3,307,11/18/24 0:00
112,DePaul,BE,4.99,107.9,110,102.9,129,69.2,244,11/18/24 0:00
113,Purdue Fort Wayne,Horz,4.67,108.4,98,103.8,151,71.8,88,11/18/24 0:00
114,UC Santa Barbara,BW,4.58,108,108,103.5,140,69.8,214,11/18/24 0:00
115,California,ACC,4.41,106,141,101.6,110,71.5,97,11/18/24 0:00
116,Georgetown,BE,4.24,109.5,80,105.3,196,69.4,232,11/18/24 0:00
117,Saint Louis,A10,4.16,109.3,86,105.1,189,72.5,56,11/18/24 0:00
118,La Salle,A10,3.86,105.1,157,101.3,103,70.2,185,11/18/24 0:00
119,Temple,Amer,3.85,107.6,113,103.8,152,69.7,217,11/18/24 0:00
120,Santa Clara,WCC,3.69,108.8,93,105.1,186,70.6,160,11/18/24 0:00
,,,,,Strength of Schedule,NCSOS,,,,11/18/24 0:00
Rk,Team,Conf,NetRtg,ORtg,DRtg,AdjT,Luck,NetRtg,ORtg,11/18/24 0:00
121,Davidson,A10,3.66,108.5,97,104.8,175,69.1,253,11/18/24 0:00
122,Troy,SB,3.59,101.3,238,97.7,60,71.9,83,11/18/24 0:00
123,South Florida,Amer,3.57,105.3,156,101.7,113,71.3,116,11/18/24 0:00
124,Drake,MVC,3.26,104.5,166,101.2,100,68.3,302,11/18/24 0:00
125,Western Kentucky,CUSA,3.17,101.8,217,98.6,72,74.8,9,11/18/24 0:00
126,Northern Iowa,MVC,2.91,106.7,130,103.8,150,68.5,287,11/18/24 0:00
127,Lipscomb,ASun,2.85,106.3,136,103.5,141,70.7,148,11/18/24 0:00
128,Vermont,AE,2.85,102,210,99.2,78,66.5,351,11/18/24 0:00
129,UMass Lowell,AE,2.77,107.2,120,104.4,171,72.9,41,11/18/24 0:00
130,Kent St.,MAC,2.69,105.5,152,102.8,128,68,315,11/18/24 0:00
131,Charleston,CAA,2.65,106.7,128,104.1,157,72.6,52,11/18/24 0:00
132,Seattle,WAC,2.64,106.4,135,103.8,149,69.7,221,11/18/24 0:00
133,Hofstra,CAA,2.6,104.3,169,101.7,115,67.7,325,11/18/24 0:00
134,Massachusetts,A10,2.49,104.7,161,102.2,120,72.2,69,11/18/24 0:00
135,Charlotte,Amer,2.38,108.4,99,106,209,66.3,353,11/18/24 0:00
136,UC San Diego,BW,2.36,107.6,115,105.2,191,68.3,305,11/18/24 0:00
137,Akron,MAC,2.25,104.2,172,101.9,119,70.6,158,11/18/24 0:00
138,East Carolina,Amer,2.14,105.8,143,103.6,144,66.9,347,11/18/24 0:00
139,UC Riverside,BW,2.11,106.8,125,104.7,174,70.3,183,11/18/24 0:00
140,Toledo,MAC,1.98,109.8,76,107.8,255,72.3,64,11/18/24 0:00
141,Utah Valley,WAC,1.87,102.9,194,101,96,71.1,127,11/18/24 0:00
142,Northeastern,CAA,1.84,105.7,145,103.9,155,69.9,210,11/18/24 0:00
143,Boston College,ACC,1.79,105,158,103.2,135,69,259,11/18/24 0:00
144,Furman,SC,1.77,105.5,149,103.8,153,70.3,178,11/18/24 0:00
145,Samford,SC,1.65,108.8,92,107.1,237,75.6,3,11/18/24 0:00
146,Towson,CAA,1.57,104.2,170,102.6,123,67.6,326,11/18/24 0:00
147,North Florida,ASun,1.53,109.5,81,108,262,71.6,91,11/18/24 0:00
148,George Washington,A10,1.48,106.8,126,105.3,195,71.8,87,11/18/24 0:00
149,Loyola Marymount,WCC,1.11,105.4,154,104.3,167,68.4,294,11/18/24 0:00
150,Belmont,MVC,0.69,107.4,118,106.8,230,71.3,115,11/18/24 0:00
151,Northern Colorado,BSky,0.65,105.6,148,105,182,71.4,111,11/18/24 0:00
152,Bryant,AE,0.6,102.4,204,101.8,117,75.3,6,11/18/24 0:00
153,Texas St.,SB,0.56,101.7,221,101.2,99,68.7,277,11/18/24 0:00
154,Tulsa,Amer,0.52,106.9,124,106.3,217,72.5,54,11/18/24 0:00
155,New Mexico St.,CUSA,0.35,103.1,192,102.8,127,69.3,234,11/18/24 0:00
156,Middle Tennessee,CUSA,0.19,101.3,234,101.1,98,70.1,194,11/18/24 0:00
157,Columbia,Ivy,0.18,109.7,77,109.5,293,70,205,11/18/24 0:00
158,Southern Illinois,MVC,0.12,104.8,159,104.7,173,72.5,58,11/18/24 0:00
159,Cal Baptist,WAC,0.06,108.2,105,108.1,265,67.6,328,11/18/24 0:00
160,Tulane,Amer,-0.19,104.6,162,104.8,176,71.3,114,11/18/24 0:00
,,,,,Strength of Schedule,NCSOS,,,,11/18/24 0:00
Rk,Team,Conf,NetRtg,ORtg,DRtg,AdjT,Luck,NetRtg,ORtg,11/18/24 0:00
161,North Alabama,ASun,-0.25,106.2,137,106.5,219,70.6,164,11/18/24 0:00
162,UNC Wilmington,CAA,-0.34,105.9,142,106.3,215,70.7,142,11/18/24 0:00
163,UC Davis,BW,-0.39,100.9,246,101.2,101,73.5,27,11/18/24 0:00
164,Wofford,SC,-0.56,108.3,102,108.9,282,66.6,349,11/18/24 0:00
165,Marshall,SB,-0.63,103.6,182,104.2,162,72,79,11/18/24 0:00
166,Ohio,MAC,-0.7,109.4,84,110.1,309,70.5,168,11/18/24 0:00
167,Fordham,A10,-0.77,100.9,243,101.7,114,71.9,81,11/18/24 0:00
168,Illinois Chicago,MVC,-0.82,104.8,160,105.6,200,71.6,92,11/18/24 0:00
169,UNC Greensboro,SC,-0.85,104,175,104.9,179,68.5,289,11/18/24 0:00
170,Chattanooga,SC,-0.94,105.7,146,106.6,227,70.1,192,11/18/24 0:00
171,UT Arlington,WAC,-0.97,108.4,100,109.3,289,73.2,30,11/18/24 0:00
172,Cornell,Ivy,-1.08,107.5,117,108.6,277,73.2,32,11/18/24 0:00
173,St. Thomas,Sum,-1.21,106.6,131,107.8,254,69,258,11/18/24 0:00
174,James Madison,SB,-1.4,103.9,176,105.3,194,69.1,256,11/18/24 0:00
175,Longwood,BSth,-1.44,100.2,261,101.6,112,70.3,177,11/18/24 0:00
176,Winthrop,BSth,-1.51,102,211,103.5,142,72.9,40,11/18/24 0:00
177,Hawaii,BW,-1.54,103.3,187,104.9,177,68,316,11/18/24 0:00
178,East Tennessee St.,SC,-1.66,105.7,147,107.3,242,68.2,308,11/18/24 0:00
179,Appalachian St.,SB,-1.71,101.3,237,103,133,70,200,11/18/24 0:00
180,Youngstown St.,Horz,-1.78,102.4,205,104.1,161,70.6,162,11/18/24 0:00
181,Louisiana,SB,-1.8,101.9,215,103.7,147,71.6,94,11/18/24 0:00
182,Jacksonville St.,CUSA,-1.94,102.5,203,104.4,170,68.4,297,11/18/24 0:00
183,Stephen F. Austin,Slnd,-1.99,98.7,285,100.7,92,68.9,264,11/18/24 0:00
184,Illinois St.,MVC,-2.01,103.4,186,105.4,197,68.1,313,11/18/24 0:00
185,Wright St.,Horz,-2.06,105.5,150,107.6,249,71.4,108,11/18/24 0:00
186,Northern Kentucky,Horz,-2.21,97.9,300,100.1,86,69.1,252,11/18/24 0:00
187,Kennesaw St.,CUSA,-2.33,105.5,151,107.8,257,74.5,10,11/18/24 0:00
188,Jacksonville,ASun,-2.34,100.6,252,102.9,131,68.5,288,11/18/24 0:00
189,Saint Peter's,MAAC,-2.38,100.1,264,102.4,121,65.7,357,11/18/24 0:00
190,South Dakota St.,Sum,-2.39,104.3,168,106.7,229,71.2,119,11/18/24 0:00
191,Cleveland St.,Horz,-2.53,102.6,201,105.1,188,69.9,209,11/18/24 0:00
192,Missouri St.,MVC,-2.54,100.1,265,102.6,122,70,204,11/18/24 0:00
193,Duquesne,A10,-2.57,101.8,220,104.3,169,70.1,190,11/18/24 0:00
194,Drexel,CAA,-2.58,101.3,233,103.9,156,67.5,330,11/18/24 0:00
195,Oakland,Horz,-2.81,101.3,235,104.1,159,67.5,333,11/18/24 0:00
196,Miami OH,MAC,-2.84,103.7,178,106.6,222,69.4,230,11/18/24 0:00
197,Abilene Christian,WAC,-2.89,100.7,249,103.6,143,71.3,113,11/18/24 0:00
198,Norfolk St.,MEAC,-2.94,103.7,180,106.6,226,68.3,299,11/18/24 0:00
199,William & Mary,CAA,-2.98,106,140,109,284,73.5,25,11/18/24 0:00
200,Central Michigan,MAC,-3,100.2,262,103.2,136,69.9,211,11/18/24 0:00
,,,,,Strength of Schedule,NCSOS,,,,11/18/24 0:00
Rk,Team,Conf,NetRtg,ORtg,DRtg,AdjT,Luck,NetRtg,ORtg,11/18/24 0:00
201,Georgia Southern,SB,-3.02,103.1,193,106.1,213,75.9,2,11/18/24 0:00
202,South Alabama,SB,-3.11,101.4,232,104.5,172,68,318,11/18/24 0:00
203,Merrimack,MAAC,-3.15,96.3,326,99.5,80,67.9,321,11/18/24 0:00
204,Nicholls,Slnd,-3.16,100.9,241,104.1,158,69.9,207,11/18/24 0:00
205,Radford,BSth,-3.19,108.6,95,111.8,337,67.2,338,11/18/24 0:00
206,Richmond,A10,-3.25,99.5,276,102.7,126,69.3,238,11/18/24 0:00
207,Indiana St.,MVC,-3.28,103.9,177,107.1,238,74.5,11,11/18/24 0:00
208,Southern Utah,WAC,-3.35,102.4,206,105.7,203,72.1,71,11/18/24 0:00
209,Portland St.,BSky,-3.43,101.6,225,105.1,184,75.3,5,11/18/24 0:00
210,CSUN,BW,-3.44,100.9,245,104.3,168,75,8,11/18/24 0:00
211,Wyoming,MWC,-3.49,102.1,208,105.6,202,68.9,270,11/18/24 0:00
212,Texas A&M Corpus Chris,Slnd,-3.53,103.7,181,107.2,240,73.6,20,11/18/24 0:00
213,Montana St.,BSky,-3.83,103.1,190,106.9,231,70.4,171,11/18/24 0:00
214,Southern Miss,SB,-3.87,101.3,236,105.2,190,72.3,63,11/18/24 0:00
215,Montana,BSky,-3.93,104.1,173,108.1,264,68.3,301,11/18/24 0:00
216,Kansas City,Sum,-3.93,101.8,216,105.8,205,69.2,246,11/18/24 0:00
217,Georgia St.,SB,-3.96,101.8,218,105.7,204,71.2,118,11/18/24 0:00
218,Iona,MAAC,-3.98,102,214,105.9,208,70.7,144,11/18/24 0:00
219,UTEP,CUSA,-4.16,99.7,273,103.8,154,72.5,55,11/18/24 0:00
220,Austin Peay,ASun,-4.28,102.3,207,106.6,224,68.2,310,11/18/24 0:00
221,North Dakota St.,Sum,-4.41,107.2,121,111.6,333,67.9,320,11/18/24 0:00
222,UNC Asheville,BSth,-4.47,104.1,174,108.6,278,71.1,126,11/18/24 0:00
223,Milwaukee,Horz,-4.5,102.9,195,107.4,243,73.1,34,11/18/24 0:00
224,Florida Gulf Coast,ASun,-4.58,100.5,254,105.1,187,67.1,339,11/18/24 0:00
225,Grambling St.,SWAC,-4.6,99,281,103.6,145,69.7,218,11/18/24 0:00
226,Bucknell,PL,-4.64,100.4,256,105.1,183,69.8,215,11/18/24 0:00
227,Rice,Amer,-4.74,100.5,255,105.2,192,68.9,261,11/18/24 0:00
228,Howard,MEAC,-4.83,103.4,184,108.2,269,69.3,233,11/18/24 0:00
229,Little Rock,OVC,-4.94,101.6,224,106.6,223,70.9,133,11/18/24 0:00
230,Albany,AE,-4.95,100.9,244,105.9,207,71.8,86,11/18/24 0:00
231,Colgate,PL,-5.18,100.6,250,105.8,206,69.3,240,11/18/24 0:00
232,SIUE,OVC,-5.19,100.3,259,105.5,198,68.7,280,11/18/24 0:00
233,Gardner Webb,BSth,-5.21,103.1,191,108.3,273,70.6,157,11/18/24 0:00
234,Quinnipiac,MAAC,-5.23,99,280,104.3,163,72.9,42,11/18/24 0:00
235,UT Rio Grande Valley,Slnd,-5.25,102.6,199,107.9,259,73,36,11/18/24 0:00
236,Weber St.,BSky,-5.72,100.9,242,106.7,228,67.8,324,11/18/24 0:00
237,Idaho St.,BSky,-5.82,98.5,291,104.3,165,68.1,312,11/18/24 0:00
238,Eastern Kentucky,ASun,-5.91,104.2,171,110.1,305,70.4,176,11/18/24 0:00
239,Rider,MAAC,-6.01,101.5,229,107.5,245,68.9,266,11/18/24 0:00
240,Marist,MAAC,-6.04,103.5,183,109.6,295,67.4,335,11/18/24 0:00
,,,,,Strength of Schedule,NCSOS,,,,11/18/24 0:00
Rk,Team,Conf,NetRtg,ORtg,DRtg,AdjT,Luck,NetRtg,ORtg,11/18/24 0:00
241,Ball St.,MAC,-6.21,101.8,219,108,261,70.8,137,11/18/24 0:00
242,Cal St. Bakersfield,BW,-6.22,101,240,107.2,239,68,319,11/18/24 0:00
243,Pepperdine,WCC,-6.3,102,213,108.3,272,70.6,163,11/18/24 0:00
244,North Dakota,Sum,-6.47,101.6,227,108,263,70.8,141,11/18/24 0:00
245,Eastern Washington,BSky,-6.5,104.5,167,111,326,72.6,53,11/18/24 0:00
246,South Dakota,Sum,-6.52,104.5,165,111.1,327,73.8,19,11/18/24 0:00
247,Maine,AE,-6.52,96.7,317,103.2,137,68.8,271,11/18/24 0:00
248,Brown,Ivy,-6.62,101.7,222,108.3,270,68.7,275,11/18/24 0:00
249,North Carolina A&T,CAA,-6.65,101.5,228,108.1,266,72.8,48,11/18/24 0:00
250,Delaware,CAA,-6.69,99.6,274,106.3,216,72.2,66,11/18/24 0:00
251,Central Connecticut,NEC,-6.71,98.2,295,104.9,181,68.4,293,11/18/24 0:00
252,Boston University,PL,-7.08,100,267,107.1,235,67.3,336,11/18/24 0:00
253,Bowling Green,MAC,-7.29,102.8,196,110.1,308,72.1,72,11/18/24 0:00
254,Mount St. Mary's,MAAC,-7.31,98.2,296,105.5,199,70.1,189,11/18/24 0:00
255,Mercer,SC,-7.33,100.6,251,107.9,260,73.6,21,11/18/24 0:00
256,American,PL,-7.43,102.1,209,109.6,297,64.9,361,11/18/24 0:00
257,Alabama St.,SWAC,-7.44,99.5,275,107,233,70.4,175,11/18/24 0:00
258,Northern Arizona,BSky,-7.55,101.6,226,109.2,286,68.3,300,11/18/24 0:00
259,Elon,CAA,-7.6,102.5,202,110.1,307,69.3,241,11/18/24 0:00
260,Oral Roberts,Sum,-7.66,103.2,188,110.9,323,69.6,223,11/18/24 0:00
261,Campbell,CAA,-7.8,99.9,268,107.7,253,68.4,295,11/18/24 0:00
262,Penn,Ivy,-7.92,104.6,163,112.5,345,67.1,343,11/18/24 0:00
263,North Carolina Central,MEAC,-8.08,101.4,231,109.5,291,68.6,282,11/18/24 0:00
264,Valparaiso,MVC,-8.09,101.4,230,109.5,292,70.4,173,11/18/24 0:00
265,Evansville,MVC,-8.1,102.8,197,110.9,321,70.6,165,11/18/24 0:00
266,FIU,CUSA,-8.16,97.9,302,106,211,74.4,13,11/18/24 0:00
267,Army,PL,-8.22,102.6,200,110.8,320,67,344,11/18/24 0:00
268,Pacific,WCC,-8.27,98.3,294,106.6,225,71.1,120,11/18/24 0:00
269,Lafayette,PL,-8.29,98.2,297,106.5,221,67.6,327,11/18/24 0:00
270,Southeastern Louisiana,Slnd,-8.32,99.2,278,107.6,247,70,199,11/18/24 0:00
271,UTSA,Amer,-8.39,100.6,253,108.9,283,73.1,33,11/18/24 0:00
272,Bethune Cookman,SWAC,-8.4,97.6,304,106,210,71.6,93,11/18/24 0:00
273,Nebraska Omaha,Sum,-8.53,100.7,248,109.2,288,70.7,149,11/18/24 0:00
274,Robert Morris,Horz,-8.58,96.5,323,105.1,185,69.7,219,11/18/24 0:00
275,Presbyterian,BSth,-8.59,103.7,179,112.3,341,67.1,342,11/18/24 0:00
276,Southern,SWAC,-8.69,96.6,322,105.3,193,70.7,145,11/18/24 0:00
277,Harvard,Ivy,-8.8,98.9,283,107.7,252,70.2,186,11/18/24 0:00
278,Long Beach St.,BW,-8.81,100.7,247,109.6,296,68.6,284,11/18/24 0:00
279,Fresno St.,MWC,-8.84,96.1,330,104.9,180,75.2,7,11/18/24 0:00
280,San Jose St.,MWC,-8.92,99.7,272,108.6,280,66.3,355,11/18/24 0:00
,,,,,Strength of Schedule,NCSOS,,,,11/18/24 0:00
Rk,Team,Conf,NetRtg,ORtg,DRtg,AdjT,Luck,NetRtg,ORtg,11/18/24 0:00
281,Texas Southern,SWAC,-9.17,97.3,307,106.5,218,71.4,107,11/18/24 0:00
282,Green Bay,Horz,-9.27,104.6,164,113.8,354,70.3,182,11/18/24 0:00
283,Fairfield,MAAC,-9.32,95.5,337,104.9,178,70.3,179,11/18/24 0:00
284,Portland,WCC,-9.38,99.8,271,109.2,285,70,203,11/18/24 0:00
285,UMBC,AE,-9.42,103.4,185,112.8,347,72.2,68,11/18/24 0:00
286,Lehigh,PL,-9.48,100.4,258,109.8,301,70.1,193,11/18/24 0:00
287,Western Carolina,SC,-9.54,96.6,319,106.2,214,71.4,105,11/18/24 0:00
288,Incarnate Word,Slnd,-9.69,103.2,189,112.9,348,70.1,197,11/18/24 0:00
289,Lamar,Slnd,-9.74,101.7,223,111.4,329,70.5,166,11/18/24 0:00
290,Cal Poly,BW,-9.76,96.3,325,106.1,212,73.5,26,11/18/24 0:00
291,San Diego,WCC,-9.79,95.8,334,105.6,201,73.6,22,11/18/24 0:00
292,Idaho,BSky,-9.79,100.3,260,110.1,304,69.3,237,11/18/24 0:00
293,Monmouth,CAA,-9.91,102,212,111.9,338,71.5,101,11/18/24 0:00
294,Tennessee St.,OVC,-9.95,98.5,290,108.5,274,71.9,80,11/18/24 0:00
295,Siena,MAAC,-10.03,97.5,306,107.5,246,67.5,332,11/18/24 0:00
296,Stony Brook,CAA,-10.19,100.4,257,110.6,315,69.6,224,11/18/24 0:00
297,Queens,ASun,-10.19,96.9,313,107.1,236,74.3,15,11/18/24 0:00
298,Northwestern St.,Slnd,-10.32,99.4,277,109.7,298,68.9,262,11/18/24 0:00
299,Cal St. Fullerton,BW,-10.38,96.6,321,107,234,68.6,283,11/18/24 0:00
300,Morehead St.,OVC,-10.54,96,332,106.5,220,69.2,245,11/18/24 0:00
301,South Carolina St.,MEAC,-10.66,97,312,107.6,250,72.1,73,11/18/24 0:00
302,Tarleton St.,WAC,-10.8,96.8,314,107.6,251,70.8,140,11/18/24 0:00
303,Navy,PL,-10.85,100,266,110.9,322,70.2,187,11/18/24 0:00
304,Denver,Sum,-10.88,98.9,284,109.8,300,72.4,60,11/18/24 0:00
305,Wagner,NEC,-10.91,92.8,356,103.7,146,64.6,362,11/18/24 0:00
306,Air Force,MWC,-10.97,101.1,239,112,339,63.6,364,11/18/24 0:00
307,Coastal Carolina,SB,-11,97.2,310,108.2,268,66.6,348,11/18/24 0:00
308,Northern Illinois,MAC,-11.01,97.3,308,108.3,271,70,202,11/18/24 0:00
309,Utah Tech,WAC,-11.57,98.5,289,110.1,306,72.3,62,11/18/24 0:00
310,Holy Cross,PL,-11.58,102.6,198,114.2,356,67.4,334,11/18/24 0:00
311,Old Dominion,SB,-11.6,98.6,287,110.2,310,71.1,124,11/18/24 0:00
312,Eastern Michigan,MAC,-11.61,95.8,333,107.4,244,68.5,291,11/18/24 0:00
313,Sacramento St.,BSky,-11.88,95.1,344,107,232,66.9,346,11/18/24 0:00
314,Tennessee Martin,OVC,-12.14,95.4,338,107.6,248,72.4,61,11/18/24 0:00
315,Manhattan,MAAC,-12.2,98.4,292,110.6,316,70.6,159,11/18/24 0:00
316,Charleston Southern,BSth,-12.22,98.7,286,110.9,325,71.5,95,11/18/24 0:00
317,Southern Indiana,OVC,-12.37,97.9,301,110.3,312,69.1,255,11/18/24 0:00
318,Western Michigan,MAC,-12.53,98.9,282,111.5,330,69.9,206,11/18/24 0:00
319,Loyola MD,PL,-12.55,94.7,347,107.3,241,70.7,150,11/18/24 0:00
320,The Citadel,SC,-12.73,96.1,331,108.8,281,68.7,276,11/18/24 0:00
,,,,,Strength of Schedule,NCSOS,,,,11/18/24 0:00
Rk,Team,Conf,NetRtg,ORtg,DRtg,AdjT,Luck,NetRtg,ORtg,11/18/24 0:00
321,Jackson St.,SWAC,-12.76,97.2,311,110,302,71.5,98,11/18/24 0:00
322,Western Illinois,OVC,-12.77,96.8,316,109.5,294,66.4,352,11/18/24 0:00
323,Southeast Missouri,OVC,-13.06,96.7,318,109.7,299,73.3,28,11/18/24 0:00
324,Eastern Illinois,OVC,-13.32,95.3,341,108.6,279,69.5,228,11/18/24 0:00
325,Binghamton,AE,-13.48,98.1,299,111.6,332,69.2,249,11/18/24 0:00
326,Hampton,CAA,-13.49,95.7,336,109.2,287,68.5,290,11/18/24 0:00
327,USC Upstate,BSth,-13.63,99.9,270,113.5,353,72.4,59,11/18/24 0:00
328,Louisiana Monroe,SB,-13.82,94.4,348,108.2,267,70,198,11/18/24 0:00
329,Stetson,ASun,-13.99,98.1,298,112.1,340,69.3,235,11/18/24 0:00
330,Morgan St.,MEAC,-14.05,98.4,293,112.5,344,72.9,46,11/18/24 0:00
331,Bellarmine,ASun,-14.06,99.1,279,113.2,351,67.5,331,11/18/24 0:00
332,Niagara,MAAC,-14.48,97.2,309,111.7,334,69.2,248,11/18/24 0:00
333,LIU,NEC,-14.57,96.3,324,110.9,324,71.4,104,11/18/24 0:00
334,Buffalo,MAC,-14.63,97.8,303,112.4,343,73,38,11/18/24 0:00
335,Central Arkansas,ASun,-14.79,95.8,335,110.5,314,70.8,135,11/18/24 0:00
336,Sacred Heart,MAAC,-15.18,99.9,269,115.1,360,70.7,143,11/18/24 0:00
337,Saint Francis,NEC,-15.35,93.2,354,108.6,276,70.7,146,11/18/24 0:00
338,Tennessee Tech,OVC,-15.47,95.3,342,110.7,318,69.5,225,11/18/24 0:00
339,West Georgia,ASun,-15.49,96.2,327,111.7,335,70.4,172,11/18/24 0:00
340,VMI,SC,-15.55,94.8,346,110.3,313,73.2,31,11/18/24 0:00
341,Delaware St.,MEAC,-15.66,92.2,358,107.8,258,72.2,70,11/18/24 0:00
342,Le Moyne,NEC,-15.71,96.6,320,112.3,342,70,201,11/18/24 0:00
343,Detroit Mercy,Horz,-15.77,96.8,315,112.6,346,68.9,267,11/18/24 0:00
344,Alabama A&M,SWAC,-15.79,92,359,107.8,256,73.9,16,11/18/24 0:00
345,Mercyhurst,NEC,-15.89,94.9,345,110.8,319,67,345,11/18/24 0:00
346,Prairie View A&M,SWAC,-16.11,95.4,339,111.5,331,73.3,29,11/18/24 0:00
347,Fairleigh Dickinson,NEC,-16.71,98.6,288,115.3,361,73,39,11/18/24 0:00
348,Stonehill,NEC,-16.73,91.8,360,108.5,275,70.1,196,11/18/24 0:00
349,Dartmouth,Ivy,-16.75,93.5,352,110.2,311,70.5,167,11/18/24 0:00
350,Chicago St.,NEC,-17.07,92.9,355,110,303,71.5,102,11/18/24 0:00
351,Canisius,MAAC,-17.93,97.5,305,115.5,362,68.6,285,11/18/24 0:00
352,Texas A&M Commerce,Slnd,-17.98,92.7,357,110.7,317,71.5,100,11/18/24 0:00
353,Alcorn St.,SWAC,-18.69,96.1,328,114.8,359,67.9,322,11/18/24 0:00
354,Lindenwood,OVC,-19.13,95.1,343,114.3,357,69.2,243,11/18/24 0:00
355,New Hampshire,AE,-19.36,93.7,350,113.1,349,69.8,213,11/18/24 0:00
356,Florida A&M,SWAC,-19.37,91.8,361,111.2,328,71.5,103,11/18/24 0:00
357,Houston Christian,Slnd,-19.48,93.6,351,113.1,350,70.3,181,11/18/24 0:00
358,IU Indy,Horz,-19.81,96.1,329,115.9,363,70.3,180,11/18/24 0:00
359,New Orleans,Slnd,-20.08,93.3,353,113.4,352,72.1,75,11/18/24 0:00
360,NJIT,AE,-20.36,91.4,362,111.8,336,67.1,341,11/18/24 0:00
,,,,,Strength of Schedule,NCSOS,,,,11/18/24 0:00
Rk,Team,Conf,NetRtg,ORtg,DRtg,AdjT,Luck,NetRtg,ORtg,11/18/24 0:00
361,Maryland Eastern Shore,MEAC,-20.4,94.2,349,114.6,358,69.5,226,11/18/24 0:00
362,Arkansas Pine Bluff,SWAC,-21.99,95.3,340,117.3,364,71.9,84,11/18/24 0:00
363,Coppin St.,MEAC,-23.51,85.9,364,109.5,290,69.6,222,11/18/24 0:00
364,Mississippi Valley St.,SWAC,-27.84,86.3,363,114.2,355,68.8,273,11/18/24 0:00
1,Auburn,SEC,30.78,122.3,2,91.6,6,70.2,166,11/19/24 0:00
2,Houston,B12,30.23,119.9,5,89.7,1,66.1,351,11/19/24 0:00
3,Gonzaga,WCC,30,125.2,1,95.2,22,72.3,52,11/19/24 0:00
4,Duke,ACC,27.98,118.2,10,90.2,2,70.4,148,11/19/24 0:00
5,Connecticut,BE,26.54,118.9,7,92.4,7,68,298,11/19/24 0:00
6,Tennessee,SEC,26.06,116.9,16,90.9,4,69.3,224,11/19/24 0:00
7,Kansas,B12,24.92,118.4,9,93.5,11,71.6,79,11/19/24 0:00
8,Iowa St.,B12,24.63,115.1,30,90.5,3,69.7,203,11/19/24 0:00
9,Texas Tech,B12,23.58,117.5,12,93.9,15,68.3,280,11/19/24 0:00
10,Alabama,SEC,23.36,120,4,96.7,44,73.5,19,11/19/24 0:00
11,Cincinnati,B12,22.89,116.8,17,93.9,13,68.6,266,11/19/24 0:00
12,Purdue,B10,22.76,120.9,3,98.2,61,67.9,304,11/19/24 0:00
13,Baylor,B12,22.75,119.5,6,96.7,46,68.3,283,11/19/24 0:00
14,North Carolina,ACC,22.49,118.8,8,96.3,36,74,13,11/19/24 0:00
15,Texas A&M,SEC,22.23,116.7,19,94.4,18,67.9,302,11/19/24 0:00
16,Pittsburgh,ACC,21.92,115.9,24,94,16,70,179,11/19/24 0:00
17,Arizona,B12,21.72,117.4,13,95.6,31,75.1,5,11/19/24 0:00
18,St. John's,BE,21.6,116,22,94.4,17,70.6,133,11/19/24 0:00
19,Creighton,BE,21.29,117.3,14,96,34,70.8,121,11/19/24 0:00
20,Florida,SEC,20.97,118.2,11,97.2,51,72.3,53,11/19/24 0:00
21,Marquette,BE,20.42,115.6,25,95.2,23,71.3,94,11/19/24 0:00
22,Kentucky,SEC,20.28,116.3,21,96.1,35,73.2,24,11/19/24 0:00
23,UCLA,B10,19.93,111.4,57,91.5,5,67.8,311,11/19/24 0:00
24,Texas,SEC,19.72,115.2,28,95.5,29,69.8,193,11/19/24 0:00
25,Illinois,B10,19.71,114.8,34,95.1,21,72.5,47,11/19/24 0:00
26,Ohio St.,B10,19.67,115,32,95.3,24,69.5,208,11/19/24 0:00
27,Michigan,B10,19.38,114.7,35,95.4,26,71.1,104,11/19/24 0:00
28,Mississippi St.,SEC,19.23,114.9,33,95.6,30,70.4,140,11/19/24 0:00
29,BYU,B12,19.2,116.5,20,97.3,52,70.9,118,11/19/24 0:00
30,Oregon,B10,18.29,113.6,42,95.3,25,69.7,198,11/19/24 0:00
31,Indiana,B10,18.2,113.8,38,95.6,32,71.7,76,11/19/24 0:00
32,Penn St.,B10,18.07,113.6,43,95.5,28,74.1,12,11/19/24 0:00
33,Arkansas,SEC,17.87,111.1,61,93.2,10,71,114,11/19/24 0:00
34,VCU,A10,17.82,110.6,67,92.8,8,70.2,162,11/19/24 0:00
35,Boise St.,MWC,17.68,115,31,97.3,54,69.2,229,11/19/24 0:00
36,Memphis,Amer,17.34,113.7,41,96.4,37,73.2,25,11/19/24 0:00
37,Maryland,B10,17.33,110.9,64,93.5,12,68.7,259,11/19/24 0:00
38,Michigan St.,B10,16.77,110.7,65,93.9,14,70.4,142,11/19/24 0:00
39,Nevada,MWC,16.75,113.8,39,97,49,67.4,322,11/19/24 0:00
40,Wisconsin,B10,16.74,116.8,18,100,83,68.9,239,11/19/24 0:00
,,,,,Strength of Schedule,NCSOS,,,,11/19/24 0:00
Rk,Team,Conf,NetRtg,ORtg,DRtg,AdjT,Luck,NetRtg,ORtg,11/19/24 0:00
41,LSU,SEC,16.7,113.4,44,96.7,45,71,111,11/19/24 0:00
42,Saint Mary's,WCC,16.47,117.2,15,100.7,88,66,353,11/19/24 0:00
43,Dayton,A10,16.44,112.1,53,95.7,33,68.6,264,11/19/24 0:00
44,Xavier,BE,16.2,115.2,29,99,72,70.2,169,11/19/24 0:00
45,Iowa,B10,16.1,115.5,26,99.4,77,72.6,42,11/19/24 0:00
46,Clemson,ACC,16.03,114.3,36,98.2,67,68.8,248,11/19/24 0:00
47,Miami FL,ACC,15.41,115.9,23,100.5,87,70.1,170,11/19/24 0:00
48,Oklahoma,SEC,15.1,110.5,69,95.5,27,69.9,186,11/19/24 0:00
49,Utah St.,MWC,14.43,115.4,27,100.9,90,72.1,60,11/19/24 0:00
50,Mississippi,SEC,14,113.8,40,99.8,80,68.5,268,11/19/24 0:00
51,Northwestern,B10,13.93,110.4,70,96.5,40,66.9,337,11/19/24 0:00
52,Notre Dame,ACC,13.54,112.2,50,98.7,70,68.1,296,11/19/24 0:00
53,San Francisco,WCC,13.52,112.1,52,98.6,69,70.7,130,11/19/24 0:00
54,Utah,B12,13.46,111.7,54,98.2,66,71.5,84,11/19/24 0:00
55,Arizona St.,B12,13.24,109.9,78,96.7,43,70.4,153,11/19/24 0:00
56,UCF,B12,13.07,110.4,71,97.3,53,70.8,123,11/19/24 0:00
57,Missouri,SEC,13.03,113.2,45,100.1,84,68.9,243,11/19/24 0:00
58,UC Irvine,BW,12.94,107.8,112,94.9,20,70.3,155,11/19/24 0:00
59,New Mexico,MWC,12.86,110.6,68,97.7,56,75.6,1,11/19/24 0:00
60,San Diego St.,MWC,12.84,107.4,122,94.6,19,68.2,287,11/19/24 0:00
61,N.C. State,ACC,12.72,111.4,56,98.7,71,71.5,87,11/19/24 0:00
62,TCU,B12,12.45,109.8,80,97.4,55,70.6,132,11/19/24 0:00
63,Rutgers,B10,12.03,110.2,72,98.2,65,70.1,172,11/19/24 0:00
64,Nebraska,B10,12.02,108.5,105,96.4,38,71.1,107,11/19/24 0:00
65,Kansas St.,B12,11.94,108.8,96,96.9,48,69,236,11/19/24 0:00
66,Stanford,ACC,11.78,113.1,46,101.3,97,67.3,324,11/19/24 0:00
67,Georgia,SEC,11.62,111.4,58,99.8,81,70.5,136,11/19/24 0:00
68,Louisville,ACC,11.53,109.6,83,98.1,60,71.9,67,11/19/24 0:00
69,SMU,ACC,11.43,112.8,47,101.4,100,72.6,41,11/19/24 0:00
70,Colorado,B12,10.93,109.1,91,98.2,64,69.2,228,11/19/24 0:00
71,South Carolina,SEC,10.84,109,92,98.2,62,68.3,281,11/19/24 0:00
72,Liberty,CUSA,10.73,107.2,125,96.5,41,65.6,356,11/19/24 0:00
73,Villanova,BE,10.68,112.5,48,101.8,110,68.1,290,11/19/24 0:00
74,North Texas,Amer,10.36,107.5,121,97.1,50,64.9,359,11/19/24 0:00
75,Minnesota,B10,10,108,111,98,59,64.8,360,11/19/24 0:00
76,USC,B10,9.95,111.3,60,101.4,101,70.4,152,11/19/24 0:00
77,Virginia,ACC,9.95,106.8,133,96.8,47,64.2,362,11/19/24 0:00
78,Wake Forest,ACC,9.62,107.8,114,98.2,63,70.3,159,11/19/24 0:00
79,Grand Canyon,WAC,9.5,111.4,59,101.8,111,71.6,80,11/19/24 0:00
80,Florida Atlantic,Amer,9.38,113.9,37,104.5,163,72.5,44,11/19/24 0:00
,,,,,Strength of Schedule,NCSOS,,,,11/19/24 0:00
Rk,Team,Conf,NetRtg,ORtg,DRtg,AdjT,Luck,NetRtg,ORtg,11/19/24 0:00
81,Providence,BE,9.18,105.7,151,96.6,42,67.6,315,11/19/24 0:00
82,Louisiana Tech,CUSA,9.17,110.1,74,101,91,67.7,314,11/19/24 0:00
83,Loyola Chicago,A10,9.16,107.6,119,98.4,68,71.2,99,11/19/24 0:00
84,Washington,B10,9.08,105.6,156,96.5,39,71.1,106,11/19/24 0:00
85,West Virginia,B12,8.7,108.7,99,100,82,70.5,134,11/19/24 0:00
86,Princeton,Ivy,8.58,111.6,55,103,125,68.5,271,11/19/24 0:00
87,Vanderbilt,SEC,8.52,112.2,51,103.7,140,71.7,77,11/19/24 0:00
88,Butler,BE,8.41,109.4,87,101,94,68.9,244,11/19/24 0:00
89,Washington St.,WCC,8.35,109.6,84,101.2,96,72.3,51,11/19/24 0:00
90,Florida St.,ACC,8.2,106,145,97.8,57,72.8,34,11/19/24 0:00
91,Oklahoma St.,B12,8.15,107.4,123,99.2,75,73.6,17,11/19/24 0:00
92,Murray St.,MVC,8.14,111,63,102.9,123,68.4,274,11/19/24 0:00
93,Wichita St.,Amer,7.48,109.2,89,101.8,108,71.4,91,11/19/24 0:00
94,Colorado St.,MWC,7.33,108.2,107,100.9,89,68.7,258,11/19/24 0:00
95,UNLV,MWC,7.31,110.7,66,103.4,135,69.3,221,11/19/24 0:00
96,George Mason,A10,7.29,106.4,138,99.1,73,68.3,282,11/19/24 0:00
97,Seton Hall,BE,7.23,100.4,263,93.2,9,65.3,358,11/19/24 0:00
98,Oregon St.,WCC,6.99,106.4,139,99.4,76,66.9,338,11/19/24 0:00
99,Saint Joseph's,A10,6.91,108.5,102,101.6,106,71.3,93,11/19/24 0:00
100,Bradley,MVC,6.86,108.9,94,102.1,118,68.8,251,11/19/24 0:00
101,McNeese,Slnd,6.65,107.6,117,101,92,69,238,11/19/24 0:00
102,UAB,Amer,6.61,110.1,73,103.5,139,70.7,129,11/19/24 0:00
103,Yale,Ivy,6.59,109.8,81,103.2,130,68.8,247,11/19/24 0:00
104,Arkansas St.,SB,6.56,106.7,134,100.2,85,70.8,126,11/19/24 0:00
105,Georgia Tech,ACC,6.45,108.2,108,101.7,107,72.8,35,11/19/24 0:00
106,Syracuse,ACC,6.3,111.1,62,104.8,173,72.5,48,11/19/24 0:00
107,Rhode Island,A10,6.17,109.4,88,103.2,133,72.1,58,11/19/24 0:00
108,High Point,BSth,5.99,112.3,49,106.3,209,67.9,303,11/19/24 0:00
109,Virginia Tech,ACC,5.68,106.8,132,101.1,95,67.9,307,11/19/24 0:00
110,Sam Houston St.,CUSA,5.54,110,77,104.4,160,70.8,122,11/19/24 0:00
111,St. Bonaventure,A10,5.18,107,130,101.8,109,67.9,305,11/19/24 0:00
112,DePaul,BE,4.92,108.1,109,103.2,131,68.8,254,11/19/24 0:00
113,Purdue Fort Wayne,Horz,4.67,108.7,98,104.1,150,71.4,88,11/19/24 0:00
114,UC Santa Barbara,BW,4.58,108.3,106,103.7,142,69.5,212,11/19/24 0:00
115,California,ACC,4.38,106.3,141,101.9,113,71.1,100,11/19/24 0:00
116,Georgetown,BE,4.24,109.8,79,105.6,192,69,233,11/19/24 0:00
117,Saint Louis,A10,4.13,109.5,85,105.4,187,72.1,59,11/19/24 0:00
118,Temple,Amer,4.01,108.1,110,104.1,152,69.5,216,11/19/24 0:00
119,La Salle,A10,3.89,105.2,160,101.3,99,70,180,11/19/24 0:00
120,Davidson,A10,3.66,108.8,97,105.1,176,68.8,253,11/19/24 0:00
,,,,,Strength of Schedule,NCSOS,,,,11/19/24 0:00
Rk,Team,Conf,NetRtg,ORtg,DRtg,AdjT,Luck,NetRtg,ORtg,11/19/24 0:00
121,South Florida,Amer,3.61,105.5,157,101.9,114,70.9,116,11/19/24 0:00
122,Troy,SB,3.54,101.5,237,97.9,58,71.5,85,11/19/24 0:00
123,Santa Clara,WCC,3.45,109.1,90,105.7,195,70.4,150,11/19/24 0:00
124,Drake,MVC,3.25,104.8,167,101.5,104,68,301,11/19/24 0:00
125,Western Kentucky,CUSA,2.98,102.1,216,99.1,74,74.6,9,11/19/24 0:00
126,Charleston,CAA,2.9,107.3,124,104.4,159,72.3,50,11/19/24 0:00
127,Vermont,AE,2.89,102.4,210,99.5,78,66.1,350,11/19/24 0:00
128,UMass Lowell,AE,2.83,107.5,120,104.7,169,72.6,38,11/19/24 0:00
129,Lipscomb,ASun,2.79,106.5,137,103.7,141,70.3,156,11/19/24 0:00
130,Northern Iowa,MVC,2.74,107,129,104.3,155,68.2,285,11/19/24 0:00
131,Kent St.,MAC,2.73,105.8,149,103,129,67.6,317,11/19/24 0:00
132,Seattle,WAC,2.63,106.7,136,104,149,69.3,222,11/19/24 0:00
133,Hofstra,CAA,2.6,104.6,171,102,117,67.4,323,11/19/24 0:00
134,Southern Illinois,MVC,2.51,104.4,176,101.9,112,71.5,83,11/19/24 0:00
135,Massachusetts,A10,2.49,105,162,102.5,120,71.8,70,11/19/24 0:00
136,Charlotte,Amer,2.29,108.5,103,106.2,208,65.8,355,11/19/24 0:00
137,UC San Diego,BW,2.28,107.8,113,105.5,189,68,300,11/19/24 0:00
138,Akron,MAC,2.26,104.4,175,102.2,119,70.3,157,11/19/24 0:00
139,East Carolina,Amer,2.14,106,144,103.9,145,66.6,347,11/19/24 0:00
140,UC Riverside,BW,2.11,107.1,128,105,174,69.9,185,11/19/24 0:00
141,Toledo,MAC,1.96,110,75,108.1,257,72,65,11/19/24 0:00
142,Utah Valley,WAC,1.87,103.2,197,101.3,98,70.7,127,11/19/24 0:00
143,Northeastern,CAA,1.84,106,143,104.2,154,69.5,211,11/19/24 0:00
144,Boston College,ACC,1.81,105.2,159,103.4,136,68.7,261,11/19/24 0:00
145,Furman,SC,1.76,105.8,148,104.1,151,70,182,11/19/24 0:00
146,George Washington,A10,1.74,107.6,118,105.9,199,71.4,92,11/19/24 0:00
147,Samford,SC,1.6,109,93,107.4,235,75.2,3,11/19/24 0:00
148,Towson,CAA,1.53,104.5,174,102.9,124,67.3,326,11/19/24 0:00
149,Loyola Marymount,WCC,1.1,105.7,153,104.6,166,68.1,293,11/19/24 0:00
150,Belmont,MVC,0.67,107.7,116,107.1,226,71,113,11/19/24 0:00
151,Texas St.,SB,0.57,102,220,101.5,103,68.4,276,11/19/24 0:00
152,Tulsa,Amer,0.52,107.1,127,106.6,216,72.1,57,11/19/24 0:00
153,New Mexico St.,CUSA,0.35,103.4,193,103,128,69,235,11/19/24 0:00
154,Bryant,AE,0.34,103.4,195,103,126,75.2,4,11/19/24 0:00
155,Middle Tennessee,CUSA,0.19,101.6,233,101.4,102,69.7,196,11/19/24 0:00
156,Columbia,Ivy,0.17,110,76,109.8,292,69.6,205,11/19/24 0:00
157,Cal Baptist,WAC,0.05,108.5,104,108.4,267,67.3,327,11/19/24 0:00
158,Northern Colorado,BSky,-0.05,105.6,155,105.7,194,70.6,131,11/19/24 0:00
159,Tulane,Amer,-0.24,104.9,163,105.2,179,71,112,11/19/24 0:00
160,UNC Wilmington,CAA,-0.34,106.2,142,106.5,215,70.4,141,11/19/24 0:00
,,,,,Strength of Schedule,NCSOS,,,,11/19/24 0:00
Rk,Team,Conf,NetRtg,ORtg,DRtg,AdjT,Luck,NetRtg,ORtg,11/19/24 0:00
161,UC Davis,BW,-0.38,101.1,246,101.5,105,73.1,28,11/19/24 0:00
162,Ohio,MAC,-0.4,109.7,82,110.1,300,70.3,160,11/19/24 0:00
163,North Alabama,ASun,-0.55,106.7,135,107.2,230,70.7,128,11/19/24 0:00
164,Wofford,SC,-0.56,108.6,101,109.2,281,66.3,348,11/19/24 0:00
165,Marshall,SB,-0.65,103.8,185,104.5,162,71.6,82,11/19/24 0:00
166,Fordham,A10,-0.77,101.2,244,102,116,71.6,81,11/19/24 0:00
167,UNC Greensboro,SC,-0.78,104.3,177,105.1,177,68,297,11/19/24 0:00
168,Illinois Chicago,MVC,-0.83,105,161,105.9,198,71.3,97,11/19/24 0:00
169,Chattanooga,SC,-0.94,106,146,106.9,223,69.8,195,11/19/24 0:00
170,UT Arlington,WAC,-0.97,108.6,100,109.6,288,72.9,30,11/19/24 0:00
171,North Florida,ASun,-1.05,109.5,86,110.6,311,70.8,124,11/19/24 0:00
172,Cornell,Ivy,-1.09,107.8,115,108.9,277,72.8,31,11/19/24 0:00
173,St. Thomas,Sum,-1.18,106.8,131,108,255,68.7,260,11/19/24 0:00
174,UNC Asheville,BSth,-1.25,107.2,126,108.4,266,70.1,175,11/19/24 0:00
175,James Madison,SB,-1.37,104.2,178,105.6,191,68.7,257,11/19/24 0:00
176,Longwood,BSth,-1.46,100.5,261,101.9,115,70,178,11/19/24 0:00
177,Hawaii,BW,-1.48,103.6,189,105.1,175,67.6,319,11/19/24 0:00
178,Winthrop,BSth,-1.51,102.3,211,103.8,143,72.6,39,11/19/24 0:00
179,East Tennessee St.,SC,-1.66,106,147,107.6,243,67.9,306,11/19/24 0:00
180,Youngstown St.,Horz,-1.79,102.6,206,104.4,158,70.3,161,11/19/24 0:00
181,Louisiana,SB,-1.79,102.2,213,104,148,71.3,96,11/19/24 0:00
182,Jacksonville St.,CUSA,-1.94,102.8,205,104.7,170,68.1,294,11/19/24 0:00
183,Stephen F. Austin,Slnd,-1.99,99,284,101,93,68.6,263,11/19/24 0:00
184,Appalachian St.,SB,-2.02,101.2,240,103.3,134,69.6,204,11/19/24 0:00
185,Wright St.,Horz,-2.14,105.7,154,107.9,250,71,115,11/19/24 0:00
186,Northern Kentucky,Horz,-2.21,98.2,300,100.4,86,68.8,252,11/19/24 0:00
187,Illinois St.,MVC,-2.22,103.8,187,106,202,67.8,310,11/19/24 0:00
188,South Dakota St.,Sum,-2.33,104.7,170,107,225,70.9,117,11/19/24 0:00
189,Kennesaw St.,CUSA,-2.33,105.8,150,108.1,258,74.2,10,11/19/24 0:00
190,Jacksonville,ASun,-2.35,100.9,251,103.2,132,68.2,288,11/19/24 0:00
191,Saint Peter's,MAAC,-2.37,100.3,265,102.7,121,65.3,357,11/19/24 0:00
192,Cleveland St.,Horz,-2.47,102.9,201,105.3,185,69.5,215,11/19/24 0:00
193,Missouri St.,MVC,-2.53,100.3,264,102.9,122,69.7,202,11/19/24 0:00
194,Duquesne,A10,-2.59,102,219,104.6,168,69.8,191,11/19/24 0:00
195,Drexel,CAA,-2.64,101.8,228,104.4,161,67.1,332,11/19/24 0:00
196,Oakland,Horz,-2.81,101.6,234,104.4,157,67.1,331,11/19/24 0:00
197,Abilene Christian,WAC,-2.89,101,248,103.9,144,71,110,11/19/24 0:00
198,Norfolk St.,MEAC,-2.93,104,182,106.9,222,68,299,11/19/24 0:00
199,UT Rio Grande Valley,Slnd,-2.98,105.4,158,108.4,265,72.5,46,11/19/24 0:00
200,William & Mary,CAA,-2.98,106.3,140,109.3,283,73.2,26,11/19/24 0:00
,,,,,Strength of Schedule,NCSOS,,,,11/19/24 0:00
Rk,Team,Conf,NetRtg,ORtg,DRtg,AdjT,Luck,NetRtg,ORtg,11/19/24 0:00
201,Central Michigan,MAC,-3.01,100.5,262,103.5,137,69.5,210,11/19/24 0:00
202,Georgia Southern,SB,-3.01,103.4,194,106.4,212,75.5,2,11/19/24 0:00
203,South Alabama,SB,-3.11,101.7,232,104.8,172,67.6,316,11/19/24 0:00
204,Radford,BSth,-3.15,108.9,95,112.1,336,66.9,339,11/19/24 0:00
205,Merrimack,MAAC,-3.15,96.6,326,99.7,79,67.6,318,11/19/24 0:00
206,Nicholls,Slnd,-3.17,101.2,243,104.4,156,69.6,207,11/19/24 0:00
207,Montana,BSky,-3.17,105.7,152,108.9,279,68.8,250,11/19/24 0:00
208,Richmond,A10,-3.26,99.8,275,103,127,69,234,11/19/24 0:00
209,Indiana St.,MVC,-3.28,104.2,180,107.4,238,74.1,11,11/19/24 0:00
210,Portland St.,BSky,-3.35,101.9,224,105.3,184,75,6,11/19/24 0:00
211,CSUN,BW,-3.45,101.2,245,104.6,167,74.6,8,11/19/24 0:00
212,Southern Utah,WAC,-3.45,102.6,207,106.1,204,71.8,72,11/19/24 0:00
213,Miami OH,MAC,-3.49,104,181,107.5,240,69.5,214,11/19/24 0:00
214,Wyoming,MWC,-3.49,102.4,209,105.9,201,68.5,272,11/19/24 0:00
215,Texas A&M Corpus Chris,Slnd,-3.53,103.9,183,107.5,239,73.3,23,11/19/24 0:00
216,Southern Miss,SB,-3.88,101.6,235,105.5,188,72,64,11/19/24 0:00
217,Kansas City,Sum,-3.92,102.2,215,106.1,205,68.8,249,11/19/24 0:00
218,Iona,MAAC,-3.96,102.2,214,106.1,206,70.4,151,11/19/24 0:00
219,Georgia St.,SB,-3.96,102.1,217,106,203,70.8,120,11/19/24 0:00
220,Howard,MEAC,-4.08,103.9,184,107.9,253,68.7,255,11/19/24 0:00
221,UTEP,CUSA,-4.17,99.9,273,104.1,153,72.2,56,11/19/24 0:00
222,Montana St.,BSky,-4.19,103.2,196,107.4,236,70.2,168,11/19/24 0:00
223,Austin Peay,ASun,-4.27,102.6,208,106.9,221,67.9,308,11/19/24 0:00
224,Milwaukee,Horz,-4.52,103.1,198,107.7,244,72.8,33,11/19/24 0:00
225,Florida Gulf Coast,ASun,-4.57,100.8,253,105.4,186,66.8,340,11/19/24 0:00
226,Grambling St.,SWAC,-4.6,99.3,281,103.9,146,69.4,217,11/19/24 0:00
227,Bucknell,PL,-4.62,100.6,256,105.3,183,69.4,218,11/19/24 0:00
228,Rice,Amer,-4.86,100.8,254,105.6,193,68.6,262,11/19/24 0:00
229,Little Rock,OVC,-4.94,101.9,225,106.9,220,70.5,135,11/19/24 0:00
230,Albany,AE,-4.96,101.2,241,106.2,207,71.5,86,11/19/24 0:00
231,Gardner Webb,BSth,-5.15,103.5,191,108.6,270,70.3,154,11/19/24 0:00
232,SIUE,OVC,-5.2,100.6,259,105.8,196,68.3,279,11/19/24 0:00
233,Quinnipiac,MAAC,-5.24,99.3,280,104.6,165,72.6,40,11/19/24 0:00
234,Weber St.,BSky,-5.71,101.2,242,106.9,224,67.4,321,11/19/24 0:00
235,Colgate,PL,-5.89,98.9,289,104.7,171,69.3,220,11/19/24 0:00
236,Eastern Kentucky,ASun,-5.91,104.5,173,110.4,305,70,177,11/19/24 0:00
237,Idaho St.,BSky,-5.98,98.6,294,104.5,164,67.3,325,11/19/24 0:00
238,Rider,MAAC,-6.02,101.8,229,107.8,247,68.6,267,11/19/24 0:00
239,Marist,MAAC,-6.04,103.8,186,109.9,295,67,334,11/19/24 0:00
240,Ball St.,MAC,-6.21,102.1,218,108.3,261,70.5,138,11/19/24 0:00
,,,,,Strength of Schedule,NCSOS,,,,11/19/24 0:00
Rk,Team,Conf,NetRtg,ORtg,DRtg,AdjT,Luck,NetRtg,ORtg,11/19/24 0:00
241,Pepperdine,WCC,-6.32,102.3,212,108.6,268,70.2,163,11/19/24 0:00
242,North Dakota,Sum,-6.47,101.8,227,108.3,262,70.4,139,11/19/24 0:00
243,Delaware,CAA,-6.47,100.6,258,107.1,227,72.2,55,11/19/24 0:00
244,Cal St. Bakersfield,BW,-6.48,101.3,239,107.8,246,67.7,313,11/19/24 0:00
245,Eastern Washington,BSky,-6.5,104.7,168,111.2,327,72.2,54,11/19/24 0:00
246,South Dakota,Sum,-6.51,104.8,165,111.3,328,73.4,20,11/19/24 0:00
247,Maine,AE,-6.53,97,318,103.5,138,68.5,270,11/19/24 0:00
248,North Carolina A&T,CAA,-6.62,101.7,230,108.4,264,72.5,45,11/19/24 0:00
249,Brown,Ivy,-6.64,102,221,108.6,271,68.4,275,11/19/24 0:00
250,North Dakota St.,Sum,-6.66,104.6,172,111.2,325,67,335,11/19/24 0:00
251,Central Connecticut,NEC,-6.71,98.5,297,105.2,181,68.1,292,11/19/24 0:00
252,American,PL,-6.94,104.7,169,111.7,330,63.9,363,11/19/24 0:00
253,Boston University,PL,-7.08,100.3,268,107.3,233,67,336,11/19/24 0:00
254,Bowling Green,MAC,-7.28,103.1,199,110.4,304,71.8,73,11/19/24 0:00
255,Mount St. Mary's,MAAC,-7.31,98.5,296,105.8,197,69.8,192,11/19/24 0:00
256,Mercer,SC,-7.34,100.9,250,108.2,260,73.3,22,11/19/24 0:00
257,Alabama St.,SWAC,-7.44,99.8,274,107.3,231,70,176,11/19/24 0:00
258,Northern Arizona,BSky,-7.5,101.9,226,109.4,284,67.9,309,11/19/24 0:00
259,Elon,CAA,-7.59,102.8,203,110.4,306,68.9,240,11/19/24 0:00
260,Oral Roberts,Sum,-7.68,103.5,190,111.2,322,69.3,225,11/19/24 0:00
261,Pacific,WCC,-7.79,99.3,279,107.1,228,71.4,89,11/19/24 0:00
262,Campbell,CAA,-7.8,100.2,269,108,254,68.1,295,11/19/24 0:00
263,Penn,Ivy,-7.97,104.8,164,112.8,345,66.8,341,11/19/24 0:00
264,Southeastern Louisiana,Slnd,-8.01,99.4,277,107.4,237,69.8,190,11/19/24 0:00
265,Valparaiso,MVC,-8.08,101.7,231,109.8,291,70.1,174,11/19/24 0:00
266,North Carolina Central,MEAC,-8.12,101.5,236,109.6,289,68.4,278,11/19/24 0:00
267,Evansville,MVC,-8.21,103,200,111.2,326,70.2,164,11/19/24 0:00
268,Army,PL,-8.22,102.9,202,111.1,321,66.6,343,11/19/24 0:00
269,Lafayette,PL,-8.3,98.5,295,106.8,219,67.3,329,11/19/24 0:00
270,UTSA,Amer,-8.39,100.8,252,109.2,282,72.8,32,11/19/24 0:00
271,Bethune Cookman,SWAC,-8.39,97.9,303,106.3,210,71.2,98,11/19/24 0:00
272,Monmouth,CAA,-8.48,101.9,223,110.4,308,70.8,119,11/19/24 0:00
273,Robert Morris,Horz,-8.55,96.7,323,105.3,182,69.3,226,11/19/24 0:00
274,Presbyterian,BSth,-8.55,104.2,179,112.7,344,66.7,342,11/19/24 0:00
275,Nebraska Omaha,Sum,-8.56,101,249,109.5,287,70.4,147,11/19/24 0:00
276,Southern,SWAC,-8.69,96.9,322,105.5,190,70.4,145,11/19/24 0:00
277,Harvard,Ivy,-8.75,99,285,107.8,248,69.9,184,11/19/24 0:00
278,Long Beach St.,BW,-8.81,101,247,109.8,294,68.2,284,11/19/24 0:00
279,San Jose St.,MWC,-8.86,100,272,108.8,275,65.9,354,11/19/24 0:00
280,Fresno St.,MWC,-8.87,96.3,330,105.2,180,74.8,7,11/19/24 0:00
,,,,,Strength of Schedule,NCSOS,,,,11/19/24 0:00
Rk,Team,Conf,NetRtg,ORtg,DRtg,AdjT,Luck,NetRtg,ORtg,11/19/24 0:00
281,FIU,CUSA,-8.94,97.5,308,106.5,214,73.9,15,11/19/24 0:00
282,Texas Southern,SWAC,-9.22,97.6,307,106.8,218,71,108,11/19/24 0:00
283,Green Bay,Horz,-9.25,104.8,166,114.1,354,69.9,187,11/19/24 0:00
284,Fairfield,MAAC,-9.33,95.8,338,105.2,178,70,181,11/19/24 0:00
285,Portland,WCC,-9.38,100.1,271,109.5,286,69.7,201,11/19/24 0:00
286,UMBC,AE,-9.42,103.7,188,113.1,347,71.9,68,11/19/24 0:00
287,Lehigh,PL,-9.49,100.6,257,110.1,301,69.8,194,11/19/24 0:00
288,Western Carolina,SC,-9.54,96.9,320,106.4,213,71.1,105,11/19/24 0:00
289,Idaho,BSky,-9.72,100.6,260,110.3,303,69,232,11/19/24 0:00
290,Lamar,Slnd,-9.74,101.9,222,111.7,331,70.2,165,11/19/24 0:00
291,Incarnate Word,Slnd,-9.76,103.4,192,113.2,348,69.5,209,11/19/24 0:00
292,Cal Poly,BW,-9.77,96.6,325,106.4,211,73.1,27,11/19/24 0:00
293,San Diego,WCC,-9.81,96.1,334,105.9,200,73.3,21,11/19/24 0:00
294,Tennessee St.,OVC,-9.88,98.9,287,108.8,273,71.7,78,11/19/24 0:00
295,Siena,MAAC,-10.01,97.5,309,107.5,241,67.2,330,11/19/24 0:00
296,Cal St. Fullerton,BW,-10.12,97,317,107.2,229,67.8,312,11/19/24 0:00
297,Stony Brook,CAA,-10.19,100.7,255,110.9,315,69.2,227,11/19/24 0:00
298,Queens,ASun,-10.2,97.2,313,107.4,234,73.9,14,11/19/24 0:00
299,Northwestern St.,Slnd,-10.35,99.6,276,110,296,68.5,269,11/19/24 0:00
300,Morehead St.,OVC,-10.54,96.2,332,106.8,217,68.9,242,11/19/24 0:00
301,South Carolina St.,MEAC,-10.68,97.2,311,107.9,252,71.8,74,11/19/24 0:00
302,Tarleton St.,WAC,-10.74,97.1,314,107.9,251,70.4,149,11/19/24 0:00
303,Northern Illinois,MAC,-10.82,97.8,305,108.6,269,69.7,199,11/19/24 0:00
304,Navy,PL,-10.85,100.3,266,111.2,323,69.8,188,11/19/24 0:00
305,Wagner,NEC,-10.9,93,356,103.9,147,64.3,361,11/19/24 0:00
306,Denver,Sum,-10.93,99.1,283,110.1,299,72.1,61,11/19/24 0:00
307,Coastal Carolina,SB,-10.96,97.7,306,108.6,272,66.2,349,11/19/24 0:00
308,Air Force,MWC,-11.01,101.3,238,112.3,337,63.2,364,11/19/24 0:00
309,Utah Tech,WAC,-11.57,98.8,290,110.4,307,72,63,11/19/24 0:00
310,Eastern Michigan,MAC,-11.59,96.1,333,107.7,245,68.1,291,11/19/24 0:00
311,Old Dominion,SB,-11.63,98.9,288,110.5,309,70.8,125,11/19/24 0:00
312,Holy Cross,PL,-11.71,102.8,204,114.5,356,67.1,333,11/19/24 0:00
313,Sacramento St.,BSky,-11.89,95.4,344,107.3,232,66.6,346,11/19/24 0:00
314,Tennessee Martin,OVC,-12.2,95.6,339,107.8,249,72,66,11/19/24 0:00
315,Manhattan,MAAC,-12.2,98.7,291,110.9,317,70.3,158,11/19/24 0:00
316,Charleston Southern,BSth,-12.3,98.7,292,111,320,71.4,90,11/19/24 0:00
317,Southern Indiana,OVC,-12.39,98.2,301,110.6,312,68.7,256,11/19/24 0:00
318,Western Michigan,MAC,-12.52,99.2,282,111.7,332,69.6,206,11/19/24 0:00
319,Loyola MD,PL,-12.6,95,346,107.6,242,70.4,143,11/19/24 0:00
320,The Citadel,SC,-12.73,96.4,329,109.1,280,68.4,277,11/19/24 0:00
,,,,,Strength of Schedule,NCSOS,,,,11/19/24 0:00
Rk,Team,Conf,NetRtg,ORtg,DRtg,AdjT,Luck,NetRtg,ORtg,11/19/24 0:00
321,Western Illinois,OVC,-12.77,97.1,316,109.8,293,66.1,352,11/19/24 0:00
322,Jackson St.,SWAC,-12.81,97.2,312,110,298,71.3,95,11/19/24 0:00
323,Southeast Missouri,OVC,-13.05,97,319,110,297,73,29,11/19/24 0:00
324,Eastern Illinois,OVC,-13.32,95.6,340,108.9,278,69.2,230,11/19/24 0:00
325,Hampton,CAA,-13.46,96,336,109.4,285,68.2,289,11/19/24 0:00
326,Binghamton,AE,-13.48,98.4,299,111.9,333,68.8,246,11/19/24 0:00
327,USC Upstate,BSth,-13.59,100.3,267,113.9,353,72.1,62,11/19/24 0:00
328,Stetson,ASun,-14,98.4,298,112.4,338,69,237,11/19/24 0:00
329,Morgan St.,MEAC,-14.09,98.6,293,112.7,343,72.5,43,11/19/24 0:00
330,Bellarmine,ASun,-14.12,99.4,278,113.5,351,67.3,328,11/19/24 0:00
331,Louisiana Monroe,SB,-14.18,94.2,349,108.3,263,69.8,189,11/19/24 0:00
332,Niagara,MAAC,-14.48,97.5,310,112,334,68.8,245,11/19/24 0:00
333,LIU,NEC,-14.58,96.6,324,111.2,324,71.1,103,11/19/24 0:00
334,Buffalo,MAC,-14.66,98,302,112.6,342,72.6,37,11/19/24 0:00
335,Central Arkansas,ASun,-14.79,96,335,110.8,314,70.5,137,11/19/24 0:00
336,Sacred Heart,MAAC,-15.19,100.2,270,115.4,360,70.4,144,11/19/24 0:00
337,Tennessee Tech,OVC,-15.27,95.5,341,110.8,313,69.3,223,11/19/24 0:00
338,Saint Francis,NEC,-15.35,93.5,354,108.8,276,70.4,146,11/19/24 0:00
339,West Georgia,ASun,-15.49,96.5,327,112,335,70.1,173,11/19/24 0:00
340,Delaware St.,MEAC,-15.66,92.5,358,108.1,259,71.8,71,11/19/24 0:00
341,Le Moyne,NEC,-15.72,96.9,321,112.6,340,69.7,200,11/19/24 0:00
342,Detroit Mercy,Horz,-15.78,97.1,315,112.9,346,68.6,265,11/19/24 0:00
343,Alabama A&M,SWAC,-15.78,92.3,359,108.1,256,73.6,18,11/19/24 0:00
344,Mercyhurst,NEC,-15.87,95.1,345,111,319,66.6,344,11/19/24 0:00
345,VMI,SC,-16.09,94.8,347,110.9,316,72.4,49,11/19/24 0:00
346,Fairleigh Dickinson,NEC,-16.69,98.9,286,115.6,361,72.6,36,11/19/24 0:00
347,Stonehill,NEC,-16.73,92.1,360,108.8,274,69.7,197,11/19/24 0:00
348,Dartmouth,Ivy,-16.76,93.8,352,110.5,310,70.2,167,11/19/24 0:00
349,Prairie View A&M,SWAC,-16.93,95.5,342,112.4,339,73.8,16,11/19/24 0:00
350,Chicago St.,NEC,-17.08,93.2,355,110.3,302,71.1,102,11/19/24 0:00
351,Canisius,MAAC,-17.94,97.8,304,115.8,362,68.2,286,11/19/24 0:00
352,Texas A&M Commerce,Slnd,-17.97,93,357,110.9,318,71.1,101,11/19/24 0:00
353,Alcorn St.,SWAC,-18.74,96.4,328,115.1,359,67.5,320,11/19/24 0:00
354,Lindenwood,OVC,-19.13,95.4,343,114.5,357,68.9,241,11/19/24 0:00
355,Florida A&M,SWAC,-19.33,92.1,361,111.4,329,71,109,11/19/24 0:00
356,New Hampshire,AE,-19.38,94,350,113.4,350,69.5,213,11/19/24 0:00
357,Houston Christian,Slnd,-19.47,93.9,351,113.4,349,70,183,11/19/24 0:00
358,IU Indy,Horz,-19.74,96.3,331,116,363,70.1,171,11/19/24 0:00
359,New Orleans,Slnd,-20.08,93.6,353,113.7,352,71.7,75,11/19/24 0:00
360,Maryland Eastern Shore,MEAC,-20.47,94.5,348,114.9,358,69.1,231,11/19/24 0:00
,,,,,Strength of Schedule,NCSOS,,,,11/19/24 0:00
Rk,Team,Conf,NetRtg,ORtg,DRtg,AdjT,Luck,NetRtg,ORtg,11/19/24 0:00
361,NJIT,AE,-20.71,91.9,362,112.6,341,66.6,345,11/19/24 0:00
362,Arkansas Pine Bluff,SWAC,-21.91,95.8,337,117.7,364,71.9,69,11/19/24 0:00
363,Coppin St.,MEAC,-23.56,86.1,364,109.7,290,69.4,219,11/19/24 0:00
364,Mississippi Valley St.,SWAC,-27.84,86.6,363,114.5,355,68.4,273,11/19/24 0:00
1,Auburn,SEC,30.69,122.3,2,91.6,5,70.1,160,11/20/24 0:00
2,Gonzaga,WCC,30.04,125.2,1,95.1,23,72.2,50,11/20/24 0:00
3,Houston,B12,29.93,119.7,4,89.8,1,66.1,350,11/20/24 0:00
4,Duke,ACC,28.14,118.2,9,90,2,70.3,146,11/20/24 0:00
5,Connecticut,BE,26.51,118.3,8,91.8,7,68.3,273,11/20/24 0:00
6,Tennessee,SEC,26.18,117.1,18,90.9,4,69.2,225,11/20/24 0:00
7,Iowa St.,B12,24.67,115.1,28,90.5,3,69.6,196,11/20/24 0:00
8,Kansas,B12,24.54,118.1,10,93.6,13,71.4,84,11/20/24 0:00
9,Texas Tech,B12,23.57,117.6,12,94,15,68.3,277,11/20/24 0:00
10,Cincinnati,B12,23.29,117.5,14,94.2,17,68.1,285,11/20/24 0:00
11,Alabama,SEC,23.12,120,3,96.9,48,73.4,17,11/20/24 0:00
12,Baylor,B12,22.78,119.5,5,96.7,45,68.2,280,11/20/24 0:00
13,Marquette,BE,22.69,115.7,25,93,10,71,102,11/20/24 0:00
14,North Carolina,ACC,22.46,118.7,7,96.3,38,74,14,11/20/24 0:00
15,Texas A&M,SEC,22.26,116.7,20,94.4,19,67.9,297,11/20/24 0:00
16,Pittsburgh,ACC,21.95,116,23,94.1,16,70,177,11/20/24 0:00
17,St. John's,BE,21.73,116.1,22,94.3,18,70.6,124,11/20/24 0:00
18,Arizona,B12,21.71,117.3,15,95.6,31,74.9,5,11/20/24 0:00
19,Kentucky,SEC,21.55,117.5,13,96,35,73,27,11/20/24 0:00
20,Creighton,BE,21.33,117.3,16,95.9,34,70.8,119,11/20/24 0:00
21,Ohio St.,B10,21.01,114.8,33,93.7,14,69.3,218,11/20/24 0:00
22,Florida,SEC,20.74,118.1,11,97.4,51,71.7,72,11/20/24 0:00
23,Purdue,B10,20.63,118.8,6,98.2,63,67.8,306,11/20/24 0:00
24,Texas,SEC,19.87,115.4,27,95.5,28,69.6,195,11/20/24 0:00
25,UCLA,B10,19.8,111.4,57,91.6,6,67.7,307,11/20/24 0:00
26,Illinois,B10,19.52,114.7,35,95.2,24,72.4,48,11/20/24 0:00
27,Michigan,B10,19.3,114.8,32,95.5,27,71.1,97,11/20/24 0:00
28,Mississippi St.,SEC,19.18,114.7,34,95.6,30,70.5,134,11/20/24 0:00
29,BYU,B12,18.76,116.3,21,97.5,53,71,103,11/20/24 0:00
30,Maryland,B10,18.44,111.4,58,93,9,69.5,204,11/20/24 0:00
31,Oregon,B10,18.05,113.3,43,95.3,25,69.8,184,11/20/24 0:00
32,Indiana,B10,18.04,113.8,38,95.8,33,71.6,78,11/20/24 0:00
33,Penn St.,B10,17.91,113.5,42,95.5,29,74.2,10,11/20/24 0:00
34,Arkansas,SEC,17.88,110.9,65,93.1,11,71.1,95,11/20/24 0:00
35,VCU,A10,17.84,110.5,70,92.6,8,70.2,153,11/20/24 0:00
36,Boise St.,MWC,17.7,115,31,97.3,50,69.1,227,11/20/24 0:00
37,Memphis,Amer,17.36,113.7,41,96.4,39,73.1,23,11/20/24 0:00
38,Nevada,MWC,17.16,114,37,96.8,47,67.4,321,11/20/24 0:00
39,Wisconsin,B10,16.95,116.9,19,99.9,80,69,231,11/20/24 0:00
40,Iowa,B10,16.53,115,30,98.5,66,72.6,34,11/20/24 0:00
,,,,,Strength of Schedule,NCSOS,,,,11/20/24 0:00
Rk,Team,Conf,NetRtg,ORtg,DRtg,AdjT,Luck,NetRtg,ORtg,11/20/24 0:00
41,Saint Mary's,WCC,16.47,117.2,17,100.7,87,65.9,351,11/20/24 0:00
42,Clemson,ACC,16.29,114.4,36,98.1,59,68.7,252,11/20/24 0:00
43,Dayton,A10,16.26,112,52,95.7,32,68.6,261,11/20/24 0:00
44,Xavier,BE,16.14,115.1,29,99,71,70.1,163,11/20/24 0:00
45,Michigan St.,B10,15.95,110.7,66,94.7,22,70.1,162,11/20/24 0:00
46,Miami FL,ACC,15.38,115.9,24,100.5,86,70.2,157,11/20/24 0:00
47,Oklahoma,SEC,15.14,110.6,69,95.4,26,69.8,183,11/20/24 0:00
48,LSU,SEC,14.82,112.6,48,97.7,56,70.3,145,11/20/24 0:00
49,Utah St.,MWC,14.39,115.5,26,101.1,96,72.1,55,11/20/24 0:00
50,Mississippi,SEC,14.01,113.7,39,99.7,79,68.5,266,11/20/24 0:00
51,Notre Dame,ACC,13.65,111.6,55,97.9,58,68,293,11/20/24 0:00
52,Arizona St.,B12,13.63,110.1,75,96.4,40,70.3,143,11/20/24 0:00
53,Utah,B12,13.42,111.8,54,98.3,65,71.6,76,11/20/24 0:00
54,San Francisco,WCC,13.4,112.1,51,98.7,70,70.5,129,11/20/24 0:00
55,UC Irvine,BW,13.16,107.9,113,94.7,21,70.3,149,11/20/24 0:00
56,Missouri,SEC,13.11,113.2,45,100.1,83,68.8,246,11/20/24 0:00
57,New Mexico,MWC,12.86,110.6,68,97.7,54,75.6,1,11/20/24 0:00
58,San Diego St.,MWC,12.85,107.4,122,94.6,20,68.1,286,11/20/24 0:00
59,Georgia,SEC,12.81,111.8,53,99,73,70.3,151,11/20/24 0:00
60,N.C. State,ACC,12.72,111.4,56,98.7,69,71.4,87,11/20/24 0:00
61,Northwestern,B10,12.41,110.1,74,97.7,55,66.5,346,11/20/24 0:00
62,Villanova,BE,12.36,113.3,44,100.9,89,68.1,287,11/20/24 0:00
63,TCU,B12,12.32,108.9,95,96.6,44,70.3,147,11/20/24 0:00
64,Louisville,ACC,12.21,110.4,71,98.2,64,72.5,44,11/20/24 0:00
65,Rutgers,B10,12.09,110.3,73,98.2,62,70,171,11/20/24 0:00
66,Nebraska,B10,11.98,108.5,99,96.5,43,71,99,11/20/24 0:00
67,Stanford,ACC,11.8,113.1,46,101.3,98,67.2,324,11/20/24 0:00
68,UCF,B12,11.75,110.4,72,98.6,68,70.4,142,11/20/24 0:00
69,SMU,ACC,11.48,112.8,47,101.4,100,72.6,37,11/20/24 0:00
70,Colorado,B12,10.93,109.1,91,98.2,61,69.1,229,11/20/24 0:00
71,South Carolina,SEC,10.85,109,92,98.1,60,68.2,279,11/20/24 0:00
72,Liberty,CUSA,10.71,107.2,125,96.5,42,65.6,355,11/20/24 0:00
73,Providence,BE,10.6,106.8,130,96.2,37,66.6,342,11/20/24 0:00
74,Kansas St.,B12,10.48,108.3,103,97.8,57,68.9,243,11/20/24 0:00
75,North Texas,Amer,10.23,107.7,116,97.5,52,64.9,359,11/20/24 0:00
76,Virginia,ACC,10.12,106.8,129,96.7,46,64.1,362,11/20/24 0:00
77,Minnesota,B10,9.87,106,145,96.2,36,64.5,360,11/20/24 0:00
78,USC,B10,9.85,111.3,61,101.4,102,70.3,144,11/20/24 0:00
79,Florida St.,ACC,9.7,106.6,135,96.9,49,72.9,29,11/20/24 0:00
80,Grand Canyon,WAC,9.55,111.4,59,101.8,113,71.5,79,11/20/24 0:00
,,,,,Strength of Schedule,NCSOS,,,,11/20/24 0:00
Rk,Team,Conf,NetRtg,ORtg,DRtg,AdjT,Luck,NetRtg,ORtg,11/20/24 0:00
81,Florida Atlantic,Amer,9.21,113.7,40,104.5,165,72.5,39,11/20/24 0:00
82,Washington,B10,9.13,105.6,155,96.5,41,71,101,11/20/24 0:00
83,Louisiana Tech,CUSA,9.02,110,78,101,94,67.7,312,11/20/24 0:00
84,Wake Forest,ACC,8.99,108,109,99,72,70,172,11/20/24 0:00
85,West Virginia,B12,8.69,108.7,97,100,81,70.5,132,11/20/24 0:00
86,Vanderbilt,SEC,8.51,112.2,50,103.7,141,71.6,75,11/20/24 0:00
87,Butler,BE,8.49,109.5,88,101,92,68.8,244,11/20/24 0:00
88,Oklahoma St.,B12,8.48,107.6,119,99.1,75,73.5,16,11/20/24 0:00
89,Washington St.,WCC,8.4,109.7,86,101.3,99,72.2,49,11/20/24 0:00
90,Princeton,Ivy,8.28,111.3,60,103,127,68.6,258,11/20/24 0:00
91,Murray St.,MVC,8.12,111,64,102.9,124,68.3,272,11/20/24 0:00
92,Loyola Chicago,A10,7.91,107.9,110,100,82,70.1,167,11/20/24 0:00
93,Wichita St.,Amer,7.8,109.3,90,101.5,105,71.4,86,11/20/24 0:00
94,George Mason,A10,7.53,106.6,136,99,74,68.3,278,11/20/24 0:00
95,Colorado St.,MWC,7.34,108.2,105,100.9,88,68.6,256,11/20/24 0:00
96,UNLV,MWC,7.31,110.7,67,103.4,134,69.2,222,11/20/24 0:00
97,Seton Hall,BE,7.19,100.4,263,93.2,12,65.3,358,11/20/24 0:00
98,Santa Clara,WCC,7.06,111,63,104,152,70.1,169,11/20/24 0:00
99,Oregon St.,WCC,7,106.4,139,99.4,77,66.8,335,11/20/24 0:00
100,Bradley,MVC,6.87,108.9,93,102,118,68.7,251,11/20/24 0:00
101,Saint Joseph's,A10,6.78,108.4,101,101.7,110,71.3,88,11/20/24 0:00
102,McNeese,Slnd,6.61,107.6,120,101,91,68.9,237,11/20/24 0:00
103,UAB,Amer,6.56,110,77,103.5,137,70.7,120,11/20/24 0:00
104,Georgia Tech,ACC,6.55,108.1,106,101.6,108,72.8,32,11/20/24 0:00
105,Arkansas St.,SB,6.55,106.7,131,100.1,84,70.7,121,11/20/24 0:00
106,Yale,Ivy,6.5,110,76,103.5,139,68.9,239,11/20/24 0:00
107,Syracuse,ACC,6.31,111.1,62,104.7,175,72.4,46,11/20/24 0:00
108,Rhode Island,A10,6.1,109.4,89,103.3,131,72.1,54,11/20/24 0:00
109,High Point,BSth,5.97,112.2,49,106.3,206,67.9,300,11/20/24 0:00
110,Sam Houston St.,CUSA,5.6,110,80,104.4,160,70.8,117,11/20/24 0:00
111,Virginia Tech,ACC,5.57,106.7,132,101.1,95,68,295,11/20/24 0:00
112,St. Bonaventure,A10,5.07,106.9,128,101.8,112,67.8,304,11/20/24 0:00
113,Troy,SB,4.64,103.3,200,98.6,67,70.5,128,11/20/24 0:00
114,Saint Louis,A10,4.58,109.7,84,105.1,181,72.1,57,11/20/24 0:00
115,UC Santa Barbara,BW,4.58,108.3,102,103.7,142,69.4,211,11/20/24 0:00
116,Purdue Fort Wayne,Horz,4.44,108.6,98,104.2,156,71.5,81,11/20/24 0:00
117,California,ACC,4.37,106.2,143,101.9,115,71.1,94,11/20/24 0:00
118,Northern Iowa,MVC,4.31,108.1,107,103.8,146,68,292,11/20/24 0:00
119,Georgetown,BE,4.18,109.8,83,105.7,193,69,233,11/20/24 0:00
120,Temple,Amer,4.18,108.1,108,103.9,149,69.5,203,11/20/24 0:00
,,,,,Strength of Schedule,NCSOS,,,,11/20/24 0:00
Rk,Team,Conf,NetRtg,ORtg,DRtg,AdjT,Luck,NetRtg,ORtg,11/20/24 0:00
121,DePaul,BE,4.06,107.9,111,103.8,148,68.9,236,11/20/24 0:00
122,La Salle,A10,3.97,105.2,160,101.2,97,70,176,11/20/24 0:00
123,Davidson,A10,3.7,108.7,96,105,177,68.9,238,11/20/24 0:00
124,South Florida,Amer,3.5,105.3,159,101.8,114,71,100,11/20/24 0:00
125,Drake,MVC,3.26,104.7,166,101.5,103,67.9,299,11/20/24 0:00
126,Western Kentucky,CUSA,2.91,102,216,99.1,76,74.5,9,11/20/24 0:00
127,Charleston,CAA,2.88,107.3,123,104.4,162,72.2,51,11/20/24 0:00
128,UMass Lowell,AE,2.82,107.5,121,104.7,174,72.5,40,11/20/24 0:00
129,Boston College,ACC,2.77,106.3,141,103.6,140,68.2,284,11/20/24 0:00
130,Seattle,WAC,2.63,106.7,133,104,153,69.3,220,11/20/24 0:00
131,Southern Illinois,MVC,2.6,104.4,176,101.8,111,71.5,80,11/20/24 0:00
132,Vermont,AE,2.42,102.9,204,100.4,85,65.6,354,11/20/24 0:00
133,Samford,SC,2.39,109.9,81,107.5,238,74.6,7,11/20/24 0:00
134,Massachusetts,A10,2.35,104.9,164,102.5,121,71.8,70,11/20/24 0:00
135,UC San Diego,BW,2.27,107.8,114,105.5,188,67.9,298,11/20/24 0:00
136,Akron,MAC,2.26,104.4,175,102.2,120,70.2,154,11/20/24 0:00
137,Kent St.,MAC,2.19,105.3,158,103.2,129,67.7,313,11/20/24 0:00
138,East Carolina,Amer,2.17,106,146,103.8,147,66.5,345,11/20/24 0:00
139,Toledo,MAC,2.08,110,79,107.9,252,72,63,11/20/24 0:00
140,George Washington,A10,1.95,107.7,117,105.7,194,71.4,85,11/20/24 0:00
141,Charlotte,Amer,1.88,106.4,137,104.6,166,65.5,356,11/20/24 0:00
142,Utah Valley,WAC,1.87,103.2,201,101.4,101,70.7,122,11/20/24 0:00
143,Furman,SC,1.85,106,147,104.1,155,69.8,185,11/20/24 0:00
144,Lipscomb,ASun,1.73,106.4,138,104.7,171,69.9,178,11/20/24 0:00
145,Northeastern,CAA,1.73,105.9,148,104.2,158,69.4,210,11/20/24 0:00
146,Towson,CAA,1.54,104.5,174,102.9,126,67.2,325,11/20/24 0:00
147,Hofstra,CAA,1.45,104.1,182,102.6,122,67.1,329,11/20/24 0:00
148,Loyola Marymount,WCC,1.19,105.7,150,104.6,167,68,294,11/20/24 0:00
149,Tulane,Amer,0.69,104.6,172,103.9,151,70.6,127,11/20/24 0:00
150,Belmont,MVC,0.66,107.6,118,106.9,224,71.9,65,11/20/24 0:00
151,Tulsa,Amer,0.65,107.2,124,106.5,214,71.9,66,11/20/24 0:00
152,Texas St.,SB,0.56,102.1,214,101.5,106,68.4,271,11/20/24 0:00
153,Bryant,AE,0.4,103.3,199,102.9,125,75.2,3,11/20/24 0:00
154,New Mexico St.,CUSA,0.34,103.4,197,103,128,68.9,235,11/20/24 0:00
155,Columbia,Ivy,0.12,109.9,82,109.7,291,69.8,187,11/20/24 0:00
156,Middle Tennessee,CUSA,0.04,101.6,231,101.6,107,69.7,189,11/20/24 0:00
157,UNC Wilmington,CAA,-0.01,106.4,140,106.4,211,70.2,158,11/20/24 0:00
158,Northern Colorado,BSky,-0.04,105.6,154,105.6,192,70.6,126,11/20/24 0:00
159,UC Davis,BW,-0.37,101.1,243,101.5,104,73,26,11/20/24 0:00
160,Cal Baptist,WAC,-0.39,108.2,104,108.6,270,67.3,323,11/20/24 0:00
,,,,,Strength of Schedule,NCSOS,,,,11/20/24 0:00
Rk,Team,Conf,NetRtg,ORtg,DRtg,AdjT,Luck,NetRtg,ORtg,11/20/24 0:00
161,Ohio,MAC,-0.39,109.7,85,110.1,301,70.2,156,11/20/24 0:00
162,North Alabama,ASun,-0.46,106.6,134,107.1,227,70.8,116,11/20/24 0:00
163,Wofford,SC,-0.67,108.5,100,109.1,282,66.3,348,11/20/24 0:00
164,Marshall,SB,-0.71,103.8,188,104.5,163,71.5,82,11/20/24 0:00
165,St. Thomas,Sum,-0.74,107.1,126,107.9,251,68.5,265,11/20/24 0:00
166,UNC Greensboro,SC,-0.77,104.3,178,105.1,179,67.9,296,11/20/24 0:00
167,Fordham,A10,-0.78,101.2,239,102,116,71.7,74,11/20/24 0:00
168,North Florida,ASun,-0.8,109.6,87,110.4,308,70.8,111,11/20/24 0:00
169,Chattanooga,SC,-0.93,105.9,149,106.9,222,69.7,192,11/20/24 0:00
170,Illinois Chicago,MVC,-0.99,104.9,165,105.8,197,71.2,91,11/20/24 0:00
171,Cornell,Ivy,-1,107.7,115,108.7,273,72.8,30,11/20/24 0:00
172,Rice,Amer,-1.09,103.5,192,104.6,169,67.8,301,11/20/24 0:00
173,Longwood,BSth,-1.11,100.5,261,101.6,109,69.1,228,11/20/24 0:00
174,UNC Asheville,BSth,-1.23,107.1,127,108.4,264,70,173,11/20/24 0:00
175,James Madison,SB,-1.33,104.2,179,105.5,189,68.6,257,11/20/24 0:00
176,Missouri St.,MVC,-1.41,100.6,257,102,117,69.4,209,11/20/24 0:00
177,East Tennessee St.,SC,-1.43,106.1,144,107.5,240,67.7,311,11/20/24 0:00
178,Hawaii,BW,-1.48,103.6,191,105.1,178,67.5,319,11/20/24 0:00
179,Winthrop,BSth,-1.51,102.3,210,103.8,143,72.5,41,11/20/24 0:00
180,Appalachian St.,SB,-1.56,100.5,260,102.1,119,68.4,267,11/20/24 0:00
181,Youngstown St.,Horz,-1.87,102.7,207,104.6,168,70.1,165,11/20/24 0:00
182,Jacksonville St.,CUSA,-1.94,102.7,206,104.7,173,68,290,11/20/24 0:00
183,Drexel,CAA,-1.97,102.2,211,104.2,157,66.6,340,11/20/24 0:00
184,Stephen F. Austin,Slnd,-1.99,99,285,101,93,68.5,264,11/20/24 0:00
185,UC Riverside,BW,-2.01,105.1,161,107.1,229,69.6,193,11/20/24 0:00
186,Wright St.,Horz,-2.01,105.7,151,107.7,247,70.9,106,11/20/24 0:00
187,UT Arlington,WAC,-2.07,107.9,112,110,296,72.6,36,11/20/24 0:00
188,Illinois St.,MVC,-2.16,103.8,189,105.9,199,67.7,308,11/20/24 0:00
189,South Dakota St.,Sum,-2.33,104.7,170,107,225,70.8,110,11/20/24 0:00
190,Southern Utah,WAC,-2.33,104.1,180,106.5,212,70.8,115,11/20/24 0:00
191,Jacksonville,ASun,-2.36,100.8,252,103.2,130,68.2,282,11/20/24 0:00
192,Kennesaw St.,CUSA,-2.38,105.7,152,108.1,258,74.1,12,11/20/24 0:00
193,Montana St.,BSky,-2.51,104.6,171,107.1,231,69.7,188,11/20/24 0:00
194,Northern Kentucky,Horz,-2.54,98.4,298,100.9,90,68.4,268,11/20/24 0:00
195,Cleveland St.,Horz,-2.59,100.9,248,103.5,138,69.6,197,11/20/24 0:00
196,Saint Peter's,MAAC,-2.6,100.1,267,102.7,123,65.4,357,11/20/24 0:00
197,Norfolk St.,MEAC,-2.66,104,184,106.7,218,68.1,289,11/20/24 0:00
198,UT Rio Grande Valley,Slnd,-2.67,105.5,156,108.1,259,72.5,42,11/20/24 0:00
199,Central Michigan,MAC,-2.78,100.7,255,103.4,135,69.5,206,11/20/24 0:00
200,Oakland,Horz,-2.85,101.6,232,104.4,161,67.1,330,11/20/24 0:00
,,,,,Strength of Schedule,NCSOS,,,,11/20/24 0:00
Rk,Team,Conf,NetRtg,ORtg,DRtg,AdjT,Luck,NetRtg,ORtg,11/20/24 0:00
201,Abilene Christian,WAC,-2.9,100.9,247,103.8,145,70.9,105,11/20/24 0:00
202,William & Mary,CAA,-2.96,106.3,142,109.3,286,73.1,25,11/20/24 0:00
203,Georgia Southern,SB,-2.97,103.4,195,106.3,210,75.5,2,11/20/24 0:00
204,Milwaukee,Horz,-2.99,104.6,173,107.6,241,72.5,43,11/20/24 0:00
205,South Alabama,SB,-3.09,101.7,230,104.8,176,67.6,317,11/20/24 0:00
206,Nicholls,Slnd,-3.17,101.1,242,104.3,159,69.6,201,11/20/24 0:00
207,Montana,BSky,-3.18,105.7,153,108.9,279,68.7,253,11/20/24 0:00
208,Merrimack,MAAC,-3.23,96.5,328,99.7,78,67.6,316,11/20/24 0:00
209,Richmond,A10,-3.25,100,269,103.3,132,68.9,240,11/20/24 0:00
210,Radford,BSth,-3.29,108.9,94,112.2,335,66.8,334,11/20/24 0:00
211,Portland St.,BSky,-3.36,101.9,224,105.3,185,74.9,4,11/20/24 0:00
212,Miami OH,MAC,-3.44,104.1,181,107.6,242,69.6,200,11/20/24 0:00
213,CSUN,BW,-3.45,101.1,241,104.6,170,74.6,8,11/20/24 0:00
214,Wyoming,MWC,-3.5,102.4,209,105.9,198,68.4,269,11/20/24 0:00
215,Indiana St.,MVC,-3.6,104.1,183,107.7,245,74,13,11/20/24 0:00
216,Texas A&M Corpus Chris,Slnd,-3.68,103.9,185,107.6,243,73.2,21,11/20/24 0:00
217,Southern Miss,SB,-3.88,101.5,233,105.4,186,72.1,59,11/20/24 0:00
218,Kansas City,Sum,-3.91,102.2,213,106.1,204,68.8,249,11/20/24 0:00
219,Georgia St.,SB,-3.96,102,215,106,201,70.8,118,11/20/24 0:00
220,Howard,MEAC,-4.05,103.9,186,107.9,254,68.7,254,11/20/24 0:00
221,Eastern Kentucky,ASun,-4.11,105,162,109.2,283,70.6,125,11/20/24 0:00
222,Iona,MAAC,-4.15,102,217,106.2,205,70.4,141,11/20/24 0:00
223,Quinnipiac,MAAC,-4.15,99.7,276,103.8,144,71.9,68,11/20/24 0:00
224,UTEP,CUSA,-4.16,99.9,270,104.1,154,72.1,56,11/20/24 0:00
225,Duquesne,A10,-4.21,101.8,226,106.1,203,69.3,219,11/20/24 0:00
226,Austin Peay,ASun,-4.25,102.6,208,106.8,219,67.8,302,11/20/24 0:00
227,Bucknell,PL,-4.55,100.6,258,105.2,182,69.4,216,11/20/24 0:00
228,Florida Gulf Coast,ASun,-4.59,100.9,250,105.4,187,66.8,336,11/20/24 0:00
229,Grambling St.,SWAC,-4.61,99.3,281,103.9,150,69.4,213,11/20/24 0:00
230,Gardner Webb,BSth,-4.66,102,219,106.6,215,70.1,168,11/20/24 0:00
231,Little Rock,OVC,-4.94,101.9,223,106.8,220,70.5,131,11/20/24 0:00
232,Albany,AE,-5.01,101.3,237,106.3,207,71.3,89,11/20/24 0:00
233,Weber St.,BSky,-5.67,101.2,238,106.9,223,67.4,322,11/20/24 0:00
234,Marist,MAAC,-5.71,103.3,198,109.1,281,67.5,318,11/20/24 0:00
235,Colgate,PL,-5.8,98.9,287,104.7,172,69.4,217,11/20/24 0:00
236,Idaho St.,BSky,-5.97,98.5,295,104.5,164,67.2,326,11/20/24 0:00
237,Louisiana,SB,-6.17,101.1,244,107.3,234,70.4,135,11/20/24 0:00
238,Green Bay,Horz,-6.22,105.4,157,111.7,331,70.5,133,11/20/24 0:00
239,Ball St.,MAC,-6.26,102,218,108.3,262,70.4,139,11/20/24 0:00
240,North Dakota St.,Sum,-6.28,104.7,168,111,319,67,332,11/20/24 0:00
,,,,,Strength of Schedule,NCSOS,,,,11/20/24 0:00
Rk,Team,Conf,NetRtg,ORtg,DRtg,AdjT,Luck,NetRtg,ORtg,11/20/24 0:00
241,Maine,AE,-6.38,97.1,316,103.5,136,68.6,262,11/20/24 0:00
242,Pepperdine,WCC,-6.4,102.2,212,108.6,266,70.2,155,11/20/24 0:00
243,Cal St. Bakersfield,BW,-6.43,101.3,235,107.7,246,67.7,315,11/20/24 0:00
244,South Dakota,Sum,-6.45,104.9,163,111.4,328,73.3,19,11/20/24 0:00
245,Delaware,CAA,-6.48,100.6,256,107.1,228,72.1,58,11/20/24 0:00
246,North Dakota,Sum,-6.48,101.2,240,107.6,244,70.4,140,11/20/24 0:00
247,Eastern Washington,BSky,-6.49,104.7,167,111.2,326,72.1,53,11/20/24 0:00
248,Rider,MAAC,-6.58,100.9,249,107.4,237,68.6,255,11/20/24 0:00
249,Central Connecticut,NEC,-6.59,98.5,296,105.1,180,68.2,283,11/20/24 0:00
250,North Carolina A&T,CAA,-6.63,101.7,229,108.3,263,72.5,45,11/20/24 0:00
251,Brown,Ivy,-6.63,101.9,220,108.6,268,68.3,274,11/20/24 0:00
252,American,PL,-6.94,104.7,169,111.6,329,63.9,363,11/20/24 0:00
253,Mount St. Mary's,MAAC,-7.21,98.6,294,105.8,195,69.6,199,11/20/24 0:00
254,Bowling Green,MAC,-7.23,103.8,187,111.1,321,70.8,112,11/20/24 0:00
255,Mercer,SC,-7.45,100.8,253,108.2,261,73.2,22,11/20/24 0:00
256,Northern Arizona,BSky,-7.49,101.8,227,109.3,287,67.8,303,11/20/24 0:00
257,Elon,CAA,-7.52,103,202,110.6,310,68.9,242,11/20/24 0:00
258,Alabama St.,SWAC,-7.6,99.7,275,107.3,235,70.1,164,11/20/24 0:00
259,Pacific,WCC,-7.79,99.3,280,107.1,232,71.3,90,11/20/24 0:00
260,Oral Roberts,Sum,-7.79,103.5,193,111.3,327,70.4,138,11/20/24 0:00
261,Campbell,CAA,-7.94,100.1,266,108.1,257,68.1,288,11/20/24 0:00
262,Southeastern Louisiana,Slnd,-7.97,99.4,279,107.4,236,69.7,191,11/20/24 0:00
263,SIUE,OVC,-8.02,98.3,301,106.3,208,68.5,263,11/20/24 0:00
264,North Carolina Central,MEAC,-8.05,101.7,228,109.7,292,68.3,275,11/20/24 0:00
265,Valparaiso,MVC,-8.09,101.9,222,110,298,70,175,11/20/24 0:00
266,Boston University,PL,-8.1,99.8,272,107.9,255,66.7,338,11/20/24 0:00
267,Army,PL,-8.18,102.9,203,111.1,322,66.5,344,11/20/24 0:00
268,Lafayette,PL,-8.37,98.5,297,106.9,221,67.2,328,11/20/24 0:00
269,UTSA,Amer,-8.38,100.8,251,109.2,285,72.7,33,11/20/24 0:00
270,FIU,CUSA,-8.41,97.6,309,106,200,74.1,11,11/20/24 0:00
271,Nebraska Omaha,Sum,-8.44,101.1,245,109.5,289,70.5,130,11/20/24 0:00
272,Monmouth,CAA,-8.48,101.9,225,110.4,306,70.8,114,11/20/24 0:00
273,Robert Morris,Horz,-8.53,96.7,324,105.2,184,69.2,223,11/20/24 0:00
274,Presbyterian,BSth,-8.6,104.3,177,112.9,344,66.7,337,11/20/24 0:00
275,Southern,SWAC,-8.63,97,318,105.6,191,70.3,152,11/20/24 0:00
276,Long Beach St.,BW,-8.82,101,246,109.8,294,68.2,281,11/20/24 0:00
277,Harvard,Ivy,-8.83,99,284,107.9,250,69.9,182,11/20/24 0:00
278,Fresno St.,MWC,-8.86,96.3,330,105.2,183,74.7,6,11/20/24 0:00
279,San Jose St.,MWC,-8.96,99.8,271,108.8,275,65.8,352,11/20/24 0:00
280,Texas Southern,SWAC,-9.04,97.6,308,106.6,216,71.1,96,11/20/24 0:00
,,,,,Strength of Schedule,NCSOS,,,,11/20/24 0:00
Rk,Team,Conf,NetRtg,ORtg,DRtg,AdjT,Luck,NetRtg,ORtg,11/20/24 0:00
281,Western Carolina,SC,-9.07,98,304,107,226,71,98,11/20/24 0:00
282,Bethune Cookman,SWAC,-9.14,96.6,325,105.8,196,70.8,109,11/20/24 0:00
283,Portland,WCC,-9.39,100.1,268,109.5,288,69.6,202,11/20/24 0:00
284,Lehigh,PL,-9.66,100.5,262,110.2,302,69.7,190,11/20/24 0:00
285,Evansville,MVC,-9.66,101.5,234,111.1,323,69.9,180,11/20/24 0:00
286,Lamar,Slnd,-9.73,101.9,221,111.6,330,70.1,161,11/20/24 0:00
287,Idaho,BSky,-9.74,100.6,259,110.3,303,68.9,234,11/20/24 0:00
288,Cal Poly,BW,-9.77,96.6,327,106.3,209,73.1,24,11/20/24 0:00
289,Incarnate Word,Slnd,-9.81,103.4,196,113.2,345,69.5,207,11/20/24 0:00
290,Northwestern St.,Slnd,-9.89,99.7,274,109.6,290,68.6,259,11/20/24 0:00
291,Wagner,NEC,-9.95,93.4,354,103.3,133,64.1,361,11/20/24 0:00
292,San Diego,WCC,-9.97,96,335,106,202,73.2,20,11/20/24 0:00
293,Stony Brook,CAA,-9.99,100.8,254,110.8,316,69.2,224,11/20/24 0:00
294,Tennessee St.,OVC,-10,98.8,290,108.8,276,71.6,77,11/20/24 0:00
295,Fairfield,MAAC,-10.01,95.5,340,105.5,190,69.5,205,11/20/24 0:00
296,Siena,MAAC,-10.01,97.5,310,107.5,239,67.2,327,11/20/24 0:00
297,Penn,Ivy,-10.08,103.7,190,113.8,351,66.7,339,11/20/24 0:00
298,Cal St. Fullerton,BW,-10.11,97,317,107.1,230,67.7,310,11/20/24 0:00
299,Morehead St.,OVC,-10.43,96.2,332,106.7,217,68.8,248,11/20/24 0:00
300,Tarleton St.,WAC,-10.61,97.2,313,107.8,249,70.3,150,11/20/24 0:00
301,Denver,Sum,-10.73,99.1,282,109.9,295,72.1,60,11/20/24 0:00
302,Queens,ASun,-10.75,95.8,338,106.5,213,72.8,31,11/20/24 0:00
303,South Carolina St.,MEAC,-10.77,97.3,312,108,256,71.7,73,11/20/24 0:00
304,Northern Illinois,MAC,-10.81,97.8,305,108.6,267,69.6,194,11/20/24 0:00
305,Charleston Southern,BSth,-10.81,99.6,277,110.4,309,70.9,107,11/20/24 0:00
306,Air Force,MWC,-10.99,101.3,236,112.3,336,63,364,11/20/24 0:00
307,Coastal Carolina,SB,-11,97.6,307,108.6,269,66.2,349,11/20/24 0:00
308,Hampton,CAA,-11.19,97.7,306,108.9,278,67.4,320,11/20/24 0:00
309,Utah Tech,WAC,-11.57,98.8,289,110.4,307,71.9,64,11/20/24 0:00
310,Eastern Michigan,MAC,-11.6,96.3,331,107.9,253,68,291,11/20/24 0:00
311,Old Dominion,SB,-11.62,98.7,292,110.4,305,70.8,113,11/20/24 0:00
312,UMBC,AE,-11.67,103.4,194,115.1,359,70.9,104,11/20/24 0:00
313,Holy Cross,PL,-11.71,102.7,205,114.5,356,67,333,11/20/24 0:00
314,Sacramento St.,BSky,-11.89,95.4,344,107.2,233,66.5,343,11/20/24 0:00
315,Navy,PL,-12.01,99.7,273,111.8,332,69.2,221,11/20/24 0:00
316,Manhattan,MAAC,-12.13,98.8,291,110.9,318,70.1,166,11/20/24 0:00
317,Tennessee Martin,OVC,-12.14,95.7,339,107.8,248,72,62,11/20/24 0:00
318,Eastern Illinois,OVC,-12.53,96.2,334,108.7,272,69.4,215,11/20/24 0:00
319,Southern Indiana,OVC,-12.55,98,303,110.6,311,68.6,260,11/20/24 0:00
320,The Citadel,SC,-12.63,96.3,329,109,280,68.4,270,11/20/24 0:00
,,,,,Strength of Schedule,NCSOS,,,,11/20/24 0:00
Rk,Team,Conf,NetRtg,ORtg,DRtg,AdjT,Luck,NetRtg,ORtg,11/20/24 0:00
321,Jackson St.,SWAC,-12.82,97.2,314,110,299,71.2,92,11/20/24 0:00
322,Western Michigan,MAC,-13.02,99,286,112,333,69.4,212,11/20/24 0:00
323,Southeast Missouri,OVC,-13.04,96.9,320,110,297,72.9,28,11/20/24 0:00
324,Loyola MD,PL,-13.53,95.1,345,108.7,271,69.9,181,11/20/24 0:00
325,USC Upstate,BSth,-13.61,100.2,265,113.8,352,72,61,11/20/24 0:00
326,Binghamton,AE,-13.69,98.4,300,112.1,334,67.8,305,11/20/24 0:00
327,Western Illinois,OVC,-13.75,97,319,110.7,314,65.8,353,11/20/24 0:00
328,Louisiana Monroe,SB,-13.81,94.4,348,108.2,260,70,174,11/20/24 0:00
329,Stetson,ASun,-13.96,98.4,299,112.4,337,68.9,241,11/20/24 0:00
330,Tennessee Tech,OVC,-14.04,96.7,323,110.8,315,69.1,230,11/20/24 0:00
331,Morgan St.,MEAC,-14.08,98.6,293,112.7,341,72.6,35,11/20/24 0:00
332,Buffalo,MAC,-14.27,99.1,283,113.4,347,72.2,52,11/20/24 0:00
333,LIU,NEC,-14.61,96.6,326,111.2,325,71.1,93,11/20/24 0:00
334,Niagara,MAAC,-14.69,98.2,302,112.9,343,67.7,314,11/20/24 0:00
335,Bellarmine,ASun,-14.82,99.4,278,114.2,355,67.7,309,11/20/24 0:00
336,Central Arkansas,ASun,-14.93,95.9,336,110.8,317,70.4,136,11/20/24 0:00
337,Sacred Heart,MAAC,-15.24,100.2,264,115.5,360,70.2,159,11/20/24 0:00
338,Saint Francis,NEC,-15.36,93.5,353,108.8,277,70.3,148,11/20/24 0:00
339,Le Moyne,NEC,-15.72,96.9,321,112.6,339,69.6,198,11/20/24 0:00
340,VMI,SC,-15.87,94.8,347,110.6,313,72.4,47,11/20/24 0:00
341,Detroit Mercy,Horz,-15.88,96.9,322,112.7,342,68.8,245,11/20/24 0:00
342,Mercyhurst,NEC,-15.98,95.1,346,111.1,320,66.4,347,11/20/24 0:00
343,West Georgia,ASun,-16.56,97.3,311,113.9,353,69.2,226,11/20/24 0:00
344,Stonehill,NEC,-16.63,92.1,359,108.8,274,69.8,186,11/20/24 0:00
345,Fairleigh Dickinson,NEC,-16.68,98.9,288,115.5,361,72.6,38,11/20/24 0:00
346,Delaware St.,MEAC,-16.89,92.3,358,109.2,284,70.6,123,11/20/24 0:00
347,Prairie View A&M,SWAC,-17,95.4,343,112.4,338,73.7,15,11/20/24 0:00
348,Alabama A&M,SWAC,-17.08,91.4,362,108.5,265,73.3,18,11/20/24 0:00
349,Dartmouth,Ivy,-17.34,92.7,355,110,300,70.8,108,11/20/24 0:00
350,Texas A&M Commerce,Slnd,-17.79,92.6,356,110.4,304,71.5,83,11/20/24 0:00
351,Alcorn St.,SWAC,-18.64,95.5,341,114.2,354,67,331,11/20/24 0:00
352,Florida A&M,SWAC,-18.76,92.4,357,111.2,324,70.4,137,11/20/24 0:00
353,Chicago St.,NEC,-18.8,91.8,360,110.6,312,71.9,67,11/20/24 0:00
354,Lindenwood,OVC,-19.11,95.4,342,114.5,357,68.8,247,11/20/24 0:00
355,Canisius,MAAC,-19.12,97.2,315,116.3,363,68.7,250,11/20/24 0:00
356,New Hampshire,AE,-19.46,93.9,350,113.4,348,69.5,208,11/20/24 0:00
357,Houston Christian,Slnd,-19.46,93.9,351,113.3,346,69.9,179,11/20/24 0:00
358,IU Indy,Horz,-19.74,96.2,333,116,362,70,170,11/20/24 0:00
359,New Orleans,Slnd,-20.05,93.5,352,113.6,349,71.8,71,11/20/24 0:00
360,Maryland Eastern Shore,MEAC,-20.68,94.3,349,115,358,69,232,11/20/24 0:00
,,,,,Strength of Schedule,NCSOS,,,,11/20/24 0:00
Rk,Team,Conf,NetRtg,ORtg,DRtg,AdjT,Luck,NetRtg,ORtg,11/20/24 0:00
361,NJIT,AE,-20.9,91.7,361,112.6,340,66.6,341,11/20/24 0:00
362,Arkansas Pine Bluff,SWAC,-21.9,95.8,337,117.7,364,71.8,69,11/20/24 0:00
363,Coppin St.,MEAC,-23.87,85.9,364,109.8,293,69.4,214,11/20/24 0:00
364,Mississippi Valley St.,SWAC,-26.49,87.2,363,113.7,350,68.3,276,11/20/24 0:00
1,Gonzaga,WCC,30.76,124.9,1,94.2,18,71.4,77,11/21/24 0:00
2,Auburn,SEC,30.67,122.2,2,91.5,5,69.9,160,11/21/24 0:00
3,Houston,B12,29.92,119.6,4,89.7,1,66,349,11/21/24 0:00
4,Duke,ACC,28.18,118.1,10,89.9,2,70.1,148,11/21/24 0:00
5,Connecticut,BE,26.51,118.2,8,91.7,6,68.1,271,11/21/24 0:00
6,Tennessee,SEC,26.17,117,18,90.8,4,69,223,11/21/24 0:00
7,Iowa St.,B12,24.67,115,29,90.4,3,69.4,198,11/21/24 0:00
8,Kansas,B12,24.55,118,11,93.5,12,71.3,83,11/21/24 0:00
9,Alabama,SEC,23.99,120.9,3,96.9,47,74,10,11/21/24 0:00
10,Texas Tech,B12,23.57,117.5,12,93.9,15,68,276,11/21/24 0:00
11,Cincinnati,B12,23.25,117.4,14,94.1,17,68,277,11/21/24 0:00
12,Baylor,B12,22.89,119.5,5,96.6,43,68.1,272,11/21/24 0:00
13,North Carolina,ACC,22.73,118.9,6,96.1,36,73.8,13,11/21/24 0:00
14,Marquette,BE,22.67,115.5,26,92.9,8,70.8,99,11/21/24 0:00
15,Pittsburgh,ACC,22.19,116.1,21,93.9,16,69.8,167,11/21/24 0:00
16,St. John's,BE,21.72,116,22,94.3,20,70.4,124,11/21/24 0:00
17,Arizona,B12,21.71,117.2,15,95.5,30,74.7,6,11/21/24 0:00
18,Texas A&M,SEC,21.59,115.8,23,94.2,19,67.4,313,11/21/24 0:00
19,Kentucky,SEC,21.55,117.4,13,95.9,33,72.8,31,11/21/24 0:00
20,Creighton,BE,21.3,117.2,16,95.9,32,70.5,122,11/21/24 0:00
21,Florida,SEC,20.96,118.1,9,97.2,48,71.5,72,11/21/24 0:00
22,Ohio St.,B10,20.93,114.7,35,93.7,13,69.2,209,11/21/24 0:00
23,Purdue,B10,20.83,118.8,7,98,58,67.4,314,11/21/24 0:00
24,Texas,SEC,19.86,115.3,28,95.4,27,69.4,195,11/21/24 0:00
25,Michigan,B10,19.29,114.7,34,95.4,26,70.9,92,11/21/24 0:00
26,UCLA,B10,19.16,113,46,93.8,14,67.3,316,11/21/24 0:00
27,Mississippi St.,SEC,19.15,114.6,36,95.5,28,70.3,134,11/21/24 0:00
28,BYU,B12,18.75,116.1,20,97.4,51,70.8,102,11/21/24 0:00
29,Illinois,B10,18.53,114.7,33,96.2,37,73.1,24,11/21/24 0:00
30,Maryland,B10,18.3,111.3,59,93,10,69.3,205,11/21/24 0:00
31,Indiana,B10,18.04,113.7,39,95.7,31,71.4,76,11/21/24 0:00
32,Oregon,B10,18.01,113.2,43,95.2,24,69.6,185,11/21/24 0:00
33,Arkansas,SEC,17.89,110.8,63,93,9,70.9,96,11/21/24 0:00
34,VCU,A10,17.87,110.4,70,92.5,7,70,150,11/21/24 0:00
35,Penn St.,B10,17.72,115.8,24,98,60,73.6,17,11/21/24 0:00
36,Boise St.,MWC,17.7,114.9,32,97.2,49,69,226,11/21/24 0:00
37,Memphis,Amer,17.49,113.7,41,96.2,38,73,26,11/21/24 0:00
38,Nevada,MWC,17.16,113.9,38,96.7,45,67.2,321,11/21/24 0:00
39,Dayton,A10,17,112.5,49,95.5,29,67.6,301,11/21/24 0:00
40,Wisconsin,B10,16.95,116.8,19,99.8,82,68.9,228,11/21/24 0:00
,,,,,Strength of Schedule,NCSOS,,,,11/21/24 0:00
Rk,Team,Conf,NetRtg,ORtg,DRtg,AdjT,Luck,NetRtg,ORtg,11/21/24 0:00
41,Iowa,B10,16.62,115,30,98.4,66,72.4,40,11/21/24 0:00
42,Saint Mary's,WCC,16.55,117.1,17,100.5,88,65.7,351,11/21/24 0:00
43,Xavier,BE,16.49,115,31,98.5,68,69.9,164,11/21/24 0:00
44,Clemson,ACC,16.28,114.3,37,98,59,68.5,247,11/21/24 0:00
45,Michigan St.,B10,15.93,110.6,68,94.7,22,70,158,11/21/24 0:00
46,Miami FL,ACC,15.28,115.7,25,100.4,86,70,157,11/21/24 0:00
47,Oklahoma,SEC,15.14,110.5,69,95.3,25,69.6,183,11/21/24 0:00
48,LSU,SEC,14.83,112.5,50,97.6,54,70.1,143,11/21/24 0:00
49,Utah St.,MWC,14.4,115.4,27,101,96,71.9,54,11/21/24 0:00
50,Mississippi,SEC,14,113.6,42,99.6,81,68.3,262,11/21/24 0:00
51,Notre Dame,ACC,13.88,111.7,56,97.8,56,67.8,293,11/21/24 0:00
52,San Francisco,WCC,13.54,112,53,98.5,67,70.3,130,11/21/24 0:00
53,Utah,B12,13.41,111.7,57,98.2,64,71.4,73,11/21/24 0:00
54,Missouri,SEC,13.15,113.1,45,100,85,68.6,240,11/21/24 0:00
55,UC Irvine,BW,13.06,107.7,111,94.7,23,70.2,140,11/21/24 0:00
56,San Diego St.,MWC,12.92,107.4,123,94.5,21,68,278,11/21/24 0:00
57,Georgia,SEC,12.81,111.7,55,98.9,74,70.1,147,11/21/24 0:00
58,N.C. State,ACC,12.71,111.3,58,98.6,71,71.2,85,11/21/24 0:00
59,New Mexico,MWC,12.7,110.1,74,97.4,52,75.4,1,11/21/24 0:00
60,Northwestern,B10,12.51,110.1,77,97.6,53,66.4,342,11/21/24 0:00
61,Villanova,BE,12.37,113.2,44,100.8,91,67.9,285,11/21/24 0:00
62,TCU,B12,12.31,108.8,97,96.5,41,70.1,144,11/21/24 0:00
63,Louisville,ACC,12.3,110.4,71,98.1,61,72.4,44,11/21/24 0:00
64,Nebraska,B10,11.95,108.4,100,96.5,42,70.8,103,11/21/24 0:00
65,Arizona St.,B12,11.7,110.2,73,98.5,69,70.9,95,11/21/24 0:00
66,UCF,B12,11.69,110.1,76,98.4,65,70.3,133,11/21/24 0:00
67,Rutgers,B10,11.6,110.3,72,98.7,72,69.9,159,11/21/24 0:00
68,SMU,ACC,11.44,112.7,47,101.2,100,72.3,46,11/21/24 0:00
69,Stanford,ACC,11.29,112.5,48,101.3,101,66.8,329,11/21/24 0:00
70,Colorado,B12,11.16,109.2,91,98.1,62,68.9,229,11/21/24 0:00
71,South Carolina,SEC,10.97,108.9,94,97.9,57,68.1,274,11/21/24 0:00
72,West Virginia,B12,10.96,109.1,93,98.1,63,70.2,142,11/21/24 0:00
73,Liberty,CUSA,10.86,107.2,124,96.3,40,65.4,354,11/21/24 0:00
74,Providence,BE,10.59,106.7,129,96.1,35,66.4,343,11/21/24 0:00
75,Kansas St.,B12,10.49,108.2,103,97.7,55,68.7,239,11/21/24 0:00
76,North Texas,Amer,10.28,107.6,114,97.3,50,64.8,359,11/21/24 0:00
77,Virginia,ACC,10.05,106.7,130,96.6,44,63.9,362,11/21/24 0:00
78,Minnesota,B10,9.99,106,145,96,34,64.2,360,11/21/24 0:00
79,Florida St.,ACC,9.69,106.5,134,96.8,46,72.7,35,11/21/24 0:00
80,USC,B10,9.64,111.9,54,102.2,120,69.9,162,11/21/24 0:00
,,,,,Strength of Schedule,NCSOS,,,,11/21/24 0:00
Rk,Team,Conf,NetRtg,ORtg,DRtg,AdjT,Luck,NetRtg,ORtg,11/21/24 0:00
81,Washington,B10,9.37,105.7,151,96.3,39,70.8,104,11/21/24 0:00
82,Florida Atlantic,Amer,9.27,113.7,40,104.4,163,72.3,45,11/21/24 0:00
83,Louisiana Tech,CUSA,9.03,109.9,78,100.9,94,67.5,310,11/21/24 0:00
84,Wake Forest,ACC,8.89,107.8,109,98.9,75,69.8,174,11/21/24 0:00
85,Washington St.,WCC,8.6,109.7,84,101.1,99,72,52,11/21/24 0:00
86,Vanderbilt,SEC,8.55,112.1,51,103.6,140,71.5,70,11/21/24 0:00
87,Oklahoma St.,B12,8.46,107.5,120,99,76,73.3,20,11/21/24 0:00
88,UNLV,MWC,8.36,111.2,60,102.8,127,68.4,256,11/21/24 0:00
89,Butler,BE,8.33,109.4,89,101,97,68.7,238,11/21/24 0:00
90,George Mason,A10,8.18,107.4,122,99.2,77,67.9,282,11/21/24 0:00
91,Princeton,Ivy,8.15,111.2,61,103,130,68.4,255,11/21/24 0:00
92,Loyola Chicago,A10,8.12,108,107,99.9,84,69.9,161,11/21/24 0:00
93,Yale,Ivy,7.88,110.6,67,102.7,125,69.1,216,11/21/24 0:00
94,Murray St.,MVC,7.8,110.8,65,103,129,67.9,283,11/21/24 0:00
95,Wichita St.,Amer,7.75,109.2,92,101.5,105,71.2,84,11/21/24 0:00
96,Colorado St.,MWC,7.34,108.1,104,100.8,90,68.4,257,11/21/24 0:00
97,Seton Hall,BE,7.16,100.3,262,93.1,11,65.1,358,11/21/24 0:00
98,Oregon St.,WCC,6.98,106.3,138,99.3,78,66.6,337,11/21/24 0:00
99,Grand Canyon,WAC,6.96,109.2,90,102.3,121,71.3,79,11/21/24 0:00
100,Arkansas St.,SB,6.94,106.8,127,99.9,83,70.5,118,11/21/24 0:00
101,McNeese,Slnd,6.91,107.5,116,100.6,89,68.3,260,11/21/24 0:00
102,Santa Clara,WCC,6.86,110.7,66,103.9,153,69.8,172,11/21/24 0:00
103,Saint Joseph's,A10,6.79,108.4,102,101.6,109,71.1,87,11/21/24 0:00
104,Bradley,MVC,6.65,108.8,96,102.2,118,68.5,246,11/21/24 0:00
105,Georgia Tech,ACC,6.56,108.1,105,101.5,106,72.6,36,11/21/24 0:00
106,UAB,Amer,6.36,109.8,81,103.5,135,70.2,137,11/21/24 0:00
107,Syracuse,ACC,6.31,111,62,104.7,174,72.2,50,11/21/24 0:00
108,Rhode Island,A10,6.26,109.8,83,103.5,138,72.5,39,11/21/24 0:00
109,High Point,BSth,5.88,112.1,52,106.2,208,67.7,295,11/21/24 0:00
110,Georgetown,BE,5.79,109.7,85,103.9,154,69.1,217,11/21/24 0:00
111,Sam Houston St.,CUSA,5.61,109.9,79,104.3,158,70.5,119,11/21/24 0:00
112,St. Bonaventure,A10,5.07,106.8,128,101.7,113,67.6,304,11/21/24 0:00
113,Troy,SB,4.67,103.2,197,98.5,70,70.3,129,11/21/24 0:00
114,Saint Louis,A10,4.56,109.6,87,105.1,182,71.9,57,11/21/24 0:00
115,California,ACC,4.54,106,142,101.5,107,70.8,101,11/21/24 0:00
116,Purdue Fort Wayne,Horz,4.5,110.8,64,106.3,212,70.9,93,11/21/24 0:00
117,Northern Iowa,MVC,4.28,108,106,103.8,148,67.8,291,11/21/24 0:00
118,Temple,Amer,4.12,107.9,108,103.8,151,69.3,203,11/21/24 0:00
119,DePaul,BE,4.03,107.8,110,103.7,147,68.7,237,11/21/24 0:00
120,La Salle,A10,3.96,105.1,160,101.1,98,69.7,175,11/21/24 0:00
,,,,,Strength of Schedule,NCSOS,,,,11/21/24 0:00
Rk,Team,Conf,NetRtg,ORtg,DRtg,AdjT,Luck,NetRtg,ORtg,11/21/24 0:00
121,Charleston,CAA,3.73,107.5,118,103.8,150,71.8,64,11/21/24 0:00
122,Davidson,A10,3.68,108.6,98,104.9,177,68.8,235,11/21/24 0:00
123,South Florida,Amer,3.6,105.3,157,101.7,112,70.8,97,11/21/24 0:00
124,Drake,MVC,3.26,104.6,168,101.4,103,67.7,296,11/21/24 0:00
125,UC Santa Barbara,BW,3.19,108.5,99,105.3,186,68.8,234,11/21/24 0:00
126,Virginia Tech,ACC,3.01,104.9,166,101.9,115,68.2,269,11/21/24 0:00
127,UMass Lowell,AE,2.89,107.5,121,104.6,169,72.4,43,11/21/24 0:00
128,Seattle,WAC,2.88,106.6,131,103.7,145,68.9,227,11/21/24 0:00
129,Western Kentucky,CUSA,2.83,101.7,226,98.8,73,74.2,9,11/21/24 0:00
130,Southern Illinois,MVC,2.69,104.4,176,101.7,111,71.3,80,11/21/24 0:00
131,Boston College,ACC,2.69,106.2,140,103.5,137,68,279,11/21/24 0:00
132,Massachusetts,A10,2.55,105,164,102.4,122,71.6,67,11/21/24 0:00
133,Samford,SC,2.39,109.8,82,107.4,239,74.4,8,11/21/24 0:00
134,Towson,CAA,2.39,105.1,159,102.7,126,66.7,333,11/21/24 0:00
135,Toledo,MAC,2.38,110.1,75,107.7,248,71.8,59,11/21/24 0:00
136,Akron,MAC,2.31,104.4,175,102,117,70,151,11/21/24 0:00
137,East Carolina,Amer,2.24,105.9,146,103.6,142,66.3,345,11/21/24 0:00
138,Vermont,AE,2.24,102.7,205,100.5,87,65.5,353,11/21/24 0:00
139,UC San Diego,BW,2.19,107.6,113,105.5,190,67.8,290,11/21/24 0:00
140,Kent St.,MAC,2.19,105.3,158,103.1,131,67.5,309,11/21/24 0:00
141,Furman,SC,2.14,106,143,103.9,155,69.5,190,11/21/24 0:00
142,Utah Valley,WAC,2.13,103.1,199,101,95,70.6,113,11/21/24 0:00
143,Northern Colorado,BSky,2.06,105.7,149,103.6,143,70.8,98,11/21/24 0:00
144,Charlotte,Amer,1.9,106.3,136,104.4,162,65.3,356,11/21/24 0:00
145,George Washington,A10,1.89,107.5,117,105.6,192,71.1,88,11/21/24 0:00
146,UC Davis,BW,1.88,101.4,230,99.6,79,73,25,11/21/24 0:00
147,Lipscomb,ASun,1.73,106.3,137,104.6,172,69.8,173,11/21/24 0:00
148,Northeastern,CAA,1.71,105.9,147,104.1,157,69.2,207,11/21/24 0:00
149,Hofstra,CAA,1.26,103.9,183,102.7,124,67,325,11/21/24 0:00
150,Loyola Marymount,WCC,1.17,105.6,152,104.5,164,67.8,292,11/21/24 0:00
151,Tulane,Amer,0.72,104.5,172,103.8,152,70.4,128,11/21/24 0:00
152,Belmont,MVC,0.66,107.5,119,106.8,223,71.7,65,11/21/24 0:00
153,Texas St.,SB,0.5,101.9,217,101.4,102,68.2,267,11/21/24 0:00
154,Bryant,AE,0.34,103.2,198,102.8,128,75,3,11/21/24 0:00
155,Jacksonville,ASun,0.26,101.9,216,101.6,110,68.5,248,11/21/24 0:00
156,Columbia,Ivy,0.2,109.8,80,109.6,293,69.5,189,11/21/24 0:00
157,Middle Tennessee,CUSA,-0.05,101.4,231,101.4,104,69.6,186,11/21/24 0:00
158,UNC Wilmington,CAA,-0.07,106.2,141,106.3,211,70,152,11/21/24 0:00
159,South Dakota St.,Sum,-0.34,105.7,150,106,205,72.2,49,11/21/24 0:00
160,Ohio,MAC,-0.35,109.6,86,110,301,70,153,11/21/24 0:00
,,,,,Strength of Schedule,NCSOS,,,,11/21/24 0:00
Rk,Team,Conf,NetRtg,ORtg,DRtg,AdjT,Luck,NetRtg,ORtg,11/21/24 0:00
161,North Alabama,ASun,-0.46,106.5,133,107,226,70.6,116,11/21/24 0:00
162,Wofford,SC,-0.66,108.4,101,109,281,66.1,348,11/21/24 0:00
163,Marshall,SB,-0.68,103.7,187,104.4,160,71.3,82,11/21/24 0:00
164,New Mexico St.,CUSA,-0.76,102.9,203,103.7,144,67.8,287,11/21/24 0:00
165,UNC Greensboro,SC,-0.78,104.2,177,105,180,67.8,294,11/21/24 0:00
166,North Florida,ASun,-0.78,109.5,88,110.3,307,70.6,112,11/21/24 0:00
167,Fordham,A10,-0.79,101.1,241,101.9,114,71.5,71,11/21/24 0:00
168,Illinois Chicago,MVC,-0.81,104.9,167,105.7,195,70.9,90,11/21/24 0:00
169,St. Thomas,Sum,-0.93,106.8,126,107.8,253,68.2,266,11/21/24 0:00
170,Chattanooga,SC,-0.96,105.8,148,106.8,221,69.7,181,11/21/24 0:00
171,Cornell,Ivy,-1.01,107.6,115,108.6,267,72.6,38,11/21/24 0:00
172,Longwood,BSth,-1.03,100.5,252,101.5,108,68.8,231,11/21/24 0:00
173,Rice,Amer,-1.09,103.4,192,104.5,166,67.6,299,11/21/24 0:00
174,James Madison,SB,-1.12,104.2,178,105.3,187,68.5,251,11/21/24 0:00
175,UNC Asheville,BSth,-1.13,107.1,125,108.2,262,69.7,177,11/21/24 0:00
176,East Tennessee St.,SC,-1.44,106,144,107.4,240,67.5,308,11/21/24 0:00
177,Winthrop,BSth,-1.44,102.3,210,103.7,146,72.4,42,11/21/24 0:00
178,Hawaii,BW,-1.51,103.4,193,104.9,178,67.3,317,11/21/24 0:00
179,Appalachian St.,SB,-1.56,100.5,257,102,116,68.2,264,11/21/24 0:00
180,Norfolk St.,MEAC,-1.77,104.1,180,105.9,200,67.7,297,11/21/24 0:00
181,Little Rock,OVC,-1.79,102.8,204,104.6,173,69.1,215,11/21/24 0:00
182,Missouri St.,MVC,-1.8,100.4,259,102.2,119,69.4,197,11/21/24 0:00
183,Youngstown St.,Horz,-1.88,102.6,208,104.5,165,69.9,163,11/21/24 0:00
184,Stephen F. Austin,Slnd,-1.94,98.9,286,100.9,93,68.3,261,11/21/24 0:00
185,Drexel,CAA,-1.96,102.1,212,104.1,156,66.5,340,11/21/24 0:00
186,Wright St.,Horz,-1.98,105.6,153,107.6,246,70.7,108,11/21/24 0:00
187,Jacksonville St.,CUSA,-1.98,102.6,207,104.6,171,67.8,288,11/21/24 0:00
188,Cal Baptist,WAC,-2.11,106.6,132,108.7,271,67.8,286,11/21/24 0:00
189,UT Arlington,WAC,-2.13,107.7,112,109.8,297,72.4,41,11/21/24 0:00
190,Kennesaw St.,CUSA,-2.14,106.5,135,108.6,269,73.5,18,11/21/24 0:00
191,Illinois St.,MVC,-2.16,103.7,188,105.8,199,67.5,306,11/21/24 0:00
192,UC Riverside,BW,-2.22,105,162,107.2,234,69.3,201,11/21/24 0:00
193,Southern Utah,WAC,-2.3,104,182,106.3,213,70.5,117,11/21/24 0:00
194,UTEP,CUSA,-2.45,102,214,104.4,161,71.4,78,11/21/24 0:00
195,Montana St.,BSky,-2.51,104.5,173,107,227,69.5,191,11/21/24 0:00
196,Cleveland St.,Horz,-2.58,100.8,247,103.4,134,69.4,196,11/21/24 0:00
197,Northern Kentucky,Horz,-2.63,98.2,300,100.9,92,68.3,263,11/21/24 0:00
198,Saint Peter's,MAAC,-2.66,100,269,102.6,123,65.2,357,11/21/24 0:00
199,UT Rio Grande Valley,Slnd,-2.68,105.4,155,108,259,72.3,48,11/21/24 0:00
200,Tulsa,Amer,-2.68,105,161,107.7,249,70.5,120,11/21/24 0:00
,,,,,Strength of Schedule,NCSOS,,,,11/21/24 0:00
Rk,Team,Conf,NetRtg,ORtg,DRtg,AdjT,Luck,NetRtg,ORtg,11/21/24 0:00
201,Merrimack,MAAC,-2.8,96.8,317,99.6,80,67.4,315,11/21/24 0:00
202,Central Michigan,MAC,-2.87,100.5,254,103.3,133,69.2,206,11/21/24 0:00
203,William & Mary,CAA,-2.89,106.3,139,109.1,284,72.9,30,11/21/24 0:00
204,Oakland,Horz,-2.94,101.3,233,104.3,159,66.8,330,11/21/24 0:00
205,Milwaukee,Horz,-2.99,104.5,174,107.5,242,72.3,47,11/21/24 0:00
206,Montana,BSky,-3.19,105.6,154,108.8,276,68.5,249,11/21/24 0:00
207,South Alabama,SB,-3.2,101.5,229,104.7,175,67.4,312,11/21/24 0:00
208,Georgia Southern,SB,-3.25,103.3,196,106.5,216,75.3,2,11/21/24 0:00
209,Radford,BSth,-3.26,108.8,95,112.1,336,66.6,335,11/21/24 0:00
210,Portland St.,BSky,-3.33,101.8,221,105.2,184,74.7,5,11/21/24 0:00
211,Abilene Christian,WAC,-3.35,101.2,236,104.6,168,70.5,121,11/21/24 0:00
212,Miami OH,MAC,-3.39,104,181,107.4,241,69.4,194,11/21/24 0:00
213,CSUN,BW,-3.45,101.1,242,104.5,167,74.4,7,11/21/24 0:00
214,Richmond,A10,-3.51,100,267,103.5,136,68.8,232,11/21/24 0:00
215,Wyoming,MWC,-3.52,102.3,209,105.8,198,68.2,268,11/21/24 0:00
216,Elon,CAA,-3.63,103.7,189,107.3,236,68.6,245,11/21/24 0:00
217,Texas A&M Corpus Chris,Slnd,-3.81,103.8,185,107.6,245,73.2,21,11/21/24 0:00
218,Kansas City,Sum,-3.92,102.1,213,106,203,68.6,244,11/21/24 0:00
219,Indiana St.,MVC,-3.92,103.9,184,107.9,257,73.9,12,11/21/24 0:00
220,Quinnipiac,MAAC,-3.98,99.6,274,103.6,141,71.6,68,11/21/24 0:00
221,Howard,MEAC,-4.04,103.8,186,107.8,254,68.5,253,11/21/24 0:00
222,Nicholls,Slnd,-4.06,100.9,246,105,179,69.1,218,11/21/24 0:00
223,Eastern Kentucky,ASun,-4.11,105,165,109.1,282,70.4,127,11/21/24 0:00
224,Duquesne,A10,-4.23,101.7,223,106,204,69.1,213,11/21/24 0:00
225,Gardner Webb,BSth,-4.24,102.2,211,106.4,215,69.9,165,11/21/24 0:00
226,Georgia St.,SB,-4.29,101.9,215,106.2,206,70.6,114,11/21/24 0:00
227,Florida Gulf Coast,ASun,-4.59,100.8,248,105.3,188,66.6,336,11/21/24 0:00
228,Grambling St.,SWAC,-4.6,99.2,281,103.8,149,69.2,208,11/21/24 0:00
229,Bucknell,PL,-4.78,100.5,253,105.3,185,69.1,214,11/21/24 0:00
230,Albany,AE,-4.96,101.2,235,106.2,207,71.1,89,11/21/24 0:00
231,Austin Peay,ASun,-5.12,101.7,225,106.8,220,67,323,11/21/24 0:00
232,Idaho St.,BSky,-5.42,100.2,264,105.6,193,66.7,331,11/21/24 0:00
233,Marist,MAAC,-5.67,103.3,195,108.9,278,67.2,320,11/21/24 0:00
234,Weber St.,BSky,-5.68,101.1,239,106.8,222,67.2,322,11/21/24 0:00
235,Colgate,PL,-5.8,98.8,289,104.6,170,69.2,212,11/21/24 0:00
236,Southern Miss,SB,-5.89,100.3,260,106.2,209,73.7,16,11/21/24 0:00
237,South Dakota,Sum,-6.03,105,163,111,323,73.3,19,11/21/24 0:00
238,Louisiana,SB,-6.17,101,245,107.2,232,70.2,136,11/21/24 0:00
239,Eastern Washington,BSky,-6.21,104.6,170,110.8,319,71.8,61,11/21/24 0:00
240,Maine,AE,-6.23,97.3,311,103.5,139,68.5,250,11/21/24 0:00
,,,,,Strength of Schedule,NCSOS,,,,11/21/24 0:00
Rk,Team,Conf,NetRtg,ORtg,DRtg,AdjT,Luck,NetRtg,ORtg,11/21/24 0:00
241,Iona,MAAC,-6.24,100.3,261,106.6,218,70,149,11/21/24 0:00
242,Green Bay,Horz,-6.27,105.3,156,111.6,331,70.3,132,11/21/24 0:00
243,North Dakota St.,Sum,-6.28,104.6,169,110.9,322,66.8,328,11/21/24 0:00
244,Cal St. Bakersfield,BW,-6.41,101.1,238,107.6,244,67.4,311,11/21/24 0:00
245,North Dakota,Sum,-6.43,101.1,240,107.5,243,70.2,141,11/21/24 0:00
246,Central Connecticut,NEC,-6.59,98.4,296,105,181,68,280,11/21/24 0:00
247,Brown,Ivy,-6.64,101.8,219,108.5,264,68.1,270,11/21/24 0:00
248,Delaware,CAA,-6.7,100.5,255,107.2,231,71.9,56,11/21/24 0:00
249,Rider,MAAC,-6.7,100.6,251,107.3,235,68.5,252,11/21/24 0:00
250,American,PL,-6.96,104.6,171,111.6,330,63.7,363,11/21/24 0:00
251,Bowling Green,MAC,-7.42,103.6,190,111.1,325,70.3,131,11/21/24 0:00
252,Mercer,SC,-7.46,100.7,249,108.2,261,73,29,11/21/24 0:00
253,Army,PL,-7.48,103,202,110.5,311,66.7,334,11/21/24 0:00
254,Alabama St.,SWAC,-7.49,99.6,273,107.1,230,70,155,11/21/24 0:00
255,Pepperdine,WCC,-7.49,101.6,227,109.1,283,69.5,192,11/21/24 0:00
256,North Carolina A&T,CAA,-7.51,101.2,234,108.8,274,73,28,11/21/24 0:00
257,Northern Arizona,BSky,-7.55,101.8,222,109.3,287,67.6,300,11/21/24 0:00
258,Cal Poly,BW,-7.65,98.9,287,106.6,219,73.7,15,11/21/24 0:00
259,Pacific,WCC,-7.82,99.2,282,107,225,71.1,86,11/21/24 0:00
260,Southern,SWAC,-7.96,96.8,319,104.8,176,69.8,171,11/21/24 0:00
261,Campbell,CAA,-7.97,100,268,108,258,67.9,284,11/21/24 0:00
262,UTSA,Amer,-7.97,101,244,109,280,72.7,33,11/21/24 0:00
263,North Carolina Central,MEAC,-7.98,101.6,228,109.5,291,68.1,273,11/21/24 0:00
264,Southeastern Louisiana,Slnd,-7.99,99.3,280,107.3,237,69.5,188,11/21/24 0:00
265,Valparaiso,MVC,-8.07,101.8,220,109.9,299,69.8,170,11/21/24 0:00
266,Oral Roberts,Sum,-8.13,103.3,194,111.4,329,70.4,123,11/21/24 0:00
267,Boston University,PL,-8.14,99.6,277,107.8,252,66.5,339,11/21/24 0:00
268,SIUE,OVC,-8.15,98.1,302,106.2,210,68.2,265,11/21/24 0:00
269,Nebraska Omaha,Sum,-8.35,101,243,109.4,288,70.4,125,11/21/24 0:00
270,Robert Morris,Horz,-8.38,96.7,323,105.1,183,69,224,11/21/24 0:00
271,FIU,CUSA,-8.41,97.5,308,105.9,201,73.9,11,11/21/24 0:00
272,Lafayette,PL,-8.48,98.7,290,107.2,233,67.3,318,11/21/24 0:00
273,Presbyterian,BSth,-8.57,104.2,179,112.7,342,66.6,338,11/21/24 0:00
274,Harvard,Ivy,-8.81,98.9,288,107.7,251,69.7,180,11/21/24 0:00
275,Fresno St.,MWC,-8.85,97.1,316,105.9,202,74.9,4,11/21/24 0:00
276,Monmouth,CAA,-8.88,101.7,224,110.6,314,70.6,115,11/21/24 0:00
277,Texas Southern,SWAC,-9.01,97.5,306,106.5,217,70.9,91,11/21/24 0:00
278,Mount St. Mary's,MAAC,-9.01,96.6,326,105.6,194,69.6,184,11/21/24 0:00
279,Western Carolina,SC,-9.08,97.9,303,107,224,70.9,94,11/21/24 0:00
280,Bethune Cookman,SWAC,-9.11,96.4,328,105.5,191,70.7,106,11/21/24 0:00
,,,,,Strength of Schedule,NCSOS,,,,11/21/24 0:00
Rk,Team,Conf,NetRtg,ORtg,DRtg,AdjT,Luck,NetRtg,ORtg,11/21/24 0:00
281,Ball St.,MAC,-9.11,99.6,275,108.7,273,70.1,145,11/21/24 0:00
282,San Jose St.,MWC,-9.13,100.4,258,109.6,292,65.4,355,11/21/24 0:00
283,Long Beach St.,BW,-9.42,100.2,263,109.7,294,67,324,11/21/24 0:00
284,Idaho,BSky,-9.47,100.7,250,110.1,303,68.7,236,11/21/24 0:00
285,Lehigh,PL,-9.55,100.5,256,110,302,69.5,193,11/21/24 0:00
286,Morehead St.,OVC,-9.55,96.2,331,105.7,196,68,281,11/21/24 0:00
287,Evansville,MVC,-9.67,101.4,232,111,324,69.7,179,11/21/24 0:00
288,Portland,WCC,-9.71,99.8,271,109.5,289,69.6,182,11/21/24 0:00
289,Lamar,Slnd,-9.77,101.8,218,111.6,332,70,156,11/21/24 0:00
290,Fairfield,MAAC,-9.84,95.6,339,105.4,189,69.2,211,11/21/24 0:00
291,Northwestern St.,Slnd,-9.89,99.6,276,109.5,290,68.4,258,11/21/24 0:00
292,San Diego,WCC,-9.93,95.8,334,105.8,197,73.1,23,11/21/24 0:00
293,Wagner,NEC,-10,93.3,353,103.3,132,63.9,361,11/21/24 0:00
294,Tennessee St.,OVC,-10,98.7,291,108.7,272,71.4,74,11/21/24 0:00
295,Penn,Ivy,-10.05,103.6,191,113.6,351,66.5,341,11/21/24 0:00
296,Incarnate Word,Slnd,-10.05,103.1,200,113.2,344,69.1,219,11/21/24 0:00
297,Siena,MAAC,-10.28,97.1,314,107.4,238,66.9,326,11/21/24 0:00
298,Cal St. Fullerton,BW,-10.29,96.8,322,107,228,67.6,303,11/21/24 0:00
299,South Carolina St.,MEAC,-10.48,97.4,309,107.8,256,71.4,75,11/21/24 0:00
300,Tarleton St.,WAC,-10.6,97.1,313,107.7,250,70.1,146,11/21/24 0:00
301,Queens,ASun,-10.75,95.7,336,106.4,214,72.6,37,11/21/24 0:00
302,Denver,Sum,-10.77,99,283,109.8,295,71.9,55,11/21/24 0:00
303,Charleston Southern,BSth,-10.81,99.5,278,110.3,309,70.7,109,11/21/24 0:00
304,Air Force,MWC,-11.01,101.2,237,112.2,337,62.8,364,11/21/24 0:00
305,Coastal Carolina,SB,-11.03,97.5,307,108.6,266,66,350,11/21/24 0:00
306,Hampton,CAA,-11.12,97.7,305,108.8,277,67.3,319,11/21/24 0:00
307,Stony Brook,CAA,-11.42,99.8,270,111.2,328,69.4,200,11/21/24 0:00
308,Old Dominion,SB,-11.57,98.7,292,110.2,304,70.6,111,11/21/24 0:00
309,Eastern Michigan,MAC,-11.6,96.2,330,107.8,255,67.8,289,11/21/24 0:00
310,Holy Cross,PL,-11.7,102.6,206,114.3,356,66.7,332,11/21/24 0:00
311,Utah Tech,WAC,-11.71,98.6,295,110.3,310,71.9,58,11/21/24 0:00
312,UMBC,AE,-11.79,103.1,201,114.9,359,70.8,100,11/21/24 0:00
313,Sacramento St.,BSky,-11.9,95.2,343,107.1,229,66.3,346,11/21/24 0:00
314,Navy,PL,-12,99.7,272,111.7,333,69.1,222,11/21/24 0:00
315,Tennessee Martin,OVC,-12.13,95.6,340,107.7,247,71.8,60,11/21/24 0:00
316,Manhattan,MAAC,-12.22,98.6,293,110.9,320,69.8,168,11/21/24 0:00
317,Southern Indiana,OVC,-12.57,97.7,304,110.3,308,68.4,254,11/21/24 0:00
318,Eastern Illinois,OVC,-12.57,96.1,333,108.6,268,69.1,220,11/21/24 0:00
319,Detroit Mercy,Horz,-12.88,97.4,310,110.2,305,68.4,259,11/21/24 0:00
320,Jackson St.,SWAC,-13.02,96.8,320,109.8,296,70.7,105,11/21/24 0:00
,,,,,Strength of Schedule,NCSOS,,,,11/21/24 0:00
Rk,Team,Conf,NetRtg,ORtg,DRtg,AdjT,Luck,NetRtg,ORtg,11/21/24 0:00
321,Southeast Missouri,OVC,-13.06,96.8,318,109.9,298,72.7,34,11/21/24 0:00
322,Morgan St.,MEAC,-13.29,99,284,112.3,338,73,27,11/21/24 0:00
323,Western Michigan,MAC,-13.35,98.6,294,112,335,69.2,210,11/21/24 0:00
324,Loyola MD,PL,-13.52,95,344,108.5,265,69.7,178,11/21/24 0:00
325,The Citadel,SC,-13.55,95.6,338,109.2,285,67.6,298,11/21/24 0:00
326,Binghamton,AE,-13.71,98.2,301,111.9,334,67.6,302,11/21/24 0:00
327,Louisiana Monroe,SB,-13.81,94.3,349,108.1,260,69.8,169,11/21/24 0:00
328,USC Upstate,BSth,-13.85,100,266,113.9,353,71.8,62,11/21/24 0:00
329,Western Illinois,OVC,-13.87,96.7,324,110.6,315,65.7,352,11/21/24 0:00
330,Tennessee Tech,OVC,-14.05,96.6,325,110.7,316,68.8,230,11/21/24 0:00
331,Stetson,ASun,-14.08,98.2,299,112.3,339,68.8,233,11/21/24 0:00
332,Northern Illinois,MAC,-14.27,94.7,346,109,279,69.3,202,11/21/24 0:00
333,Buffalo,MAC,-14.27,99,285,113.2,345,72,53,11/21/24 0:00
334,Niagara,MAAC,-14.36,98.4,297,112.8,343,67.6,305,11/21/24 0:00
335,LIU,NEC,-14.69,96.5,327,111.2,327,70.7,107,11/21/24 0:00
336,Bellarmine,ASun,-14.81,99.4,279,114.2,355,67.5,307,11/21/24 0:00
337,Central Arkansas,ASun,-14.95,95.8,335,110.7,317,70.2,138,11/21/24 0:00
338,Sacred Heart,MAAC,-15.24,100.2,265,115.4,360,70,154,11/21/24 0:00
339,Saint Francis,NEC,-15.52,93.2,354,108.8,275,70.2,139,11/21/24 0:00
340,Le Moyne,NEC,-15.72,96.8,321,112.5,341,69.4,199,11/21/24 0:00
341,VMI,SC,-15.86,94.7,347,110.5,313,72.2,51,11/21/24 0:00
342,Mercyhurst,NEC,-15.9,95,345,110.9,321,66.2,347,11/21/24 0:00
343,West Georgia,ASun,-16.55,97.2,312,113.8,352,69,225,11/21/24 0:00
344,Stonehill,NEC,-16.59,92.1,359,108.7,270,69.6,187,11/21/24 0:00
345,Alabama A&M,SWAC,-17.08,91.3,362,108.4,263,73.1,22,11/21/24 0:00
346,Delaware St.,MEAC,-17.1,92.2,358,109.3,286,70.4,126,11/21/24 0:00
347,Prairie View A&M,SWAC,-17.28,96.3,329,113.6,350,73.8,14,11/21/24 0:00
348,Dartmouth,Ivy,-17.34,92.6,355,109.9,300,70.6,110,11/21/24 0:00
349,Fairleigh Dickinson,NEC,-17.37,98.3,298,115.7,361,72.8,32,11/21/24 0:00
350,Texas A&M Commerce,Slnd,-17.7,92.6,356,110.3,306,71.3,81,11/21/24 0:00
351,Alcorn St.,SWAC,-18.64,95.4,341,114.1,354,66.8,327,11/21/24 0:00
352,Florida A&M,SWAC,-18.76,92.3,357,111.1,326,70.2,135,11/21/24 0:00
353,Chicago St.,NEC,-18.78,91.7,360,110.5,312,71.7,66,11/21/24 0:00
354,Lindenwood,OVC,-19.08,95.3,342,114.4,357,68.6,241,11/21/24 0:00
355,Canisius,MAAC,-19.17,97.1,315,116.3,363,68.6,243,11/21/24 0:00
356,New Hampshire,AE,-19.43,93.9,350,113.3,347,69.3,204,11/21/24 0:00
357,Houston Christian,Slnd,-19.46,93.8,351,113.3,346,69.7,176,11/21/24 0:00
358,IU Indy,Horz,-19.71,96.1,332,115.9,362,69.9,166,11/21/24 0:00
359,New Orleans,Slnd,-20.03,93.4,352,113.5,348,71.6,69,11/21/24 0:00
360,Maryland Eastern Shore,MEAC,-20.23,94.6,348,114.9,358,68.6,242,11/21/24 0:00
,,,,,Strength of Schedule,NCSOS,,,,11/21/24 0:00
Rk,Team,Conf,NetRtg,ORtg,DRtg,AdjT,Luck,NetRtg,ORtg,11/21/24 0:00
361,NJIT,AE,-20.83,91.6,361,112.5,340,66.3,344,11/21/24 0:00
362,Arkansas Pine Bluff,SWAC,-22.19,95.7,337,117.8,364,71.8,63,11/21/24 0:00
363,Coppin St.,MEAC,-24.83,86,364,110.8,318,69.1,221,11/21/24 0:00
364,Mississippi Valley St.,SWAC,-26.49,87.1,363,113.6,349,68.1,275,11/21/24 0:00
1,Gonzaga,WCC,30.76,125,1,94.2,17,71.1,80,11/22/24 0:00
2,Auburn,SEC,30.55,122.1,2,91.5,5,69.7,160,11/22/24 0:00
3,Houston,B12,29.9,119.7,4,89.8,2,65.8,349,11/22/24 0:00
4,Duke,ACC,28.24,118.2,10,89.9,3,69.9,151,11/22/24 0:00
5,Tennessee,SEC,27.89,116.7,19,88.8,1,68.5,240,11/22/24 0:00
6,Connecticut,BE,26.62,118.3,8,91.7,6,67.9,274,11/22/24 0:00
7,Iowa St.,B12,24.68,115.1,29,90.4,4,69.2,196,11/22/24 0:00
8,Kansas,B12,24.42,118,11,93.5,12,71.1,81,11/22/24 0:00
9,Alabama,SEC,23.95,120.9,3,97,49,73.8,11,11/22/24 0:00
10,Cincinnati,B12,23.25,117.4,13,94.2,16,67.8,277,11/22/24 0:00
11,Baylor,B12,22.86,119.6,5,96.8,45,68.4,244,11/22/24 0:00
12,North Carolina,ACC,22.71,118.9,6,96.2,35,73.6,13,11/22/24 0:00
13,Marquette,BE,22.64,115.6,26,92.9,9,70.6,100,11/22/24 0:00
14,Pittsburgh,ACC,22.14,116.1,22,94,15,69.6,166,11/22/24 0:00
15,Kentucky,SEC,21.91,117.7,12,95.8,32,72.6,30,11/22/24 0:00
16,St. John's,BE,21.82,116.3,20,94.5,19,70.5,107,11/22/24 0:00
17,Arizona,B12,21.7,117.3,14,95.6,31,74.5,4,11/22/24 0:00
18,Texas A&M,SEC,21.59,115.8,24,94.2,18,67.2,311,11/22/24 0:00
19,Texas Tech,B12,21.59,117.1,17,95.5,28,68,268,11/22/24 0:00
20,Creighton,BE,21.28,117.2,15,95.9,33,70.3,118,11/22/24 0:00
21,Florida,SEC,20.89,118.2,9,97.3,50,71.1,76,11/22/24 0:00
22,Ohio St.,B10,20.89,114.9,32,94,14,69,212,11/22/24 0:00
23,Purdue,B10,20.77,118.7,7,98,59,67.3,309,11/22/24 0:00
24,Michigan,B10,19.4,114.2,37,94.8,23,70,136,11/22/24 0:00
25,UCLA,B10,19.19,113.1,44,93.9,13,67,317,11/22/24 0:00
26,Mississippi St.,SEC,19.16,114.7,33,95.5,29,70,134,11/22/24 0:00
27,Texas,SEC,19.05,114,39,94.9,24,68.8,225,11/22/24 0:00
28,BYU,B12,18.71,116.2,21,97.5,54,70.6,98,11/22/24 0:00
29,Illinois,B10,18.35,114.6,34,96.3,36,72.9,23,11/22/24 0:00
30,Maryland,B10,18.29,111.3,59,93.1,11,69.1,202,11/22/24 0:00
31,Oregon,B10,17.91,114.5,36,96.5,42,69.5,180,11/22/24 0:00
32,Arkansas,SEC,17.91,110.9,62,93,10,70.6,103,11/22/24 0:00
33,Memphis,Amer,17.89,112.8,46,94.9,25,72.4,35,11/22/24 0:00
34,Penn St.,B10,17.7,115.8,25,98.1,61,73.4,18,11/22/24 0:00
35,Boise St.,MWC,17.59,115.1,28,97.5,53,68.9,222,11/22/24 0:00
36,Clemson,ACC,17.37,114.2,38,96.8,46,68.2,259,11/22/24 0:00
37,Indiana,B10,17.36,112.3,51,95,26,71.1,78,11/22/24 0:00
38,Dayton,A10,16.98,112.6,48,95.6,30,67.4,295,11/22/24 0:00
39,Wisconsin,B10,16.96,116.8,18,99.8,81,68.6,230,11/22/24 0:00
40,Iowa,B10,16.68,115.1,30,98.4,67,72.1,47,11/22/24 0:00
,,,,,Strength of Schedule,NCSOS,,,,11/22/24 0:00
Rk,Team,Conf,NetRtg,ORtg,DRtg,AdjT,Luck,NetRtg,ORtg,11/22/24 0:00
41,Saint Mary's,WCC,16.57,117.2,16,100.6,88,65.5,352,11/22/24 0:00
42,Xavier,BE,16.49,115,31,98.5,70,69.6,165,11/22/24 0:00
43,VCU,A10,16.42,109.1,95,92.7,8,70.2,121,11/22/24 0:00
44,Nevada,MWC,16.31,113.3,42,96.9,48,66.9,321,11/22/24 0:00
45,Michigan St.,B10,15.96,110.7,65,94.8,22,69.7,163,11/22/24 0:00
46,Oklahoma,SEC,15.12,110.5,69,95.4,27,69.1,199,11/22/24 0:00
47,Mississippi,SEC,14.88,114.5,35,99.6,79,68.5,241,11/22/24 0:00
48,LSU,SEC,14.84,112.5,49,97.7,56,69.9,147,11/22/24 0:00
49,Utah St.,MWC,14.42,115.5,27,101,96,71.7,57,11/22/24 0:00
50,Notre Dame,ACC,13.98,111.8,54,97.9,58,67.6,288,11/22/24 0:00
51,Utah,B12,13.36,111.7,58,98.4,65,71.3,71,11/22/24 0:00
52,San Francisco,WCC,13.26,110.7,66,97.4,52,69.8,154,11/22/24 0:00
53,Missouri,SEC,13.17,113.3,40,100.1,84,68.4,247,11/22/24 0:00
54,UC Irvine,BW,13.06,107.8,111,94.7,21,70,141,11/22/24 0:00
55,New Mexico,MWC,13.02,109.3,91,96.3,37,75.8,1,11/22/24 0:00
56,San Diego St.,MWC,13.01,107.6,118,94.6,20,67.7,280,11/22/24 0:00
57,N.C. State,ACC,12.85,111.7,57,98.9,73,70.9,89,11/22/24 0:00
58,Georgia,SEC,12.8,111.8,56,99,75,69.8,152,11/22/24 0:00
59,Louisville,ACC,12.53,110.6,68,98.1,63,72.2,44,11/22/24 0:00
60,Northwestern,B10,12.3,109.9,78,97.6,55,66,345,11/22/24 0:00
61,Villanova,BE,12.29,113.2,43,100.9,94,67.6,287,11/22/24 0:00
62,TCU,B12,12.26,108.8,97,96.6,44,69.9,146,11/22/24 0:00
63,Miami FL,ACC,12.03,115.8,23,103.8,149,68.9,217,11/22/24 0:00
64,Nebraska,B10,11.93,108.5,101,96.5,43,70.6,104,11/22/24 0:00
65,UCF,B12,11.77,110.3,73,98.5,69,69.9,150,11/22/24 0:00
66,Arizona St.,B12,11.68,110.2,74,98.5,71,70.7,96,11/22/24 0:00
67,Rutgers,B10,11.53,110.4,70,98.9,74,69.7,164,11/22/24 0:00
68,SMU,ACC,11.49,112.9,45,101.4,101,72.2,42,11/22/24 0:00
69,Stanford,ACC,11.32,112.6,47,101.3,100,66.6,332,11/22/24 0:00
70,Colorado,B12,11.14,109.2,93,98.1,62,68.6,234,11/22/24 0:00
71,West Virginia,B12,11.11,109.2,94,98.1,60,69.9,148,11/22/24 0:00
72,Liberty,CUSA,10.97,107.4,122,96.5,41,65,357,11/22/24 0:00
73,Kansas St.,B12,10.53,108.2,102,97.7,57,68.4,243,11/22/24 0:00
74,Providence,BE,10.48,106.8,132,96.3,38,66.3,341,11/22/24 0:00
75,South Carolina,SEC,10.45,109.6,85,99.2,77,67.7,284,11/22/24 0:00
76,North Texas,Amer,10.25,107.6,116,97.4,51,64.6,359,11/22/24 0:00
77,Florida Atlantic,Amer,10.08,113.3,41,103.2,131,73.3,19,11/22/24 0:00
78,Minnesota,B10,9.88,106,149,96.1,34,64,360,11/22/24 0:00
79,Vanderbilt,SEC,9.71,112.5,50,102.8,126,71.3,70,11/22/24 0:00
80,Florida St.,ACC,9.67,106.6,136,96.9,47,72.6,32,11/22/24 0:00
,,,,,Strength of Schedule,NCSOS,,,,11/22/24 0:00
Rk,Team,Conf,NetRtg,ORtg,DRtg,AdjT,Luck,NetRtg,ORtg,11/22/24 0:00
81,USC,B10,9.61,111.8,55,102.2,117,69.6,167,11/22/24 0:00
82,Washington,B10,9.28,105.7,153,96.4,40,70.6,102,11/22/24 0:00
83,Washington St.,WCC,9.16,110.3,72,101.1,99,72.4,36,11/22/24 0:00
84,Louisiana Tech,CUSA,9.03,110,76,101,95,67.3,308,11/22/24 0:00
85,Wake Forest,ACC,8.89,107.9,107,99,76,69.6,169,11/22/24 0:00
86,Seton Hall,BE,8.44,100.4,258,92,7,65,356,11/22/24 0:00
87,Virginia,ACC,8.44,104.8,169,96.4,39,63.4,363,11/22/24 0:00
88,UNLV,MWC,8.4,111.3,60,102.9,129,68.3,254,11/22/24 0:00
89,Butler,BE,8.35,109.4,88,101,98,68.5,242,11/22/24 0:00
90,Saint Joseph's,A10,8.1,109.6,86,101.5,102,71.1,79,11/22/24 0:00
91,George Mason,A10,8,107.2,125,99.2,78,67.6,289,11/22/24 0:00
92,Bradley,MVC,7.99,110.2,75,102.2,115,68.5,238,11/22/24 0:00
93,Murray St.,MVC,7.83,110.9,61,103.1,130,67.6,290,11/22/24 0:00
94,Loyola Chicago,A10,7.79,107.9,108,100.1,83,69.7,159,11/22/24 0:00
95,Wichita St.,Amer,7.69,109.4,90,101.7,105,70.9,85,11/22/24 0:00
96,Yale,Ivy,7.64,110.4,71,102.8,125,68.7,226,11/22/24 0:00
97,Oklahoma St.,B12,7.61,106.1,145,98.5,68,74.3,6,11/22/24 0:00
98,Colorado St.,MWC,7.43,108.2,103,100.7,92,68.1,263,11/22/24 0:00
99,Oregon St.,WCC,7.29,107.7,114,100.4,86,66.4,338,11/22/24 0:00
100,Grand Canyon,WAC,6.96,109.3,92,102.3,119,71.1,77,11/22/24 0:00
101,Syracuse,ACC,6.95,110.7,67,103.7,146,71.5,63,11/22/24 0:00
102,McNeese,Slnd,6.9,107.6,117,100.7,89,68.1,264,11/22/24 0:00
103,Arkansas St.,SB,6.8,107.1,128,100.3,85,70.3,119,11/22/24 0:00
104,Santa Clara,WCC,6.77,110.7,64,104,155,69.6,175,11/22/24 0:00
105,Georgia Tech,ACC,6.54,108.1,105,101.6,104,72.4,37,11/22/24 0:00
106,UAB,Amer,6.34,109.9,79,103.5,137,70,139,11/22/24 0:00
107,Rhode Island,A10,6.26,109.8,81,103.6,139,72.3,39,11/22/24 0:00
108,Drake,MVC,6.08,107.8,110,101.8,109,66.5,335,11/22/24 0:00
109,High Point,BSth,5.85,112.1,52,106.3,208,67.5,293,11/22/24 0:00
110,Georgetown,BE,5.81,109.7,82,103.9,152,68.9,219,11/22/24 0:00
111,Sam Houston St.,CUSA,5.51,110,77,104.4,160,70.4,114,11/22/24 0:00
112,St. Bonaventure,A10,5.11,106.8,131,101.7,108,67.3,304,11/22/24 0:00
113,Princeton,Ivy,4.94,109.4,89,104.5,162,68,270,11/22/24 0:00
114,Troy,SB,4.86,103.1,199,98.3,64,70.1,133,11/22/24 0:00
115,Saint Louis,A10,4.54,109.7,83,105.1,182,71.7,58,11/22/24 0:00
116,Purdue Fort Wayne,Horz,4.5,110.8,63,106.3,211,70.7,95,11/22/24 0:00
117,Northern Iowa,MVC,4.26,108.1,106,103.8,150,67.6,291,11/22/24 0:00
118,Temple,Amer,4.18,108.2,104,104,156,69.1,204,11/22/24 0:00
119,California,ACC,4.09,106.4,140,102.3,118,70.9,86,11/22/24 0:00
120,DePaul,BE,4.04,107.7,113,103.7,144,68.5,236,11/22/24 0:00
,,,,,Strength of Schedule,NCSOS,,,,11/22/24 0:00
Rk,Team,Conf,NetRtg,ORtg,DRtg,AdjT,Luck,NetRtg,ORtg,11/22/24 0:00
121,Toledo,MAC,4.01,111.9,53,107.9,253,72.1,50,11/22/24 0:00
122,Charleston,CAA,3.74,107.7,115,103.9,154,71.4,65,11/22/24 0:00
123,Davidson,A10,3.7,108.6,99,104.9,178,68.5,235,11/22/24 0:00
124,UC Santa Barbara,BW,3.25,108.6,100,105.3,186,68.5,237,11/22/24 0:00
125,South Florida,Amer,3.09,104.8,170,101.7,106,70.8,93,11/22/24 0:00
126,La Salle,A10,3.01,103.7,185,100.7,91,70.1,130,11/22/24 0:00
127,Virginia Tech,ACC,3.01,105,165,102,112,67.9,271,11/22/24 0:00
128,Seattle,WAC,2.92,106.7,135,103.7,147,68.6,233,11/22/24 0:00
129,UC San Diego,BW,2.92,107.3,123,104.4,159,68.1,262,11/22/24 0:00
130,UMass Lowell,AE,2.89,107.5,120,104.6,170,72.2,45,11/22/24 0:00
131,Western Kentucky,CUSA,2.83,101.7,225,98.9,72,74,10,11/22/24 0:00
132,Massachusetts,A10,2.6,105,162,102.4,121,71.4,66,11/22/24 0:00
133,Southern Illinois,MVC,2.6,104.4,177,101.9,110,70.9,87,11/22/24 0:00
134,Towson,CAA,2.55,105,164,102.4,122,66.4,337,11/22/24 0:00
135,Boston College,ACC,2.5,106.2,144,103.7,145,67.8,279,11/22/24 0:00
136,Akron,MAC,2.3,104.4,179,102.1,114,69.8,153,11/22/24 0:00
137,Samford,SC,2.15,109.7,84,107.5,243,74.1,8,11/22/24 0:00
138,Vermont,AE,2.14,102.7,205,100.6,87,65.3,353,11/22/24 0:00
139,Furman,SC,2.13,106.1,146,103.9,153,69.3,187,11/22/24 0:00
140,Utah Valley,WAC,2.13,103.2,196,101,97,70.4,116,11/22/24 0:00
141,Northern Colorado,BSky,2.11,105.7,151,103.6,141,70.5,106,11/22/24 0:00
142,Charlotte,Amer,2.06,106.7,133,104.7,175,65.1,355,11/22/24 0:00
143,UC Davis,BW,1.87,101.5,230,99.6,80,72.8,25,11/22/24 0:00
144,George Washington,A10,1.85,107.5,119,105.7,192,70.8,92,11/22/24 0:00
145,Wright St.,Horz,1.83,107.2,124,105.4,187,70,135,11/22/24 0:00
146,Lipscomb,ASun,1.74,106.3,141,104.6,169,69.6,173,11/22/24 0:00
147,Hofstra,CAA,1.37,104.1,182,102.7,124,66.7,326,11/22/24 0:00
148,Loyola Marymount,WCC,1.17,105.7,154,104.5,163,67.6,292,11/22/24 0:00
149,Northeastern,CAA,1.14,105.8,150,104.6,173,69.1,205,11/22/24 0:00
150,James Madison,SB,0.99,106.6,138,105.6,189,69.1,200,11/22/24 0:00
151,Tulane,Amer,0.71,104.6,174,103.9,151,70.2,126,11/22/24 0:00
152,Belmont,MVC,0.63,107.5,121,106.8,222,71.4,67,11/22/24 0:00
153,East Carolina,Amer,0.62,106.7,134,106,204,66.8,324,11/22/24 0:00
154,Kent St.,MAC,0.46,105.3,158,104.9,177,67.3,306,11/22/24 0:00
155,Jacksonville,ASun,0.24,101.9,215,101.7,107,68.3,255,11/22/24 0:00
156,Middle Tennessee,CUSA,0.19,100.9,246,100.7,90,69.9,144,11/22/24 0:00
157,Columbia,Ivy,0.19,109.9,80,109.7,296,69.3,186,11/22/24 0:00
158,UNC Greensboro,SC,-0.05,103.6,190,103.7,143,67.4,301,11/22/24 0:00
159,UNC Wilmington,CAA,-0.08,106.3,143,106.3,210,69.8,155,11/22/24 0:00
160,South Dakota St.,Sum,-0.33,105.7,152,106.1,205,72,52,11/22/24 0:00
,,,,,Strength of Schedule,NCSOS,,,,11/22/24 0:00
Rk,Team,Conf,NetRtg,ORtg,DRtg,AdjT,Luck,NetRtg,ORtg,11/22/24 0:00
161,North Alabama,ASun,-0.35,106.5,139,106.9,224,70.4,113,11/22/24 0:00
162,Ohio,MAC,-0.39,109.1,96,109.4,292,70.1,128,11/22/24 0:00
163,Jacksonville St.,CUSA,-0.43,104.8,168,105.3,184,68.3,256,11/22/24 0:00
164,Wofford,SC,-0.49,108.8,98,109.3,288,65.8,348,11/22/24 0:00
165,Marshall,SB,-0.5,103.7,186,104.2,157,71,84,11/22/24 0:00
166,Texas St.,SB,-0.57,101.8,221,102.4,120,68.3,252,11/22/24 0:00
167,Fordham,A10,-0.67,101.2,234,101.9,111,71.2,74,11/22/24 0:00
168,North Florida,ASun,-0.83,109.4,87,110.3,306,70.4,111,11/22/24 0:00
169,New Mexico St.,CUSA,-0.83,102.8,204,103.6,140,67.7,281,11/22/24 0:00
170,Chattanooga,SC,-0.85,106,148,106.9,223,69.5,177,11/22/24 0:00
171,Longwood,BSth,-1,100.5,257,101.5,103,68.7,228,11/22/24 0:00
172,St. Thomas,Sum,-1.04,106.9,129,108,255,67.8,278,11/22/24 0:00
173,Bryant,AE,-1.09,102.4,207,103.5,135,74,9,11/22/24 0:00
174,Rice,Amer,-1.13,103.4,192,104.6,167,67.4,297,11/22/24 0:00
175,UNC Asheville,BSth,-1.15,107.2,126,108.3,262,69.4,182,11/22/24 0:00
176,Youngstown St.,Horz,-1.22,101.6,227,102.8,128,70.2,123,11/22/24 0:00
177,East Tennessee St.,SC,-1.43,106,147,107.5,241,67.3,307,11/22/24 0:00
178,Winthrop,BSth,-1.45,102.3,209,103.8,148,72.2,46,11/22/24 0:00
179,Appalachian St.,SB,-1.51,100.5,253,102,113,68,269,11/22/24 0:00
180,Hawaii,BW,-1.51,103.4,193,105,179,67.1,315,11/22/24 0:00
181,Norfolk St.,MEAC,-1.53,104.1,180,105.7,193,67.3,303,11/22/24 0:00
182,Little Rock,OVC,-1.8,102.9,203,104.7,174,68.9,218,11/22/24 0:00
183,Missouri St.,MVC,-1.81,100.4,260,102.2,116,69.2,194,11/22/24 0:00
184,Kennesaw St.,CUSA,-1.97,106.9,130,108.9,276,73.3,20,11/22/24 0:00
185,Drexel,CAA,-2.03,102.2,211,104.3,158,66.1,344,11/22/24 0:00
186,Cal Baptist,WAC,-2.09,106.6,137,108.7,265,67.7,286,11/22/24 0:00
187,Illinois St.,MVC,-2.1,103.7,187,105.8,196,67.3,302,11/22/24 0:00
188,UT Arlington,WAC,-2.14,107.7,112,109.9,301,72.2,43,11/22/24 0:00
189,UC Riverside,BW,-2.25,104.9,166,107.2,232,69.1,201,11/22/24 0:00
190,Southern Utah,WAC,-2.36,104.1,183,106.4,213,70.3,117,11/22/24 0:00
191,Cleveland St.,Horz,-2.42,101,243,103.4,133,69.2,193,11/22/24 0:00
192,UTEP,CUSA,-2.45,102,214,104.4,161,71.1,75,11/22/24 0:00
193,Montana St.,BSky,-2.54,104.6,175,107.1,228,69.3,189,11/22/24 0:00
194,Saint Peter's,MAAC,-2.55,100.1,266,102.7,123,64.9,358,11/22/24 0:00
195,Northern Kentucky,Horz,-2.63,98.3,297,100.9,93,68.1,267,11/22/24 0:00
196,UT Rio Grande Valley,Slnd,-2.68,105.4,156,108.1,256,72.1,49,11/22/24 0:00
197,Tulsa,Amer,-2.79,105,163,107.8,250,70.2,122,11/22/24 0:00
198,Central Michigan,MAC,-2.88,100.5,252,103.4,134,69,206,11/22/24 0:00
199,William & Mary,CAA,-2.97,106.3,142,109.3,286,72.7,28,11/22/24 0:00
200,Miami OH,MAC,-2.97,104.4,178,107.3,237,69.4,185,11/22/24 0:00
,,,,,Strength of Schedule,NCSOS,,,,11/22/24 0:00
Rk,Team,Conf,NetRtg,ORtg,DRtg,AdjT,Luck,NetRtg,ORtg,11/22/24 0:00
201,Milwaukee,Horz,-3.02,104.5,176,107.5,244,72.1,51,11/22/24 0:00
202,Montana,BSky,-3.08,105.7,155,108.7,267,68.3,251,11/22/24 0:00
203,South Alabama,SB,-3.08,101.5,231,104.5,165,67.2,312,11/22/24 0:00
204,Illinois Chicago,MVC,-3.12,105,161,108.2,258,71.8,55,11/22/24 0:00
205,Georgia Southern,SB,-3.26,103.3,195,106.5,216,75.1,2,11/22/24 0:00
206,Portland St.,BSky,-3.28,101.9,218,105.1,183,74.4,5,11/22/24 0:00
207,Merrimack,MAAC,-3.29,96.7,322,100,82,67.1,314,11/22/24 0:00
208,Stephen F. Austin,Slnd,-3.32,95.1,341,98.4,66,68.6,232,11/22/24 0:00
209,Abilene Christian,WAC,-3.43,101.2,235,104.6,172,70.2,127,11/22/24 0:00
210,CSUN,BW,-3.43,101.1,240,104.5,164,74.2,7,11/22/24 0:00
211,Cornell,Ivy,-3.45,107.1,127,110.6,315,72.6,31,11/22/24 0:00
212,Richmond,A10,-3.45,100.1,269,103.5,136,68.5,239,11/22/24 0:00
213,Elon,CAA,-3.61,103.7,188,107.3,235,68.3,250,11/22/24 0:00
214,Wyoming,MWC,-3.68,102.2,210,105.9,199,67.9,272,11/22/24 0:00
215,Indiana St.,MVC,-3.82,104.1,181,107.9,254,73.5,16,11/22/24 0:00
216,Kansas City,Sum,-3.92,102.1,213,106,203,68.4,248,11/22/24 0:00
217,Quinnipiac,MAAC,-3.99,99.7,274,103.7,142,71.3,69,11/22/24 0:00
218,Nicholls,Slnd,-4.01,101.1,239,105.1,180,68.8,224,11/22/24 0:00
219,Eastern Kentucky,ASun,-4.02,105.1,159,109.1,283,70.2,124,11/22/24 0:00
220,Howard,MEAC,-4.05,103.8,184,107.9,252,68.2,258,11/22/24 0:00
221,Georgia St.,SB,-4.11,101.9,219,106,202,70.2,120,11/22/24 0:00
222,Gardner Webb,BSth,-4.13,102.3,208,106.5,214,69.7,162,11/22/24 0:00
223,Florida Gulf Coast,ASun,-4.22,100.9,247,105.1,181,66.6,331,11/22/24 0:00
224,Radford,BSth,-4.23,107.9,109,112.1,336,66.3,339,11/22/24 0:00
225,Texas A&M Corpus Chris,Slnd,-4.36,104.7,173,109,281,72.3,40,11/22/24 0:00
226,Bucknell,PL,-4.4,100.9,245,105.3,185,69.5,179,11/22/24 0:00
227,Duquesne,A10,-4.53,101.7,226,106.2,206,68.9,216,11/22/24 0:00
228,Grambling St.,SWAC,-4.84,98,301,102.8,127,69.6,168,11/22/24 0:00
229,Oakland,Horz,-4.9,100.9,244,105.8,198,66.2,342,11/22/24 0:00
230,Albany,AE,-4.96,101.3,233,106.2,207,70.8,91,11/22/24 0:00
231,Austin Peay,ASun,-5.01,101.8,223,106.8,220,66.8,322,11/22/24 0:00
232,Idaho St.,BSky,-5.42,100.3,263,105.7,194,66.5,333,11/22/24 0:00
233,Marist,MAAC,-5.65,103.3,194,109,279,67,319,11/22/24 0:00
234,Weber St.,BSky,-5.72,101.1,241,106.8,221,67,320,11/22/24 0:00
235,Colgate,PL,-5.73,98.9,288,104.6,171,69,207,11/22/24 0:00
236,Southern Miss,SB,-5.88,100.4,261,106.3,209,73.5,15,11/22/24 0:00
237,South Dakota,Sum,-6.02,105,160,111.1,324,73.1,21,11/22/24 0:00
238,Robert Morris,Horz,-6.09,98.5,296,104.6,168,69,209,11/22/24 0:00
239,Maine,AE,-6.2,97.4,309,103.6,138,68.3,253,11/22/24 0:00
240,North Dakota St.,Sum,-6.3,104.7,172,111,322,66.6,327,11/22/24 0:00
,,,,,Strength of Schedule,NCSOS,,,,11/22/24 0:00
Rk,Team,Conf,NetRtg,ORtg,DRtg,AdjT,Luck,NetRtg,ORtg,11/22/24 0:00
241,Louisiana,SB,-6.37,100.8,249,107.2,234,70,138,11/22/24 0:00
242,Green Bay,Horz,-6.38,105.4,157,111.8,333,69.9,145,11/22/24 0:00
243,Brown,Ivy,-6.38,102.1,212,108.5,264,67.9,276,11/22/24 0:00
244,North Dakota,Sum,-6.41,101.2,237,107.6,245,69.9,142,11/22/24 0:00
245,Cal St. Bakersfield,BW,-6.46,101.1,238,107.6,246,67.1,313,11/22/24 0:00
246,Eastern Washington,BSky,-6.47,104.8,167,111.3,329,72.2,41,11/22/24 0:00
247,Iona,MAAC,-6.5,100.3,262,106.8,219,69.9,149,11/22/24 0:00
248,Delaware,CAA,-6.61,100.5,255,107.1,229,71.7,59,11/22/24 0:00
249,Rider,MAAC,-6.71,100.6,251,107.3,236,68.3,257,11/22/24 0:00
250,Mercer,SC,-7.05,101.9,216,108.9,278,72.4,34,11/22/24 0:00
251,Presbyterian,BSth,-7.05,102.4,206,109.4,291,66.6,330,11/22/24 0:00
252,American,PL,-7.07,104.7,171,111.8,332,63.4,362,11/22/24 0:00
253,Bowling Green,MAC,-7.25,103.7,189,110.9,320,70.1,131,11/22/24 0:00
254,Pepperdine,WCC,-7.42,101.7,224,109.1,284,69.2,198,11/22/24 0:00
255,Alabama St.,SWAC,-7.49,99.7,275,107.2,230,69.8,157,11/22/24 0:00
256,Army,PL,-7.5,103.1,201,110.6,314,66.5,336,11/22/24 0:00
257,North Carolina A&T,CAA,-7.54,101.3,232,108.8,274,72.8,26,11/22/24 0:00
258,Northern Arizona,BSky,-7.55,101.8,222,109.3,289,67.4,296,11/22/24 0:00
259,Cal Poly,BW,-7.73,99,285,106.7,218,73.4,17,11/22/24 0:00
260,Pacific,WCC,-7.82,99.2,282,107,227,70.9,88,11/22/24 0:00
261,Valparaiso,MVC,-7.84,101.2,236,109,280,70.2,125,11/22/24 0:00
262,UTSA,Amer,-7.85,101,242,108.9,277,72.5,33,11/22/24 0:00
263,Southern,SWAC,-7.96,96.9,318,104.8,176,69.6,174,11/22/24 0:00
264,Southeastern Louisiana,Slnd,-7.99,99.4,281,107.4,238,69.3,188,11/22/24 0:00
265,North Carolina Central,MEAC,-8,101.6,228,109.6,294,67.9,275,11/22/24 0:00
266,Campbell,CAA,-8.1,100.1,267,108.2,259,67.7,283,11/22/24 0:00
267,Boston University,PL,-8.16,99.6,277,107.8,248,66.3,340,11/22/24 0:00
268,SIUE,OVC,-8.2,98.2,299,106.4,212,68.1,266,11/22/24 0:00
269,FIU,CUSA,-8.42,97.5,306,105.9,200,73.7,12,11/22/24 0:00
270,Nebraska Omaha,Sum,-8.5,100.9,248,109.4,290,70.1,132,11/22/24 0:00
271,Central Connecticut,NEC,-8.76,95.8,334,104.6,166,67.7,285,11/22/24 0:00
272,Lafayette,PL,-8.81,98.6,293,107.4,240,67,318,11/22/24 0:00
273,Fresno St.,MWC,-8.85,97.1,314,105.9,201,74.7,3,11/22/24 0:00
274,Harvard,Ivy,-8.87,98.9,286,107.8,249,69.5,178,11/22/24 0:00
275,Mount St. Mary's,MAAC,-8.97,96.7,325,105.6,191,69.3,190,11/22/24 0:00
276,Texas Southern,SWAC,-9.04,97.6,305,106.6,217,70.7,97,11/22/24 0:00
277,Ball St.,MAC,-9.06,99.7,272,108.8,268,69.9,143,11/22/24 0:00
278,Western Carolina,SC,-9.09,97.9,302,107,226,70.6,99,11/22/24 0:00
279,San Jose St.,MWC,-9.14,100.5,256,109.6,295,65.2,354,11/22/24 0:00
280,Oral Roberts,Sum,-9.15,103.1,200,112.3,338,70.9,90,11/22/24 0:00
,,,,,Strength of Schedule,NCSOS,,,,11/22/24 0:00
Rk,Team,Conf,NetRtg,ORtg,DRtg,AdjT,Luck,NetRtg,ORtg,11/22/24 0:00
281,Bethune Cookman,SWAC,-9.22,96.4,327,105.6,190,70.4,109,11/22/24 0:00
282,Portland,WCC,-9.33,99.5,279,108.8,272,69.5,181,11/22/24 0:00
283,Long Beach St.,BW,-9.4,100.4,259,109.8,299,66.8,325,11/22/24 0:00
284,Idaho,BSky,-9.42,100.7,250,110.1,305,68.4,245,11/22/24 0:00
285,Morehead St.,OVC,-9.51,96.2,331,105.7,195,67.7,282,11/22/24 0:00
286,Monmouth,CAA,-9.52,100.2,264,109.7,297,70.8,94,11/22/24 0:00
287,Lehigh,PL,-9.57,100.5,254,110.1,304,69.3,191,11/22/24 0:00
288,Evansville,MVC,-9.77,101.5,229,111.3,327,69.4,183,11/22/24 0:00
289,Lamar,Slnd,-9.78,101.9,217,111.7,331,69.8,158,11/22/24 0:00
290,Fairfield,MAAC,-9.82,95.6,337,105.5,188,69,213,11/22/24 0:00
291,Wagner,NEC,-9.86,93.4,353,103.3,132,63.6,361,11/22/24 0:00
292,San Diego,WCC,-9.93,95.9,333,105.8,197,72.9,24,11/22/24 0:00
293,Eastern Michigan,MAC,-9.99,97.4,307,107.4,239,67.3,305,11/22/24 0:00
294,Penn,Ivy,-10,103.6,191,113.6,349,66.2,343,11/22/24 0:00
295,Tennessee St.,OVC,-10.01,98.8,289,108.8,269,71.2,73,11/22/24 0:00
296,Northwestern St.,Slnd,-10.02,99.6,278,109.6,293,68.2,260,11/22/24 0:00
297,Incarnate Word,Slnd,-10.07,103.1,197,113.2,344,68.9,221,11/22/24 0:00
298,Cal St. Fullerton,BW,-10.26,96.7,321,107,225,67.4,300,11/22/24 0:00
299,Air Force,MWC,-10.39,101.8,220,112.2,337,62.8,364,11/22/24 0:00
300,Siena,MAAC,-10.41,97.1,315,107.5,242,66.8,323,11/22/24 0:00
301,South Carolina St.,MEAC,-10.54,97.3,310,107.9,251,71.2,72,11/22/24 0:00
302,Charleston Southern,BSth,-10.75,99.6,276,110.4,310,70.5,108,11/22/24 0:00
303,Queens,ASun,-10.75,95.7,335,106.5,215,72.4,38,11/22/24 0:00
304,Denver,Sum,-10.76,99.1,283,109.8,300,71.7,56,11/22/24 0:00
305,Tarleton St.,WAC,-10.84,96.3,328,107.2,233,69.2,197,11/22/24 0:00
306,Coastal Carolina,SB,-10.98,97.3,312,108.2,260,65.6,350,11/22/24 0:00
307,Hampton,CAA,-11.11,97.7,304,108.8,275,67.1,316,11/22/24 0:00
308,Holy Cross,PL,-11.43,102.9,202,114.3,358,66.5,334,11/22/24 0:00
309,Tennessee Martin,OVC,-11.44,96.8,319,108.3,261,71,83,11/22/24 0:00
310,Stony Brook,CAA,-11.48,99.8,271,111.3,328,69.2,195,11/22/24 0:00
311,Old Dominion,SB,-11.69,98.7,290,110.4,311,70.4,112,11/22/24 0:00
312,Utah Tech,WAC,-11.7,98.6,294,110.3,307,71.7,60,11/22/24 0:00
313,UMBC,AE,-11.8,103.1,198,114.9,360,70.6,101,11/22/24 0:00
314,Sacramento St.,BSky,-11.83,95.3,340,107.2,231,66,346,11/22/24 0:00
315,Navy,PL,-11.93,99.7,273,111.6,330,68.8,223,11/22/24 0:00
316,Southeast Missouri,OVC,-12.11,96.7,323,108.8,270,72.1,48,11/22/24 0:00
317,Manhattan,MAAC,-12.24,98.7,292,110.9,319,69.6,170,11/22/24 0:00
318,Southern Indiana,OVC,-12.52,97.8,303,110.3,308,68.1,261,11/22/24 0:00
319,Detroit Mercy,Horz,-12.57,97.4,308,110,302,68.1,265,11/22/24 0:00
320,Eastern Illinois,OVC,-12.64,96.1,332,108.8,271,68.9,220,11/22/24 0:00
,,,,,Strength of Schedule,NCSOS,,,,11/22/24 0:00
Rk,Team,Conf,NetRtg,ORtg,DRtg,AdjT,Luck,NetRtg,ORtg,11/22/24 0:00
321,Niagara,MAAC,-12.79,100.2,265,113,342,67.4,299,11/22/24 0:00
322,Jackson St.,SWAC,-12.93,96.9,317,109.8,298,70.5,105,11/22/24 0:00
323,Sacred Heart,MAAC,-13.14,100,270,113.1,343,69.8,156,11/22/24 0:00
324,Morgan St.,MEAC,-13.34,99,284,112.4,339,72.7,27,11/22/24 0:00
325,Western Michigan,MAC,-13.35,98.7,291,112.1,335,69,211,11/22/24 0:00
326,Loyola MD,PL,-13.69,95,343,108.7,266,69.4,184,11/22/24 0:00
327,The Citadel,SC,-13.75,95.5,339,109.2,285,67.4,298,11/22/24 0:00
328,Louisiana Monroe,SB,-13.82,94.3,349,108.1,257,69.6,172,11/22/24 0:00
329,USC Upstate,BSth,-13.84,100.1,268,113.9,354,71.6,61,11/22/24 0:00
330,Binghamton,AE,-13.91,98,300,111.9,334,67.5,294,11/22/24 0:00
331,Western Illinois,OVC,-13.96,96.8,320,110.7,317,65.5,351,11/22/24 0:00
332,Tennessee Tech,OVC,-14.04,96.7,324,110.7,316,68.7,229,11/22/24 0:00
333,Northern Illinois,MAC,-14.24,94.8,344,109.1,282,69,208,11/22/24 0:00
334,Buffalo,MAC,-14.46,98.9,287,113.4,347,71.9,54,11/22/24 0:00
335,LIU,NEC,-14.57,96.6,326,111.1,326,70.4,115,11/22/24 0:00
336,Bellarmine,ASun,-14.86,99.4,280,114.3,357,67.2,310,11/22/24 0:00
337,Stonehill,NEC,-14.95,92.7,356,107.7,247,68.6,231,11/22/24 0:00
338,Stetson,ASun,-15.44,98.6,295,114,355,69,210,11/22/24 0:00
339,Saint Francis,NEC,-15.48,93.3,354,108.8,273,70,140,11/22/24 0:00
340,Le Moyne,NEC,-15.65,96.9,316,112.6,340,69.3,192,11/22/24 0:00
341,Central Arkansas,ASun,-15.73,94.7,347,110.5,312,69.6,176,11/22/24 0:00
342,VMI,SC,-15.86,94.7,348,110.6,313,71.9,53,11/22/24 0:00
343,Mercyhurst,NEC,-15.92,95,342,111,321,66,347,11/22/24 0:00
344,West Georgia,ASun,-16.58,97.3,311,113.9,353,68.7,227,11/22/24 0:00
345,Alabama A&M,SWAC,-17.08,91.4,362,108.5,263,72.9,22,11/22/24 0:00
346,Delaware St.,MEAC,-17.11,92.2,359,109.3,287,70.1,129,11/22/24 0:00
347,Dartmouth,Ivy,-17.13,92.9,355,110,303,70.4,110,11/22/24 0:00
348,Prairie View A&M,SWAC,-17.28,96.3,329,113.6,350,73.5,14,11/22/24 0:00
349,Fairleigh Dickinson,NEC,-17.58,98.2,298,115.8,362,72.6,29,11/22/24 0:00
350,Texas A&M Commerce,Slnd,-17.69,92.7,357,110.4,309,71.1,82,11/22/24 0:00
351,Alcorn St.,SWAC,-18.65,95.5,338,114.1,356,66.6,328,11/22/24 0:00
352,Florida A&M,SWAC,-18.76,92.3,358,111.1,325,70,137,11/22/24 0:00
353,Chicago St.,NEC,-18.78,92,360,110.8,318,71.5,64,11/22/24 0:00
354,Lindenwood,OVC,-18.94,94.7,345,113.7,352,69,215,11/22/24 0:00
355,New Hampshire,AE,-19.13,94.1,350,113.3,345,69.1,203,11/22/24 0:00
356,Canisius,MAAC,-19.18,97.1,313,116.3,363,68.4,249,11/22/24 0:00
357,Houston Christian,Slnd,-19.51,93.9,351,113.4,348,69.6,171,11/22/24 0:00
358,IU Indy,Horz,-19.52,96.2,330,115.8,361,69.7,161,11/22/24 0:00
359,New Orleans,Slnd,-19.57,93.8,352,113.3,346,71.4,68,11/22/24 0:00
360,Maryland Eastern Shore,MEAC,-20.13,94.7,346,114.9,359,68.4,246,11/22/24 0:00
,,,,,Strength of Schedule,NCSOS,,,,11/22/24 0:00
Rk,Team,Conf,NetRtg,ORtg,DRtg,AdjT,Luck,NetRtg,ORtg,11/22/24 0:00
361,NJIT,AE,-21.3,91.6,361,112.9,341,66.6,329,11/22/24 0:00
362,Arkansas Pine Bluff,SWAC,-22.3,95.7,336,118,364,71.5,62,11/22/24 0:00
363,Coppin St.,MEAC,-25.08,85.9,364,111,323,69,214,11/22/24 0:00
364,Mississippi Valley St.,SWAC,-26.53,87.1,363,113.7,351,67.9,273,11/22/24 0:00
1,Houston,B12,31.08,119.9,4,88.8,3,65.6,348,11/23/24 0:00
2,Auburn,SEC,30.63,122.1,2,91.5,5,69.5,160,11/23/24 0:00
3,Gonzaga,WCC,30.53,124.7,1,94.2,19,71.1,81,11/23/24 0:00
4,Duke,ACC,30.26,117.6,13,87.3,1,68.6,224,11/23/24 0:00
5,Tennessee,SEC,29.65,118.4,10,88.7,2,67.6,282,11/23/24 0:00
6,Connecticut,BE,26.72,118.4,9,91.7,6,67.7,270,11/23/24 0:00
7,Iowa St.,B12,24.52,115,27,90.5,4,69,201,11/23/24 0:00
8,Kansas,B12,24.5,117.9,12,93.4,15,71,85,11/23/24 0:00
9,Alabama,SEC,23.99,120.8,3,96.8,47,73.8,7,11/23/24 0:00
10,St. John's,BE,23.62,117.5,14,93.9,16,70.4,114,11/23/24 0:00
11,North Carolina,ACC,23.45,119.7,5,96.3,37,73.2,17,11/23/24 0:00
12,Cincinnati,B12,23.25,117.4,15,94.1,17,67.7,273,11/23/24 0:00
13,Pittsburgh,ACC,23.03,116.1,21,93.1,11,69.3,180,11/23/24 0:00
14,Kentucky,SEC,22.82,118.1,11,95.3,28,73.6,9,11/23/24 0:00
15,Marquette,BE,22.62,115.5,26,92.9,8,70.4,110,11/23/24 0:00
16,Florida,SEC,21.73,118.8,7,97,50,70.9,87,11/23/24 0:00
17,Ohio St.,B10,21.69,115.8,23,94.2,18,69.3,177,11/23/24 0:00
18,Texas A&M,SEC,21.52,115.7,24,94.2,20,66.7,318,11/23/24 0:00
19,Baylor,B12,21.43,119.5,6,98.1,66,67.5,287,11/23/24 0:00
20,Purdue,B10,20.78,118.7,8,97.9,61,67.1,309,11/23/24 0:00
21,Texas Tech,B12,20.69,117.2,17,96.5,41,67.7,272,11/23/24 0:00
22,Arizona,B12,20.02,115,29,95,27,73.3,15,11/23/24 0:00
23,UCLA,B10,19.92,113.1,42,93.2,12,67.1,310,11/23/24 0:00
24,Mississippi St.,SEC,19.89,115.9,22,96,31,69.6,156,11/23/24 0:00
25,Michigan,B10,19.43,114.2,37,94.7,24,69.9,143,11/23/24 0:00
26,Texas,SEC,19.29,112.6,48,93.3,14,68.4,230,11/23/24 0:00
27,BYU,B12,18.86,116.3,20,97.4,54,70.5,108,11/23/24 0:00
28,Illinois,B10,18.35,114.6,33,96.2,36,72.7,26,11/23/24 0:00
29,Maryland,B10,18.3,111.3,61,93,9,68.8,212,11/23/24 0:00
30,Wisconsin,B10,18.11,116.8,18,98.7,72,69.7,153,11/23/24 0:00
31,Memphis,Amer,18.04,112.9,45,94.8,25,72.1,45,11/23/24 0:00
32,Oregon,B10,18.01,114.6,32,96.6,43,69.2,184,11/23/24 0:00
33,Creighton,BE,18,114.6,31,96.6,44,70.3,125,11/23/24 0:00
34,Penn St.,B10,17.69,115.7,25,98.1,65,73.3,13,11/23/24 0:00
35,Boise St.,MWC,17.57,115,28,97.4,57,68.7,217,11/23/24 0:00
36,Indiana,B10,17.39,112.3,50,94.9,26,71,84,11/23/24 0:00
37,Clemson,ACC,17.34,114.1,38,96.7,46,68.1,251,11/23/24 0:00
38,Dayton,A10,17.02,112.7,47,95.6,30,67.3,299,11/23/24 0:00
39,Nevada,MWC,16.95,113.5,41,96.6,42,65.7,347,11/23/24 0:00
40,Arkansas,SEC,16.93,109.7,82,92.8,7,71.4,64,11/23/24 0:00
,,,,,Strength of Schedule,NCSOS,,,,11/23/24 0:00
Rk,Team,Conf,NetRtg,ORtg,DRtg,AdjT,Luck,NetRtg,ORtg,11/23/24 0:00
41,Saint Mary's,WCC,16.81,117.3,16,100.5,90,65.2,351,11/23/24 0:00
42,Xavier,BE,16.38,114.9,30,98.5,68,69.5,162,11/23/24 0:00
43,Michigan St.,B10,15.97,110.6,66,94.6,23,69.6,159,11/23/24 0:00
44,Utah St.,MWC,15.82,114.4,34,98.6,70,72.1,44,11/23/24 0:00
45,VCU,A10,15.56,108.8,97,93.3,13,69.4,167,11/23/24 0:00
46,Iowa,B10,15.32,112.8,46,97.4,53,72.3,38,11/23/24 0:00
47,Oklahoma,SEC,15.04,110.5,68,95.5,29,69,200,11/23/24 0:00
48,Mississippi,SEC,14.71,114.4,35,99.7,83,68.3,234,11/23/24 0:00
49,Nebraska,B10,14.7,108.9,95,94.2,21,70.5,100,11/23/24 0:00
50,Missouri,SEC,14.57,114.3,36,99.7,84,67.8,265,11/23/24 0:00
51,LSU,SEC,14.32,111.8,53,97.5,58,69.4,172,11/23/24 0:00
52,Utah,B12,14.08,111,62,96.9,49,71.7,57,11/23/24 0:00
53,N.C. State,ACC,13.82,111.4,60,97.6,59,71.1,77,11/23/24 0:00
54,New Mexico,MWC,13.26,109.3,88,96.1,34,75.7,1,11/23/24 0:00
55,San Francisco,WCC,13.15,110.6,67,97.4,55,69.7,154,11/23/24 0:00
56,San Diego St.,MWC,13.03,107.5,118,94.4,22,67.7,275,11/23/24 0:00
57,Louisville,ACC,12.76,109.2,91,96.5,40,72.7,25,11/23/24 0:00
58,Northwestern,B10,12.69,108.8,99,96.1,32,65.9,343,11/23/24 0:00
59,Georgia,SEC,12.68,111.6,56,98.9,75,69.8,151,11/23/24 0:00
60,TCU,B12,12.57,108.6,101,96.1,33,69.9,144,11/23/24 0:00
61,UC Irvine,BW,12.45,109.2,93,96.7,45,70.8,92,11/23/24 0:00
62,Villanova,BE,12.04,113.1,43,101.1,96,67.5,283,11/23/24 0:00
63,Liberty,CUSA,11.82,109.3,90,97.4,56,64.8,356,11/23/24 0:00
64,Vanderbilt,SEC,11.74,113.8,39,102.1,110,71.2,70,11/23/24 0:00
65,Arizona St.,B12,11.64,110,75,98.4,67,70.4,113,11/23/24 0:00
66,SMU,ACC,11.4,113.6,40,102.2,112,72,49,11/23/24 0:00
67,Kansas St.,B12,11.25,108.7,100,97.4,52,68.6,220,11/23/24 0:00
68,Rutgers,B10,11.23,110.2,74,99,76,69.6,157,11/23/24 0:00
69,Colorado,B12,11.19,109.2,94,98,62,68.4,231,11/23/24 0:00
70,West Virginia,B12,11.18,109.2,92,98,64,69.8,149,11/23/24 0:00
71,Notre Dame,ACC,11.15,112.3,51,101.1,99,67.3,297,11/23/24 0:00
72,Stanford,ACC,11.09,112.3,49,101.3,100,66.4,329,11/23/24 0:00
73,Butler,BE,11,110.4,69,99.4,80,67.7,269,11/23/24 0:00
74,Miami FL,ACC,10.83,116.3,19,105.5,187,67.9,262,11/23/24 0:00
75,South Carolina,SEC,10.54,109.5,85,99,78,67.6,281,11/23/24 0:00
76,North Texas,Amer,10.45,107.6,114,97.1,51,64.3,359,11/23/24 0:00
77,Providence,BE,10.36,106.7,135,96.3,39,65.9,341,11/23/24 0:00
78,UCF,B12,10.3,108.9,96,98.6,69,70.9,88,11/23/24 0:00
79,Florida St.,ACC,10.16,106.5,140,96.3,38,72.7,24,11/23/24 0:00
80,Wichita St.,Amer,10.02,109.5,86,99.5,82,71.5,61,11/23/24 0:00
,,,,,Strength of Schedule,NCSOS,,,,11/23/24 0:00
Rk,Team,Conf,NetRtg,ORtg,DRtg,AdjT,Luck,NetRtg,ORtg,11/23/24 0:00
81,Minnesota,B10,9.75,105.8,150,96.1,35,63.8,360,11/23/24 0:00
82,USC,B10,9.59,111.8,54,102.2,113,69.4,168,11/23/24 0:00
83,Louisiana Tech,CUSA,9.02,109.9,77,100.9,94,67.1,308,11/23/24 0:00
84,Washington St.,WCC,8.9,110,76,101.1,97,72.4,32,11/23/24 0:00
85,Wake Forest,ACC,8.88,107.9,111,99,77,69.3,178,11/23/24 0:00
86,Washington,B10,8.81,105.7,155,96.9,48,70.3,124,11/23/24 0:00
87,Florida Atlantic,Amer,8.54,112,52,103.4,137,72.9,22,11/23/24 0:00
88,UNLV,MWC,8.43,111.4,59,103,125,68,252,11/23/24 0:00
89,Drake,MVC,8.41,108.4,103,100,85,65.9,340,11/23/24 0:00
90,Oklahoma St.,B12,8.36,107.2,125,98.8,74,73.1,20,11/23/24 0:00
91,Bradley,MVC,7.97,111.4,58,103.4,136,67.6,279,11/23/24 0:00
92,George Mason,A10,7.86,107,131,99.1,79,67.4,292,11/23/24 0:00
93,Yale,Ivy,7.85,110.3,73,102.4,117,68.5,228,11/23/24 0:00
94,Saint Joseph's,A10,7.77,108.2,106,100.4,89,70.7,93,11/23/24 0:00
95,Grand Canyon,WAC,7.68,110.4,70,102.7,122,71.3,67,11/23/24 0:00
96,Loyola Chicago,A10,7.49,107.5,116,100,86,69.5,161,11/23/24 0:00
97,McNeese,Slnd,7.29,108.8,98,101.5,103,67.5,289,11/23/24 0:00
98,Oregon St.,WCC,7.21,107.5,117,100.3,88,66,338,11/23/24 0:00
99,Syracuse,ACC,7.17,111.5,57,104.3,158,71.1,74,11/23/24 0:00
100,Murray St.,MVC,6.94,111,63,104.1,154,67.5,286,11/23/24 0:00
101,Arkansas St.,SB,6.83,107.1,129,100.3,87,69.9,142,11/23/24 0:00
102,Santa Clara,WCC,6.78,110.9,64,104.1,155,69.4,170,11/23/24 0:00
103,Georgia Tech,ACC,6.52,108,108,101.5,104,72.2,40,11/23/24 0:00
104,Virginia,ACC,6.47,104.1,183,97.7,60,63,363,11/23/24 0:00
105,Seton Hall,BE,6.34,99.3,278,93,10,64.9,355,11/23/24 0:00
106,Rhode Island,A10,6.24,109.8,80,103.5,141,72.2,39,11/23/24 0:00
107,Colorado St.,MWC,5.84,106.6,139,100.7,92,68,253,11/23/24 0:00
108,High Point,BSth,5.62,111.8,55,106.1,207,67.2,303,11/23/24 0:00
109,St. Bonaventure,A10,5.58,107.1,130,101.5,102,67.2,302,11/23/24 0:00
110,Sam Houston St.,CUSA,5.47,109.9,78,104.4,161,70.3,116,11/23/24 0:00
111,Georgetown,BE,5.42,109.3,89,103.8,149,68.7,215,11/23/24 0:00
112,Troy,SB,4.98,103,204,98,63,69.8,148,11/23/24 0:00
113,Davidson,A10,4.67,109.6,84,104.9,172,68.4,233,11/23/24 0:00
114,UAB,Amer,4.58,110.3,71,105.8,195,70.2,128,11/23/24 0:00
115,Northern Iowa,MVC,4.58,108,110,103.4,135,67.3,296,11/23/24 0:00
116,Purdue Fort Wayne,Horz,4.47,110.8,65,106.3,212,70.3,122,11/23/24 0:00
117,DePaul,BE,4.17,107.6,113,103.5,138,68.3,237,11/23/24 0:00
118,California,ACC,4.1,106.2,145,102.1,111,70.9,90,11/23/24 0:00
119,Toledo,MAC,4.08,113,44,108.9,281,71.6,59,11/23/24 0:00
120,Princeton,Ivy,3.74,110.3,72,106.6,217,68,254,11/23/24 0:00
,,,,,Strength of Schedule,NCSOS,,,,11/23/24 0:00
Rk,Team,Conf,NetRtg,ORtg,DRtg,AdjT,Luck,NetRtg,ORtg,11/23/24 0:00
121,Temple,Amer,3.67,107.4,120,103.7,148,69.3,181,11/23/24 0:00
122,Utah Valley,WAC,3.62,104.7,173,101.1,98,70.1,133,11/23/24 0:00
123,Charleston,CAA,3.51,107.1,128,103.6,145,71.3,66,11/23/24 0:00
124,UC San Diego,BW,3.42,108,107,104.6,167,67.3,298,11/23/24 0:00
125,Western Kentucky,CUSA,3.15,101.8,226,98.7,71,73.6,8,11/23/24 0:00
126,UC Santa Barbara,BW,3.09,108.5,102,105.4,184,68.2,248,11/23/24 0:00
127,Seattle,WAC,3.07,106.4,141,103.4,134,68.5,225,11/23/24 0:00
128,Virginia Tech,ACC,3.03,105,160,102,108,67.6,280,11/23/24 0:00
129,UMass Lowell,AE,2.78,107.4,121,104.6,166,72,50,11/23/24 0:00
130,Charlotte,Amer,2.6,107.3,124,104.7,169,64.8,357,11/23/24 0:00
131,Towson,CAA,2.53,104.9,170,102.3,115,66.4,328,11/23/24 0:00
132,Massachusetts,A10,2.47,104.9,166,102.4,118,71.2,69,11/23/24 0:00
133,Boston College,ACC,2.34,106.1,147,103.7,147,67.7,276,11/23/24 0:00
134,Samford,SC,2.11,109.6,83,107.5,239,74,4,11/23/24 0:00
135,Northern Colorado,BSky,2.11,105.7,154,103.6,144,70.3,120,11/23/24 0:00
136,Wright St.,Horz,2.03,108.3,104,106.3,213,68.9,209,11/23/24 0:00
137,Lipscomb,ASun,1.91,106.4,142,104.5,163,69.1,194,11/23/24 0:00
138,UC Davis,BW,1.88,101.3,234,99.4,81,72.7,29,11/23/24 0:00
139,South Florida,Amer,1.87,106.9,132,105,177,70.5,105,11/23/24 0:00
140,Furman,SC,1.86,105.8,152,104,153,69.1,195,11/23/24 0:00
141,Southern Illinois,MVC,1.84,104.3,178,102.5,119,70.9,86,11/23/24 0:00
142,Saint Louis,A10,1.74,107.2,127,105.4,185,72.2,41,11/23/24 0:00
143,Vermont,AE,1.72,102.3,215,100.6,91,65.2,350,11/23/24 0:00
144,Akron,MAC,1.68,103.5,196,101.8,105,70.6,98,11/23/24 0:00
145,Middle Tennessee,CUSA,1.39,104.3,179,102.9,124,69.4,169,11/23/24 0:00
146,La Salle,A10,1.28,103.9,185,102.6,121,70.5,107,11/23/24 0:00
147,George Washington,A10,1.18,107.2,126,106,204,71.1,79,11/23/24 0:00
148,Wofford,SC,1,109.8,79,108.8,279,66.4,331,11/23/24 0:00
149,Northeastern,CAA,0.7,104.2,180,103.5,142,67.9,260,11/23/24 0:00
150,Belmont,MVC,0.62,107.4,119,106.8,222,71.3,68,11/23/24 0:00
151,Longwood,BSth,0.6,102.5,211,101.9,106,69.2,189,11/23/24 0:00
152,James Madison,SB,0.54,106.8,134,106.3,209,68,256,11/23/24 0:00
153,Jacksonville,ASun,0.4,101.8,225,101.4,101,68.3,240,11/23/24 0:00
154,Texas St.,SB,0.32,103.9,187,103.6,143,68.2,247,11/23/24 0:00
155,Kent St.,MAC,0.31,105,163,104.7,168,67.1,307,11/23/24 0:00
156,UNC Greensboro,SC,0.22,103.5,190,103.3,131,67.3,294,11/23/24 0:00
157,Hofstra,CAA,0.2,103.2,199,103,126,66.5,323,11/23/24 0:00
158,East Carolina,Amer,0.16,105.5,158,105.4,182,67,313,11/23/24 0:00
159,Columbia,Ivy,0.15,109.8,81,109.6,292,69.2,188,11/23/24 0:00
160,Ohio,MAC,0.03,108.2,105,108.2,259,71.3,65,11/23/24 0:00
,,,,,Strength of Schedule,NCSOS,,,,11/23/24 0:00
Rk,Team,Conf,NetRtg,ORtg,DRtg,AdjT,Luck,NetRtg,ORtg,11/23/24 0:00
161,Jacksonville St.,CUSA,0.02,106,149,106,203,67.7,277,11/23/24 0:00
162,UNC Wilmington,CAA,-0.07,106.2,146,106.3,210,69.5,163,11/23/24 0:00
163,Elon,CAA,-0.2,107.4,122,107.6,246,67.9,261,11/23/24 0:00
164,South Dakota St.,Sum,-0.33,105.5,157,105.9,200,72,51,11/23/24 0:00
165,Marshall,SB,-0.36,103.5,193,103.9,150,70.8,91,11/23/24 0:00
166,North Alabama,ASun,-0.52,106.6,138,107.1,231,70.2,129,11/23/24 0:00
167,UC Riverside,BW,-0.78,104.9,165,105.7,194,69.1,191,11/23/24 0:00
168,Chattanooga,SC,-0.78,106,148,106.8,223,69.4,171,11/23/24 0:00
169,North Florida,ASun,-0.83,109.4,87,110.3,306,70.3,119,11/23/24 0:00
170,Loyola Marymount,WCC,-0.89,104.4,176,105.3,180,67.8,264,11/23/24 0:00
171,Illinois Chicago,MVC,-0.9,107.6,115,108.5,265,72.5,31,11/23/24 0:00
172,New Mexico St.,CUSA,-0.93,102.7,208,103.6,146,67.5,284,11/23/24 0:00
173,Bryant,AE,-0.97,102.3,214,103.3,129,74,6,11/23/24 0:00
174,UNC Asheville,BSth,-1,106.6,136,107.7,248,68.7,219,11/23/24 0:00
175,Little Rock,OVC,-1.05,102.8,207,103.9,151,69.5,165,11/23/24 0:00
176,Milwaukee,Horz,-1.2,106.3,143,107.5,243,71.1,76,11/23/24 0:00
177,Appalachian St.,SB,-1.39,100.6,252,101.9,107,67.6,278,11/23/24 0:00
178,Kennesaw St.,CUSA,-1.45,107.3,123,108.8,276,73.1,19,11/23/24 0:00
179,East Tennessee St.,SC,-1.52,105.8,151,107.4,236,68,258,11/23/24 0:00
180,Fordham,A10,-1.54,101.7,227,103.3,128,70.6,97,11/23/24 0:00
181,Missouri St.,MVC,-1.54,100.5,253,102,109,69.2,186,11/23/24 0:00
182,Winthrop,BSth,-1.57,101,240,102.5,120,72.5,30,11/23/24 0:00
183,Drexel,CAA,-1.61,103.2,200,104.8,171,65.6,349,11/23/24 0:00
184,Florida Gulf Coast,ASun,-1.73,102.7,210,104.4,160,65.8,346,11/23/24 0:00
185,Cal Baptist,WAC,-1.85,106.6,137,108.5,267,67.5,285,11/23/24 0:00
186,Rice,Amer,-1.87,102.5,212,104.3,157,66.7,319,11/23/24 0:00
187,Tulane,Amer,-1.95,103.5,192,105.5,186,70.4,115,11/23/24 0:00
188,Hawaii,BW,-1.99,103.5,194,105.5,188,66.4,326,11/23/24 0:00
189,St. Thomas,Sum,-2.08,106.3,144,108.4,263,68.3,241,11/23/24 0:00
190,UT Arlington,WAC,-2.12,107.7,112,109.8,295,72,48,11/23/24 0:00
191,Montana St.,BSky,-2.2,104.9,168,107.1,230,68.9,208,11/23/24 0:00
192,UTEP,CUSA,-2.25,101.9,220,104.2,156,71,83,11/23/24 0:00
193,Southern Utah,WAC,-2.29,103.5,191,105.8,199,70.3,127,11/23/24 0:00
194,Cleveland St.,Horz,-2.36,101,241,103.3,130,69,199,11/23/24 0:00
195,Indiana St.,MVC,-2.52,105,164,107.5,242,73.2,18,11/23/24 0:00
196,Norfolk St.,MEAC,-2.53,104.4,177,106.9,225,67.5,288,11/23/24 0:00
197,Illinois St.,MVC,-2.57,104.9,167,107.5,240,66.5,324,11/23/24 0:00
198,Northern Kentucky,Horz,-2.59,98.2,294,100.8,93,67.8,263,11/23/24 0:00
199,UT Rio Grande Valley,Slnd,-2.62,105.6,156,108.2,260,71.7,56,11/23/24 0:00
200,Tulsa,Amer,-2.69,105,161,107.7,250,69.9,140,11/23/24 0:00
,,,,,Strength of Schedule,NCSOS,,,,11/23/24 0:00
Rk,Team,Conf,NetRtg,ORtg,DRtg,AdjT,Luck,NetRtg,ORtg,11/23/24 0:00
201,Montana,BSky,-2.84,105.8,153,108.6,268,68.2,246,11/23/24 0:00
202,Saint Peter's,MAAC,-2.84,99.6,275,102.4,116,65,354,11/23/24 0:00
203,Georgia St.,SB,-2.86,104.7,174,107.6,247,69.8,145,11/23/24 0:00
204,Central Michigan,MAC,-2.9,100.5,255,103.4,132,68.9,210,11/23/24 0:00
205,Miami OH,MAC,-2.93,104.2,181,107.1,233,69.4,174,11/23/24 0:00
206,South Alabama,SB,-3.1,101.4,232,104.5,162,67,311,11/23/24 0:00
207,Abilene Christian,WAC,-3.11,100.8,246,103.9,152,70,134,11/23/24 0:00
208,CSUN,BW,-3.13,101.4,230,104.5,164,74,5,11/23/24 0:00
209,Stephen F. Austin,Slnd,-3.2,95.6,334,98.8,73,68.3,239,11/23/24 0:00
210,Presbyterian,BSth,-3.23,102.4,213,105.6,190,66.4,330,11/23/24 0:00
211,Richmond,A10,-3.36,100,265,103.4,133,68.4,232,11/23/24 0:00
212,Georgia Southern,SB,-3.4,103.2,202,106.6,219,74.9,2,11/23/24 0:00
213,Cornell,Ivy,-3.62,106.9,133,110.5,314,72.4,33,11/23/24 0:00
214,William & Mary,CAA,-3.66,105,162,108.7,272,72.8,23,11/23/24 0:00
215,Gardner Webb,BSth,-3.67,102,219,105.7,192,69.8,150,11/23/24 0:00
216,Quinnipiac,MAAC,-3.86,99.6,272,103.5,140,71.2,72,11/23/24 0:00
217,Howard,MEAC,-3.9,103.9,186,107.8,251,68.3,242,11/23/24 0:00
218,Nicholls,Slnd,-3.99,101.1,237,105,176,68.6,222,11/23/24 0:00
219,Radford,BSth,-4.09,108,109,112.1,334,65.9,339,11/23/24 0:00
220,Bucknell,PL,-4.24,100.8,245,105.1,178,69.2,190,11/23/24 0:00
221,Eastern Kentucky,ASun,-4.28,104.9,169,109.1,284,69.9,141,11/23/24 0:00
222,Wyoming,MWC,-4.33,100.7,247,105,175,68,255,11/23/24 0:00
223,Duquesne,A10,-4.43,101.4,231,105.8,198,68.9,207,11/23/24 0:00
224,Texas A&M Corpus Chris,Slnd,-4.53,104.7,172,109.3,286,72.2,43,11/23/24 0:00
225,Austin Peay,ASun,-4.63,101.9,222,106.5,216,66.9,314,11/23/24 0:00
226,Grambling St.,SWAC,-4.78,97.9,300,102.7,123,69.5,164,11/23/24 0:00
227,Oakland,Horz,-4.9,100.9,244,105.8,197,66,336,11/23/24 0:00
228,Albany,AE,-4.97,101.1,235,106.1,205,70.5,99,11/23/24 0:00
229,Youngstown St.,Horz,-5.05,97.2,309,102.3,114,70.2,131,11/23/24 0:00
230,Alabama St.,SWAC,-5.1,101,239,106.1,206,70,137,11/23/24 0:00
231,Portland St.,BSky,-5.11,102.1,217,107.2,234,73.5,10,11/23/24 0:00
232,North Dakota,Sum,-5.15,101.3,233,106.5,215,70.5,102,11/23/24 0:00
233,Kansas City,Sum,-5.22,99.7,271,105,174,69,202,11/23/24 0:00
234,Weber St.,BSky,-5.34,102.9,206,108.2,261,68.1,250,11/23/24 0:00
235,Idaho St.,BSky,-5.5,100.3,258,105.8,196,66.3,332,11/23/24 0:00
236,Marist,MAAC,-5.5,103.2,201,108.7,270,66.8,317,11/23/24 0:00
237,Robert Morris,Horz,-5.84,98.5,292,104.4,159,68.8,213,11/23/24 0:00
238,Southern Miss,SB,-6.04,100.1,261,106.2,208,73.3,16,11/23/24 0:00
239,Maine,AE,-6.08,97.4,307,103.5,139,68.3,243,11/23/24 0:00
240,Merrimack,MAAC,-6.1,94.9,341,101,95,66.5,325,11/23/24 0:00
,,,,,Strength of Schedule,NCSOS,,,,11/23/24 0:00
Rk,Team,Conf,NetRtg,ORtg,DRtg,AdjT,Luck,NetRtg,ORtg,11/23/24 0:00
241,Eastern Washington,BSky,-6.36,104.8,171,111.2,327,72.1,47,11/23/24 0:00
242,Brown,Ivy,-6.36,102,218,108.4,264,67.8,268,11/23/24 0:00
243,American,PL,-6.38,103.5,195,109.9,297,63.7,361,11/23/24 0:00
244,Delaware,CAA,-6.58,100.5,254,107,229,71.5,60,11/23/24 0:00
245,North Dakota St.,Sum,-6.66,104.2,182,110.8,318,66.7,320,11/23/24 0:00
246,Iona,MAAC,-6.75,100,266,106.7,221,69.7,155,11/23/24 0:00
247,Rider,MAAC,-6.82,100.7,248,107.5,241,68,257,11/23/24 0:00
248,Mercer,SC,-7.03,101.8,224,108.9,280,72.3,36,11/23/24 0:00
249,Colgate,PL,-7.16,98.8,286,106,202,68.7,218,11/23/24 0:00
250,Bowling Green,MAC,-7.17,103.6,188,110.8,317,70,138,11/23/24 0:00
251,South Dakota,Sum,-7.45,105.3,159,112.7,341,73.4,11,11/23/24 0:00
252,Southeastern Louisiana,Slnd,-7.5,98.2,295,105.7,191,69.4,166,11/23/24 0:00
253,Army,PL,-7.6,103.4,197,111,323,67.1,305,11/23/24 0:00
254,Harvard,Ivy,-7.6,100.4,257,108,257,69.2,182,11/23/24 0:00
255,Louisiana,SB,-7.63,101.9,221,109.5,290,69.9,139,11/23/24 0:00
256,North Carolina A&T,CAA,-7.71,101.1,236,108.8,275,72.7,27,11/23/24 0:00
257,Pepperdine,WCC,-7.71,100.2,259,107.9,254,69.2,187,11/23/24 0:00
258,Cal Poly,BW,-7.72,98.9,284,106.7,220,73.3,14,11/23/24 0:00
259,Valparaiso,MVC,-7.72,101,238,108.8,273,70,136,11/23/24 0:00
260,UTSA,Amer,-7.73,101,242,108.7,271,72.3,34,11/23/24 0:00
261,Green Bay,Horz,-7.75,104.6,175,112.4,340,71.2,73,11/23/24 0:00
262,FIU,CUSA,-7.85,96.7,316,104.6,165,72.7,28,11/23/24 0:00
263,Evansville,MVC,-8.01,102.1,216,110.1,305,70.7,95,11/23/24 0:00
264,Boston University,PL,-8.23,99.8,270,108,256,66.2,333,11/23/24 0:00
265,SIUE,OVC,-8.25,98,297,106.3,211,67.7,271,11/23/24 0:00
266,Southern,SWAC,-8.25,96.7,317,104.9,173,69.3,176,11/23/24 0:00
267,Northern Arizona,BSky,-8.29,101.8,223,110.1,304,67.1,306,11/23/24 0:00
268,Cal St. Bakersfield,BW,-8.67,100.6,250,109.3,288,66.2,334,11/23/24 0:00
269,Ball St.,MAC,-8.79,99.5,276,108.3,262,69.8,147,11/23/24 0:00
270,Central Connecticut,NEC,-8.86,95.9,330,104.8,170,67.7,274,11/23/24 0:00
271,Mount St. Mary's,MAAC,-9.01,96.6,319,105.6,189,69.2,183,11/23/24 0:00
272,Lafayette,PL,-9.01,98.4,293,107.4,237,66.8,315,11/23/24 0:00
273,North Carolina Central,MEAC,-9.03,103.3,198,112.3,338,67.3,293,11/23/24 0:00
274,Texas Southern,SWAC,-9.06,97.5,304,106.6,218,70.5,104,11/23/24 0:00
275,Western Carolina,SC,-9.08,97.8,301,106.9,226,70.5,103,11/23/24 0:00
276,Fresno St.,MWC,-9.12,96.8,314,105.9,201,74.6,3,11/23/24 0:00
277,Campbell,CAA,-9.15,99.8,269,108.9,282,68.2,244,11/23/24 0:00
278,Oral Roberts,Sum,-9.17,103,203,112.2,335,70.7,94,11/23/24 0:00
279,Bethune Cookman,SWAC,-9.17,96.2,324,105.4,183,70.3,117,11/23/24 0:00
280,Lamar,Slnd,-9.17,101.7,229,110.8,319,70.4,112,11/23/24 0:00
,,,,,Strength of Schedule,NCSOS,,,,11/23/24 0:00
Rk,Team,Conf,NetRtg,ORtg,DRtg,AdjT,Luck,NetRtg,ORtg,11/23/24 0:00
281,South Carolina St.,MEAC,-9.25,98.9,285,108.1,258,70.5,101,11/23/24 0:00
282,Pacific,WCC,-9.28,98.6,287,107.9,253,70.4,111,11/23/24 0:00
283,San Jose St.,MWC,-9.37,100.2,260,109.6,291,65.2,352,11/23/24 0:00
284,Morehead St.,OVC,-9.43,96.3,322,105.7,193,67.4,290,11/23/24 0:00
285,Idaho,BSky,-9.44,100.7,249,110.1,303,68.2,245,11/23/24 0:00
286,Monmouth,CAA,-9.46,100.9,243,110.4,310,70.3,121,11/23/24 0:00
287,Long Beach St.,BW,-9.5,100.5,256,110,301,66.4,327,11/23/24 0:00
288,Incarnate Word,Slnd,-9.51,103.9,184,113.4,350,68.5,227,11/23/24 0:00
289,Lehigh,PL,-9.52,100.6,251,110.1,302,69.1,193,11/23/24 0:00
290,Coastal Carolina,SB,-9.76,97.9,299,107.7,249,64.7,358,11/23/24 0:00
291,Fairfield,MAAC,-9.82,95.5,336,105.3,181,68.9,211,11/23/24 0:00
292,Portland,WCC,-9.99,98,298,108,255,70.4,109,11/23/24 0:00
293,Wagner,NEC,-10.02,93.2,353,103.2,127,63.4,362,11/23/24 0:00
294,Eastern Michigan,MAC,-10.03,97.2,311,107.2,235,67.2,300,11/23/24 0:00
295,Penn,Ivy,-10.09,103.6,189,113.7,354,66,337,11/23/24 0:00
296,Siena,MAAC,-10.33,97.2,310,107.5,245,66.6,321,11/23/24 0:00
297,Tennessee St.,OVC,-10.36,98.6,290,108.9,283,71.1,75,11/23/24 0:00
298,San Diego,WCC,-10.36,94.8,343,105.2,179,72.9,21,11/23/24 0:00
299,Air Force,MWC,-10.38,101.7,228,112.1,333,62.7,364,11/23/24 0:00
300,Nebraska Omaha,Sum,-10.43,100.1,264,110.5,315,70.2,132,11/23/24 0:00
301,Queens,ASun,-10.68,95.7,332,106.4,214,72.2,42,11/23/24 0:00
302,Charleston Southern,BSth,-10.86,99.5,277,110.3,308,70.3,118,11/23/24 0:00
303,Denver,Sum,-10.9,99,282,109.9,299,71.6,58,11/23/24 0:00
304,Tarleton St.,WAC,-10.92,96.2,326,107.1,232,69,198,11/23/24 0:00
305,Cal St. Fullerton,BW,-11,96,327,107,228,67.3,295,11/23/24 0:00
306,Northwestern St.,Slnd,-11.2,98.6,291,109.8,293,67.8,266,11/23/24 0:00
307,Southern Indiana,OVC,-11.22,99.2,280,110.5,312,68.3,236,11/23/24 0:00
308,Hampton,CAA,-11.3,97.5,305,108.8,277,66.8,316,11/23/24 0:00
309,Holy Cross,PL,-11.37,102.9,205,114.3,357,66.2,335,11/23/24 0:00
310,Stony Brook,CAA,-11.48,99.8,268,111.3,328,69.1,197,11/23/24 0:00
311,Old Dominion,SB,-11.7,98.6,289,110.3,307,70.5,106,11/23/24 0:00
312,Sacramento St.,BSky,-11.77,95.2,339,107,227,65.9,342,11/23/24 0:00
313,UMBC,AE,-11.83,102.7,209,114.5,359,70.7,96,11/23/24 0:00
314,Southeast Missouri,OVC,-11.96,95.9,329,107.9,252,71.8,55,11/23/24 0:00
315,Navy,PL,-11.97,99.6,273,111.6,331,68.6,223,11/23/24 0:00
316,Manhattan,MAAC,-12.05,99,281,111,325,70.3,126,11/23/24 0:00
317,Utah Tech,WAC,-12.41,97.5,306,109.9,298,71.9,52,11/23/24 0:00
318,Detroit Mercy,Horz,-12.56,97.3,308,109.8,296,68,259,11/23/24 0:00
319,Eastern Illinois,OVC,-12.6,96.2,323,108.8,278,68.7,216,11/23/24 0:00
320,Niagara,MAAC,-12.8,100.1,262,112.9,343,67.2,301,11/23/24 0:00
,,,,,Strength of Schedule,NCSOS,,,,11/23/24 0:00
Rk,Team,Conf,NetRtg,ORtg,DRtg,AdjT,Luck,NetRtg,ORtg,11/23/24 0:00
321,Tennessee Martin,OVC,-13.11,93.7,351,106.9,224,71.1,80,11/23/24 0:00
322,Sacred Heart,MAAC,-13.18,99.9,267,113.1,345,69.6,158,11/23/24 0:00
323,Jackson St.,SWAC,-13.19,96.6,318,109.8,294,71.1,78,11/23/24 0:00
324,Louisiana Monroe,SB,-13.2,94.3,349,107.5,244,69.2,185,11/23/24 0:00
325,Western Michigan,MAC,-13.21,98.6,288,111.8,332,68.9,205,11/23/24 0:00
326,Le Moyne,NEC,-13.58,95.8,331,109.4,289,69.4,175,11/23/24 0:00
327,USC Upstate,BSth,-13.62,100.1,263,113.7,355,72.3,37,11/23/24 0:00
328,Buffalo,MAC,-13.72,99.6,274,113.3,348,71.1,82,11/23/24 0:00
329,Northern Illinois,MAC,-13.78,94.7,347,108.5,266,69.1,196,11/23/24 0:00
330,Loyola MD,PL,-13.78,94.9,340,108.7,269,69.3,179,11/23/24 0:00
331,The Citadel,SC,-13.78,95.5,335,109.3,287,67.2,304,11/23/24 0:00
332,Binghamton,AE,-13.91,97.6,303,111.5,330,67.4,291,11/23/24 0:00
333,Western Illinois,OVC,-14.12,96.8,315,110.9,320,65.2,353,11/23/24 0:00
334,Morgan St.,MEAC,-14.2,99,283,113.2,346,71.8,54,11/23/24 0:00
335,Tennessee Tech,OVC,-14.24,96.5,320,110.8,316,68.3,235,11/23/24 0:00
336,LIU,NEC,-14.57,96.5,321,111.1,326,70.2,130,11/23/24 0:00
337,Stonehill,NEC,-14.69,92.7,356,107.4,238,68.5,229,11/23/24 0:00
338,Bellarmine,ASun,-14.82,99.3,279,114.1,356,67,312,11/23/24 0:00
339,Stetson,ASun,-15.26,97.7,302,113,344,69.1,192,11/23/24 0:00
340,Saint Francis,NEC,-15.6,93.2,354,108.8,274,69.7,152,11/23/24 0:00
341,Central Arkansas,ASun,-15.69,94.8,345,110.5,313,69.4,173,11/23/24 0:00
342,Mercyhurst,NEC,-16.07,94.8,342,110.9,321,65.8,344,11/23/24 0:00
343,VMI,SC,-16.58,94.7,346,111.3,329,71.9,53,11/23/24 0:00
344,West Georgia,ASun,-16.67,96.9,313,113.6,353,68.6,221,11/23/24 0:00
345,New Orleans,Slnd,-16.89,95.4,337,112.3,337,71.5,62,11/23/24 0:00
346,Delaware St.,MEAC,-17.13,92.1,359,109.2,285,70,135,11/23/24 0:00
347,Dartmouth,Ivy,-17.14,92.8,355,110,300,70.3,123,11/23/24 0:00
348,Prairie View A&M,SWAC,-17.25,96.2,325,113.5,351,73.4,12,11/23/24 0:00
349,Fairleigh Dickinson,NEC,-17.63,98.1,296,115.7,361,72.3,35,11/23/24 0:00
350,Texas A&M Commerce,Slnd,-17.94,92.4,357,110.4,311,70.9,89,11/23/24 0:00
351,Alcorn St.,SWAC,-18.46,96,328,114.4,358,65.8,345,11/23/24 0:00
352,Lindenwood,OVC,-18.6,94.8,344,113.4,349,68.8,214,11/23/24 0:00
353,Alabama A&M,SWAC,-18.66,91.7,360,110.3,309,72.1,46,11/23/24 0:00
354,Houston Christian,Slnd,-18.67,93.5,352,112.2,336,68.5,226,11/23/24 0:00
355,Florida A&M,SWAC,-18.72,92.3,358,111,322,69.8,146,11/23/24 0:00
356,New Hampshire,AE,-19.14,94.1,350,113.2,347,68.9,203,11/23/24 0:00
357,Canisius,MAAC,-19.2,97.1,312,116.3,362,68.3,238,11/23/24 0:00
358,Maryland Eastern Shore,MEAC,-20.08,94.6,348,114.7,360,68.2,249,11/23/24 0:00
359,IU Indy,Horz,-20.89,95.7,333,116.6,363,68.9,204,11/23/24 0:00
360,Chicago St.,NEC,-20.95,91.4,362,112.4,339,71.2,71,11/23/24 0:00
,,,,,Strength of Schedule,NCSOS,,,,11/23/24 0:00
Rk,Team,Conf,NetRtg,ORtg,DRtg,AdjT,Luck,NetRtg,ORtg,11/23/24 0:00
361,NJIT,AE,-21.44,91.4,361,112.9,342,66.5,322,11/23/24 0:00
362,Arkansas Pine Bluff,SWAC,-22.35,95.2,338,117.6,364,71.5,63,11/23/24 0:00
363,Coppin St.,MEAC,-25.29,85.7,364,111,324,68.9,206,11/23/24 0:00
364,Mississippi Valley St.,SWAC,-26.42,87.1,363,113.6,352,67.8,267,11/23/24 0:00
1,Houston,B12,31.09,120.2,4,89.1,3,65.4,350,11/24/24 0:00
2,Auburn,SEC,30.8,122.5,2,91.7,5,69.6,156,11/24/24 0:00
3,Gonzaga,WCC,30.58,125,1,94.4,18,71,79,11/24/24 0:00
4,Duke,ACC,30.28,117.8,14,87.5,1,68.5,218,11/24/24 0:00
5,Tennessee,SEC,29.66,118.6,10,89,2,67.5,275,11/24/24 0:00
6,Connecticut,BE,26.68,118.7,9,92,6,67.7,263,11/24/24 0:00
7,Cincinnati,B12,25.13,118,13,92.8,7,67.4,277,11/24/24 0:00
8,Kansas,B12,24.47,118.1,12,93.6,16,70.8,88,11/24/24 0:00
9,Iowa St.,B12,24.46,115.3,27,90.8,4,69.1,182,11/24/24 0:00
10,Alabama,SEC,24.22,121.3,3,97.1,49,73.6,8,11/24/24 0:00
11,St. John's,BE,23.63,117.8,15,94.2,17,70.3,112,11/24/24 0:00
12,North Carolina,ACC,23.42,120,5,96.5,40,73.1,16,11/24/24 0:00
13,Marquette,BE,23.3,116.2,22,92.9,8,70.3,114,11/24/24 0:00
14,Pittsburgh,ACC,22.98,116.3,21,93.3,12,69.1,181,11/24/24 0:00
15,Kentucky,SEC,22.75,118.4,11,95.6,28,73.5,10,11/24/24 0:00
16,Purdue,B10,22.23,118.8,8,96.5,39,66.9,308,11/24/24 0:00
17,Florida,SEC,21.75,119,7,97.3,52,70.8,91,11/24/24 0:00
18,Ohio St.,B10,21.67,116.1,24,94.4,19,69.2,177,11/24/24 0:00
19,Texas A&M,SEC,21.53,116,26,94.4,20,66.7,317,11/24/24 0:00
20,Baylor,B12,21.44,119.8,6,98.4,64,67.3,283,11/24/24 0:00
21,Texas Tech,B12,20.68,117.4,16,96.7,42,67.6,270,11/24/24 0:00
22,UCLA,B10,20.07,113.5,42,93.5,14,67,303,11/24/24 0:00
23,Arizona,B12,20.01,115.1,30,95.1,25,73.2,14,11/24/24 0:00
24,Mississippi St.,SEC,19.9,116.2,23,96.3,34,69.6,154,11/24/24 0:00
25,BYU,B12,19.42,116.7,19,97.2,51,70,126,11/24/24 0:00
26,Texas,SEC,19.27,112.8,48,93.6,15,68.4,226,11/24/24 0:00
27,Michigan,B10,19.09,114.4,37,95.3,27,69.8,141,11/24/24 0:00
28,Illinois,B10,18.96,114.6,34,95.6,29,72.8,22,11/24/24 0:00
29,Maryland,B10,18.39,111.4,60,93.1,10,68.8,199,11/24/24 0:00
30,Wisconsin,B10,18.12,117.1,17,99,75,69.6,150,11/24/24 0:00
31,Memphis,Amer,18.02,113.1,45,95.1,24,72,42,11/24/24 0:00
32,Creighton,BE,17.96,114.8,31,96.9,44,70.3,113,11/24/24 0:00
33,Oregon,B10,17.88,114.8,32,96.9,45,69,189,11/24/24 0:00
34,Penn St.,B10,17.64,116,25,98.4,65,73.1,18,11/24/24 0:00
35,Boise St.,MWC,17.57,115.2,28,97.7,55,68.6,210,11/24/24 0:00
36,Indiana,B10,17.4,112.5,49,95.1,26,70.8,87,11/24/24 0:00
37,Clemson,ACC,17.24,114.4,38,97.1,50,68,247,11/24/24 0:00
38,Dayton,A10,17.08,112.9,47,95.9,31,67.1,299,11/24/24 0:00
39,Nevada,MWC,16.95,113.8,40,96.9,43,65.6,345,11/24/24 0:00
40,Arkansas,SEC,16.89,109.9,80,93,9,71.3,66,11/24/24 0:00
,,,,,Strength of Schedule,NCSOS,,,,11/24/24 0:00
Rk,Team,Conf,NetRtg,ORtg,DRtg,AdjT,Luck,NetRtg,ORtg,11/24/24 0:00
41,Xavier,BE,16.2,115.2,29,99,76,69.4,163,11/24/24 0:00
42,Saint Mary's,WCC,16.13,116.8,18,100.6,91,65.4,349,11/24/24 0:00
43,Michigan St.,B10,15.77,110.8,67,95,23,69.5,161,11/24/24 0:00
44,VCU,A10,15.68,109.1,95,93.5,13,69.3,169,11/24/24 0:00
45,Utah St.,MWC,15.58,114.4,36,98.8,71,72,44,11/24/24 0:00
46,Iowa,B10,15.34,113.1,46,97.8,58,72.3,33,11/24/24 0:00
47,Oklahoma,SEC,15.01,110.7,69,95.7,30,68.8,200,11/24/24 0:00
48,Mississippi,SEC,14.88,114.6,33,99.7,83,68.2,237,11/24/24 0:00
49,Nebraska,B10,14.62,109.2,93,94.6,21,70.3,108,11/24/24 0:00
50,Missouri,SEC,14.52,114.5,35,100,85,67.8,254,11/24/24 0:00
51,Utah,B12,14.27,111.3,62,97,47,71.5,58,11/24/24 0:00
52,LSU,SEC,14.12,112,53,97.9,60,69.4,162,11/24/24 0:00
53,N.C. State,ACC,13.63,111.4,61,97.8,57,71,80,11/24/24 0:00
54,San Diego St.,MWC,13.48,108.1,113,94.6,22,67.6,269,11/24/24 0:00
55,New Mexico,MWC,13.41,109.7,87,96.2,33,75.6,1,11/24/24 0:00
56,San Francisco,WCC,13.15,110.9,66,97.7,56,69.5,158,11/24/24 0:00
57,Louisville,ACC,12.88,109.5,89,96.7,41,72.6,27,11/24/24 0:00
58,Northwestern,B10,12.61,109,99,96.4,35,65.8,340,11/24/24 0:00
59,TCU,B12,12.49,108.9,100,96.5,37,69.8,139,11/24/24 0:00
60,UC Irvine,BW,12.48,109.4,91,96.9,46,70.7,95,11/24/24 0:00
61,Villanova,BE,12.15,113.4,43,101.3,98,67.4,276,11/24/24 0:00
62,Georgia,SEC,12.09,111.7,57,99.6,80,69.5,157,11/24/24 0:00
63,Arizona St.,B12,11.93,110.5,71,98.6,67,70.2,121,11/24/24 0:00
64,Liberty,CUSA,11.83,109.5,90,97.6,54,64.6,358,11/24/24 0:00
65,Vanderbilt,SEC,11.72,114.1,39,102.3,113,71.1,71,11/24/24 0:00
66,SMU,ACC,11.42,113.7,41,102.3,111,71.8,50,11/24/24 0:00
67,Stanford,ACC,11.38,111.8,55,100.4,88,66.7,316,11/24/24 0:00
68,Rutgers,B10,11.16,110.4,73,99.2,77,69.6,151,11/24/24 0:00
69,Colorado,B12,11.15,109.2,94,98,62,68.2,236,11/24/24 0:00
70,West Virginia,B12,11.12,109.3,92,98.2,63,69.6,147,11/24/24 0:00
71,Notre Dame,ACC,11.08,112.5,50,101.4,101,67.1,298,11/24/24 0:00
72,Kansas St.,B12,11.03,108.9,101,97.9,61,68.6,211,11/24/24 0:00
73,Butler,BE,10.99,110.7,68,99.7,82,67.7,265,11/24/24 0:00
74,Miami FL,ACC,10.86,116.5,20,105.7,185,67.8,258,11/24/24 0:00
75,South Carolina,SEC,10.56,109.8,81,99.3,78,67.5,273,11/24/24 0:00
76,North Texas,Amer,10.46,107.9,117,97.4,53,64.2,359,11/24/24 0:00
77,Providence,BE,10.37,106.8,139,96.5,38,65.9,334,11/24/24 0:00
78,UCF,B12,10.31,109.1,97,98.8,70,70.8,93,11/24/24 0:00
79,Florida St.,ACC,10.24,106.7,142,96.5,36,72.6,28,11/24/24 0:00
80,Wichita St.,Amer,9.93,109.7,85,99.8,84,71.5,60,11/24/24 0:00
,,,,,Strength of Schedule,NCSOS,,,,11/24/24 0:00
Rk,Team,Conf,NetRtg,ORtg,DRtg,AdjT,Luck,NetRtg,ORtg,11/24/24 0:00
81,Loyola Chicago,A10,9.93,108.4,110,98.4,66,69.8,134,11/24/24 0:00
82,Minnesota,B10,9.71,105.8,159,96.1,32,63.9,360,11/24/24 0:00
83,USC,B10,9.6,112,52,102.4,114,69.3,170,11/24/24 0:00
84,Yale,Ivy,9.24,113.2,44,104,151,67.7,259,11/24/24 0:00
85,Louisiana Tech,CUSA,8.93,110,79,101.1,94,66.9,310,11/24/24 0:00
86,Washington,B10,8.83,105.9,153,97.1,48,70.2,119,11/24/24 0:00
87,Oklahoma St.,B12,8.63,107.6,123,98.9,73,73,20,11/24/24 0:00
88,Florida Atlantic,Amer,8.57,112.2,51,103.7,136,72.7,23,11/24/24 0:00
89,Washington St.,WCC,8.52,109.7,84,101.2,96,72.4,30,11/24/24 0:00
90,Drake,MVC,8.37,108.8,103,100.4,87,65.9,337,11/24/24 0:00
91,UNLV,MWC,8.18,111.1,64,103,124,68,245,11/24/24 0:00
92,George Mason,A10,8,107.4,126,99.4,79,67.4,280,11/24/24 0:00
93,Saint Joseph's,A10,7.8,108.4,108,100.6,90,70.6,97,11/24/24 0:00
94,Bradley,MVC,7.8,111.6,58,103.8,145,67.4,278,11/24/24 0:00
95,Grand Canyon,WAC,7.72,110.6,70,102.9,122,71.2,69,11/24/24 0:00
96,Wake Forest,ACC,7.57,106.5,144,99,74,69.1,184,11/24/24 0:00
97,McNeese,Slnd,7.38,109.1,98,101.7,103,67.2,290,11/24/24 0:00
98,UC San Diego,BW,7.33,108.6,106,101.3,97,66.9,307,11/24/24 0:00
99,Oregon St.,WCC,7.21,107.8,119,100.5,89,65.9,335,11/24/24 0:00
100,Syracuse,ACC,7.03,111.7,56,104.7,165,71.1,73,11/24/24 0:00
101,Murray St.,MVC,6.91,111.3,63,104.4,156,67.4,282,11/24/24 0:00
102,Arkansas St.,SB,6.8,107.1,136,100.3,86,69.9,133,11/24/24 0:00
103,Santa Clara,WCC,6.63,110.2,76,103.5,131,69.7,143,11/24/24 0:00
104,Virginia,ACC,6.49,104.4,184,97.9,59,62.9,363,11/24/24 0:00
105,Seton Hall,BE,6.35,99.6,276,93.2,11,64.8,357,11/24/24 0:00
106,Rhode Island,A10,6.07,109.8,83,103.7,142,72.2,35,11/24/24 0:00
107,DePaul,BE,6,108.6,105,102.6,118,68.7,206,11/24/24 0:00
108,Colorado St.,MWC,5.88,106.8,140,101,92,67.9,249,11/24/24 0:00
109,High Point,BSth,5.53,111.9,54,106.4,207,67,305,11/24/24 0:00
110,Sam Houston St.,CUSA,5.48,110.1,77,104.6,163,70.3,115,11/24/24 0:00
111,St. Bonaventure,A10,5.37,107.2,132,101.8,105,67.2,289,11/24/24 0:00
112,Georgetown,BE,5.17,109.1,96,103.9,149,69.1,185,11/24/24 0:00
113,Princeton,Ivy,5.17,111.5,59,106.3,204,68.4,222,11/24/24 0:00
114,Georgia Tech,ACC,4.79,107,137,102.2,109,72.2,36,11/24/24 0:00
115,Troy,SB,4.62,103.4,198,98.8,69,69.8,140,11/24/24 0:00
116,Northern Iowa,MVC,4.56,108.2,112,103.6,135,67.2,293,11/24/24 0:00
117,Purdue Fort Wayne,Horz,4.48,111,65,106.5,208,70.2,118,11/24/24 0:00
118,Davidson,A10,4.43,109.7,86,105.3,176,68.2,233,11/24/24 0:00
119,Temple,Amer,4.31,108.7,104,104.4,157,69.5,159,11/24/24 0:00
120,California,ACC,4.18,106.5,145,102.3,112,70.8,92,11/24/24 0:00
,,,,,Strength of Schedule,NCSOS,,,,11/24/24 0:00
Rk,Team,Conf,NetRtg,ORtg,DRtg,AdjT,Luck,NetRtg,ORtg,11/24/24 0:00
121,Furman,SC,3.74,105.4,166,101.7,102,68.4,224,11/24/24 0:00
122,UAB,Amer,3.68,110.4,74,106.7,210,70.9,85,11/24/24 0:00
123,Utah Valley,WAC,3.62,105,175,101.3,99,69.9,129,11/24/24 0:00
124,Seattle,WAC,3.51,107.1,133,103.6,134,68.5,219,11/24/24 0:00
125,Charleston,CAA,3.5,107.4,128,103.9,148,71.2,68,11/24/24 0:00
126,Western Kentucky,CUSA,3.15,102.1,223,98.9,72,73.5,11,11/24/24 0:00
127,UMass Lowell,AE,3.14,107.9,118,104.7,167,71.8,48,11/24/24 0:00
128,UC Santa Barbara,BW,2.89,108.8,102,105.9,190,67.9,248,11/24/24 0:00
129,Virginia Tech,ACC,2.83,105,174,102.1,107,67.5,271,11/24/24 0:00
130,Kent St.,MAC,2.76,105.4,165,102.7,119,66.7,313,11/24/24 0:00
131,Towson,CAA,2.58,105.1,170,102.6,117,66.3,327,11/24/24 0:00
132,Boston College,ACC,2.43,106.3,149,103.8,146,67.5,274,11/24/24 0:00
133,Samford,SC,2.16,109.8,82,107.7,242,74,5,11/24/24 0:00
134,East Carolina,Amer,2.05,105.7,160,103.7,138,66.1,332,11/24/24 0:00
135,Northern Colorado,BSky,2.03,107.6,122,105.6,183,71.1,70,11/24/24 0:00
136,Lipscomb,ASun,1.97,106.6,143,104.6,164,69,187,11/24/24 0:00
137,Southern Illinois,MVC,1.87,104.6,180,102.7,120,70.8,90,11/24/24 0:00
138,Wright St.,Horz,1.79,108.6,107,106.8,214,68.7,204,11/24/24 0:00
139,La Salle,A10,1.76,105.5,164,103.7,139,70.8,89,11/24/24 0:00
140,UC Davis,BW,1.74,101.4,238,99.6,81,72.7,25,11/24/24 0:00
141,South Florida,Amer,1.72,107.2,130,105.5,180,70.3,109,11/24/24 0:00
142,Saint Louis,A10,1.71,107.5,124,105.8,187,72,43,11/24/24 0:00
143,Massachusetts,A10,1.7,105.7,161,104,150,71.5,59,11/24/24 0:00
144,Northeastern,CAA,1.7,103.9,190,102.2,110,67.6,267,11/24/24 0:00
145,George Washington,A10,1.47,107.4,129,105.9,191,71.3,65,11/24/24 0:00
146,James Madison,SB,1.43,107.7,121,106.3,202,67.7,260,11/24/24 0:00
147,Columbia,Ivy,1.4,110.3,75,108.9,267,69,191,11/24/24 0:00
148,Middle Tennessee,CUSA,1.38,104.5,181,103.1,126,69.3,168,11/24/24 0:00
149,Vermont,AE,1.3,102.7,208,101.4,100,65.2,351,11/24/24 0:00
150,Akron,MAC,1.27,106.2,150,104.9,170,69.8,135,11/24/24 0:00
151,Wofford,SC,1.18,110.5,72,109.4,283,65.9,336,11/24/24 0:00
152,Belmont,MVC,0.82,107.9,115,107.1,223,71.2,67,11/24/24 0:00
153,Jacksonville,ASun,0.62,102.4,213,101.8,104,68.3,230,11/24/24 0:00
154,St. Thomas,Sum,0.61,108,114,107.3,231,68.2,239,11/24/24 0:00
155,Longwood,BSth,0.51,102.7,210,102.2,108,69,190,11/24/24 0:00
156,Toledo,MAC,0.42,110.1,78,109.6,286,71.3,64,11/24/24 0:00
157,Texas St.,SB,0.41,104.1,187,103.7,141,68,246,11/24/24 0:00
158,UNC Greensboro,SC,0.15,103.9,191,103.7,144,67.2,288,11/24/24 0:00
159,Charlotte,Amer,0.14,107.2,131,107,222,64.9,354,11/24/24 0:00
160,Hofstra,CAA,0.14,103.4,199,103.2,127,66.4,324,11/24/24 0:00
,,,,,Strength of Schedule,NCSOS,,,,11/24/24 0:00
Rk,Team,Conf,NetRtg,ORtg,DRtg,AdjT,Luck,NetRtg,ORtg,11/24/24 0:00
161,North Alabama,ASun,0.13,107.4,127,107.3,227,69.4,165,11/24/24 0:00
162,Ohio,MAC,0.04,108.4,109,108.3,256,71.1,75,11/24/24 0:00
163,UNC Wilmington,CAA,-0.39,106.4,147,106.8,213,69.4,166,11/24/24 0:00
164,New Mexico St.,CUSA,-0.44,103,204,103.5,128,67.4,279,11/24/24 0:00
165,Southern Utah,WAC,-0.45,106.4,146,106.9,218,68.9,195,11/24/24 0:00
166,South Dakota St.,Sum,-0.45,105.6,162,106,198,71.8,51,11/24/24 0:00
167,Elon,CAA,-0.49,107.5,125,108,248,67.7,261,11/24/24 0:00
168,UC Riverside,BW,-0.68,105.3,168,106,197,69.1,183,11/24/24 0:00
169,Chattanooga,SC,-0.82,106.3,148,107.1,225,69.2,176,11/24/24 0:00
170,Jacksonville St.,CUSA,-0.86,105.9,152,106.8,216,67.3,286,11/24/24 0:00
171,Loyola Marymount,WCC,-0.88,104.6,179,105.5,182,67.7,262,11/24/24 0:00
172,Bryant,AE,-0.96,102.5,212,103.5,129,73.7,7,11/24/24 0:00
173,UNC Asheville,BSth,-1.02,106.9,138,107.9,247,68.6,212,11/24/24 0:00
174,Cal Baptist,WAC,-1.06,107.1,135,108.1,252,66.9,311,11/24/24 0:00
175,Appalachian St.,SB,-1.13,100.8,251,102,106,67.5,272,11/24/24 0:00
176,North Florida,ASun,-1.22,109.6,88,110.9,313,70.3,117,11/24/24 0:00
177,Little Rock,OVC,-1.27,103,205,104.3,155,69.3,174,11/24/24 0:00
178,Kennesaw St.,CUSA,-1.28,107.7,120,109,271,73.1,15,11/24/24 0:00
179,Milwaukee,Horz,-1.37,106.8,141,108.1,253,70.7,96,11/24/24 0:00
180,Fordham,A10,-1.54,102,224,103.5,132,70.5,100,11/24/24 0:00
181,Winthrop,BSth,-1.65,101.3,239,103,125,72.4,29,11/24/24 0:00
182,Drexel,CAA,-1.66,103.1,203,104.7,168,65.5,348,11/24/24 0:00
183,Missouri St.,MVC,-1.77,100.7,254,102.4,115,69,188,11/24/24 0:00
184,East Tennessee St.,SC,-1.78,105.9,155,107.6,240,67.8,253,11/24/24 0:00
185,Illinois St.,MVC,-1.79,105.8,156,107.6,238,67.2,291,11/24/24 0:00
186,Tulane,Amer,-1.82,104,189,105.8,188,70.4,102,11/24/24 0:00
187,Rice,Amer,-1.89,102.7,209,104.6,161,66.7,315,11/24/24 0:00
188,Marshall,SB,-1.9,102.4,216,104.3,154,70.6,98,11/24/24 0:00
189,Hawaii,BW,-1.99,103.8,195,105.8,186,66.3,325,11/24/24 0:00
190,UT Arlington,WAC,-2.15,107.9,116,110.1,294,72,45,11/24/24 0:00
191,Montana St.,BSky,-2.21,105.1,171,107.3,230,68.8,201,11/24/24 0:00
192,UTEP,CUSA,-2.27,102.2,220,104.4,158,71,84,11/24/24 0:00
193,Northern Kentucky,Horz,-2.29,98.8,293,101,93,67.8,256,11/24/24 0:00
194,Norfolk St.,MEAC,-2.41,104.7,178,107.1,226,67.3,285,11/24/24 0:00
195,Florida Gulf Coast,ASun,-2.41,101.5,234,103.9,147,65.5,346,11/24/24 0:00
196,Indiana St.,MVC,-2.49,105.3,169,107.7,243,73.1,17,11/24/24 0:00
197,Presbyterian,BSth,-2.62,102.9,206,105.5,181,65.9,338,11/24/24 0:00
198,Illinois Chicago,MVC,-2.68,105.8,158,108.5,259,71.9,46,11/24/24 0:00
199,UT Rio Grande Valley,Slnd,-2.81,105.9,154,108.7,263,71.7,56,11/24/24 0:00
200,Saint Peter's,MAAC,-2.86,99.9,270,102.7,121,64.8,355,11/24/24 0:00
,,,,,Strength of Schedule,NCSOS,,,,11/24/24 0:00
Rk,Team,Conf,NetRtg,ORtg,DRtg,AdjT,Luck,NetRtg,ORtg,11/24/24 0:00
201,Montana,BSky,-2.87,106.1,151,108.9,268,68.1,241,11/24/24 0:00
202,Central Michigan,MAC,-2.92,100.7,253,103.7,137,68.8,202,11/24/24 0:00
203,Georgia St.,SB,-2.95,104.9,177,107.8,246,69.8,142,11/24/24 0:00
204,Texas A&M Corpus Chris,Slnd,-2.98,105.8,157,108.8,264,71.7,53,11/24/24 0:00
205,Miami OH,MAC,-3,104.4,183,107.4,234,69.3,175,11/24/24 0:00
206,Stephen F. Austin,Slnd,-3.04,95.7,333,98.8,68,67.9,252,11/24/24 0:00
207,South Alabama,SB,-3.04,101.6,230,104.7,166,66.9,309,11/24/24 0:00
208,Abilene Christian,WAC,-3.08,101.1,247,104.1,153,69.9,132,11/24/24 0:00
209,CSUN,BW,-3.25,101.6,233,104.8,169,73.9,6,11/24/24 0:00
210,Cornell,Ivy,-3.57,107.1,134,110.7,307,72.2,37,11/24/24 0:00
211,William & Mary,CAA,-3.72,105.4,167,109.1,277,72.7,24,11/24/24 0:00
212,Richmond,A10,-3.79,100.3,261,104.1,152,68.4,225,11/24/24 0:00
213,Nicholls,Slnd,-3.81,101.4,235,105.2,174,68.5,215,11/24/24 0:00
214,Howard,MEAC,-3.82,104.2,185,108,249,68.2,238,11/24/24 0:00
215,Georgia Southern,SB,-3.87,101.4,236,105.3,175,74.6,3,11/24/24 0:00
216,Gardner Webb,BSth,-3.95,102,225,106,194,69.6,149,11/24/24 0:00
217,Quinnipiac,MAAC,-4.08,99.6,275,103.7,140,71,82,11/24/24 0:00
218,Duquesne,A10,-4.09,101.7,228,105.8,189,68.7,205,11/24/24 0:00
219,Radford,BSth,-4.1,108.2,111,112.3,334,65.8,341,11/24/24 0:00
220,Eastern Kentucky,ASun,-4.3,105.1,172,109.4,284,69.8,138,11/24/24 0:00
221,Wyoming,MWC,-4.32,101,248,105.3,177,67.9,250,11/24/24 0:00
222,Cleveland St.,Horz,-4.61,99.1,283,103.7,143,68.7,203,11/24/24 0:00
223,Austin Peay,ASun,-4.62,102.1,221,106.7,212,66.7,312,11/24/24 0:00
224,Albany,AE,-4.7,101.6,231,106.3,203,69.6,155,11/24/24 0:00
225,Grambling St.,SWAC,-4.74,98.2,302,102.9,123,69.4,167,11/24/24 0:00
226,Tulsa,Amer,-4.87,103.8,194,108.7,262,70.1,123,11/24/24 0:00
227,Oakland,Horz,-4.88,101.2,242,106.1,199,65.9,339,11/24/24 0:00
228,Alabama St.,SWAC,-5.11,101.7,229,106.8,217,69.6,152,11/24/24 0:00
229,North Dakota,Sum,-5.14,101.6,232,106.7,211,70.4,103,11/24/24 0:00
230,Bucknell,PL,-5.24,99.3,278,104.6,159,68.5,220,11/24/24 0:00
231,Weber St.,BSky,-5.33,103.1,202,108.4,257,68,244,11/24/24 0:00
232,Youngstown St.,Horz,-5.4,97.1,317,102.5,116,69.9,130,11/24/24 0:00
233,Idaho St.,BSky,-5.45,100.5,257,106,195,66.2,328,11/24/24 0:00
234,Kansas City,Sum,-5.56,99.9,268,105.5,179,68.1,242,11/24/24 0:00
235,Rider,MAAC,-5.68,100.3,260,106,196,67.1,300,11/24/24 0:00
236,Robert Morris,Horz,-5.83,98.8,294,104.6,162,68.7,207,11/24/24 0:00
237,Merrimack,MAAC,-5.99,95.1,341,101.1,95,66.3,326,11/24/24 0:00
238,Maine,AE,-6.13,97.4,312,103.6,133,68.2,234,11/24/24 0:00
239,Brown,Ivy,-6.18,104.2,186,110.4,301,67.2,296,11/24/24 0:00
240,Marist,MAAC,-6.31,101.1,246,107.4,233,66.2,331,11/24/24 0:00
,,,,,Strength of Schedule,NCSOS,,,,11/24/24 0:00
Rk,Team,Conf,NetRtg,ORtg,DRtg,AdjT,Luck,NetRtg,ORtg,11/24/24 0:00
241,Southern Miss,SB,-6.36,100.2,262,106.6,209,73,19,11/24/24 0:00
242,American,PL,-6.37,103.6,196,110,291,63.6,361,11/24/24 0:00
243,Delaware,CAA,-6.47,101.3,240,107.8,245,71.9,47,11/24/24 0:00
244,North Dakota St.,Sum,-6.6,104.5,182,111.1,317,66.5,322,11/24/24 0:00
245,Iona,MAAC,-6.66,100.1,265,106.8,215,69.4,164,11/24/24 0:00
246,Mercer,SC,-6.8,102.2,218,109,274,72.1,41,11/24/24 0:00
247,Eastern Washington,BSky,-6.84,104.9,176,111.7,327,71.5,57,11/24/24 0:00
248,Cal Poly,BW,-6.91,99.2,280,106.1,200,73.6,9,11/24/24 0:00
249,Colgate,PL,-7.19,99,286,106.2,201,68.5,214,11/24/24 0:00
250,FIU,CUSA,-7.27,97.3,314,104.6,160,72.2,38,11/24/24 0:00
251,Pepperdine,WCC,-7.36,100.8,252,108.1,250,69.1,186,11/24/24 0:00
252,South Dakota,Sum,-7.45,105.5,163,113,342,73.3,13,11/24/24 0:00
253,Green Bay,Horz,-7.47,105,173,112.5,336,71,76,11/24/24 0:00
254,Harvard,Ivy,-7.58,101,249,108.5,260,69.2,180,11/24/24 0:00
255,Southeastern Louisiana,Slnd,-7.64,98.3,300,105.9,193,69.3,173,11/24/24 0:00
256,Army,PL,-7.65,103.8,193,111.5,322,67.2,294,11/24/24 0:00
257,UTSA,Amer,-7.77,101.2,244,108.9,270,72.2,34,11/24/24 0:00
258,North Carolina A&T,CAA,-7.78,101.4,237,109.1,279,72.6,26,11/24/24 0:00
259,Boston University,PL,-7.81,99.7,273,107.6,236,66.6,320,11/24/24 0:00
260,Louisiana,SB,-7.85,102,226,109.9,289,70.2,120,11/24/24 0:00
261,Portland St.,BSky,-7.86,101.1,245,109,272,73.4,12,11/24/24 0:00
262,Evansville,MVC,-7.97,102.4,214,110.4,302,70.6,99,11/24/24 0:00
263,Valparaiso,MVC,-7.98,101.3,241,109.2,281,70,128,11/24/24 0:00
264,SIUE,OVC,-8.22,98.2,303,106.4,206,67.7,264,11/24/24 0:00
265,Northern Arizona,BSky,-8.25,102.2,219,110.4,304,67,306,11/24/24 0:00
266,Southern,SWAC,-8.25,96.9,320,105.2,173,69.2,178,11/24/24 0:00
267,Queens,ASun,-8.26,98.1,305,106.3,205,72.1,40,11/24/24 0:00
268,Fresno St.,MWC,-8.47,96.6,323,105.1,172,74.7,2,11/24/24 0:00
269,Ball St.,MAC,-8.7,99.9,269,108.6,261,69.7,144,11/24/24 0:00
270,Central Connecticut,NEC,-8.73,96.3,329,105.1,171,67.6,268,11/24/24 0:00
271,Mount St. Mary's,MAAC,-8.79,98.1,304,106.9,219,68.5,217,11/24/24 0:00
272,South Carolina St.,MEAC,-8.84,98.8,290,107.6,239,70,125,11/24/24 0:00
273,Western Carolina,SC,-8.88,98.2,301,107.1,224,70.4,104,11/24/24 0:00
274,Cal St. Bakersfield,BW,-8.89,101.2,243,110.1,295,65.5,347,11/24/24 0:00
275,Lafayette,PL,-8.97,98.6,296,107.5,235,66.6,319,11/24/24 0:00
276,Lamar,Slnd,-9.1,102.4,215,111.5,323,70,124,11/24/24 0:00
277,North Carolina Central,MEAC,-9.11,103.6,197,112.7,341,67.3,287,11/24/24 0:00
278,Bethune Cookman,SWAC,-9.11,96.5,326,105.7,184,70.3,116,11/24/24 0:00
279,Campbell,CAA,-9.12,100,266,109.2,280,68,243,11/24/24 0:00
280,Bowling Green,MAC,-9.21,102.7,207,112,332,69.9,131,11/24/24 0:00
,,,,,Strength of Schedule,NCSOS,,,,11/24/24 0:00
Rk,Team,Conf,NetRtg,ORtg,DRtg,AdjT,Luck,NetRtg,ORtg,11/24/24 0:00
281,Texas Southern,SWAC,-9.28,97.6,309,106.9,220,70.4,106,11/24/24 0:00
282,Pacific,WCC,-9.28,98.9,288,108.1,254,70.3,111,11/24/24 0:00
283,Morehead St.,OVC,-9.31,96.6,325,105.9,192,67.4,281,11/24/24 0:00
284,Oral Roberts,Sum,-9.36,103.2,201,112.6,338,70.5,101,11/24/24 0:00
285,San Jose St.,MWC,-9.38,100.4,258,109.8,288,65.1,352,11/24/24 0:00
286,Incarnate Word,Slnd,-9.39,104,188,113.4,347,68.3,229,11/24/24 0:00
287,Lehigh,PL,-9.4,100.9,250,110.3,300,68.9,193,11/24/24 0:00
288,Wagner,NEC,-9.97,93.5,352,103.5,130,63.3,362,11/24/24 0:00
289,Nebraska Omaha,Sum,-10.02,102.7,211,112.7,340,69.6,146,11/24/24 0:00
290,Air Force,MWC,-10.1,101.9,227,112,333,62.6,364,11/24/24 0:00
291,Penn,Ivy,-10.11,103.8,192,114,352,65.9,333,11/24/24 0:00
292,Tennessee St.,OVC,-10.21,98.8,289,109,276,70.9,86,11/24/24 0:00
293,Eastern Michigan,MAC,-10.28,97.5,310,107.8,244,67.2,292,11/24/24 0:00
294,Siena,MAAC,-10.29,97.3,313,107.6,237,66.6,318,11/24/24 0:00
295,San Diego,WCC,-10.3,95.1,343,105.4,178,73,21,11/24/24 0:00
296,Monmouth,CAA,-10.42,100.6,256,111,316,69.8,137,11/24/24 0:00
297,Long Beach St.,BW,-10.43,99.8,271,110.2,299,66.2,329,11/24/24 0:00
298,Denver,Sum,-10.87,99.3,277,110.2,298,71.4,61,11/24/24 0:00
299,Tarleton St.,WAC,-10.93,96.5,327,107.4,232,68.9,192,11/24/24 0:00
300,Cal St. Fullerton,BW,-10.96,96.3,328,107.3,229,67.2,295,11/24/24 0:00
301,Coastal Carolina,SB,-10.97,98.3,299,109.3,282,64.8,356,11/24/24 0:00
302,Southern Indiana,OVC,-11.13,99.7,274,110.8,310,68.2,232,11/24/24 0:00
303,Idaho,BSky,-11.16,102.3,217,113.5,348,66.7,314,11/24/24 0:00
304,Northwestern St.,Slnd,-11.26,98.8,291,110,292,67.8,255,11/24/24 0:00
305,Hampton,CAA,-11.31,97.8,307,109.1,278,66.5,321,11/24/24 0:00
306,Holy Cross,PL,-11.31,103.3,200,114.6,356,66.2,330,11/24/24 0:00
307,Sacramento St.,BSky,-11.34,95.9,332,107.3,228,65.8,342,11/24/24 0:00
308,Fairfield,MAAC,-11.46,97,319,108.5,258,67.9,251,11/24/24 0:00
309,Portland,WCC,-11.55,97.5,311,109,275,71,78,11/24/24 0:00
310,LIU,NEC,-11.69,99.2,282,110.9,311,70.4,105,11/24/24 0:00
311,Detroit Mercy,Horz,-11.72,97.2,316,108.9,269,67.8,257,11/24/24 0:00
312,Old Dominion,SB,-11.76,98.9,287,110.6,305,70.4,107,11/24/24 0:00
313,Navy,PL,-11.87,100,267,111.8,330,68.6,209,11/24/24 0:00
314,Southeast Missouri,OVC,-11.97,96.2,331,108.1,251,71.7,55,11/24/24 0:00
315,Manhattan,MAAC,-12.04,99.2,279,111.3,321,70.1,122,11/24/24 0:00
316,Utah Tech,WAC,-12.34,97.8,308,110.1,297,71.8,52,11/24/24 0:00
317,UMBC,AE,-12.34,102.1,222,114.4,355,71.1,72,11/24/24 0:00
318,Eastern Illinois,OVC,-12.39,96.6,324,109,273,68.5,216,11/24/24 0:00
319,Stony Brook,CAA,-12.41,99.1,284,111.5,325,68.9,194,11/24/24 0:00
320,Niagara,MAAC,-12.68,100.6,255,113.3,345,67.1,297,11/24/24 0:00
,,,,,Strength of Schedule,NCSOS,,,,11/24/24 0:00
Rk,Team,Conf,NetRtg,ORtg,DRtg,AdjT,Luck,NetRtg,ORtg,11/24/24 0:00
321,Charleston Southern,BSth,-12.7,97.3,315,110,290,69.8,136,11/24/24 0:00
322,Tennessee Martin,OVC,-12.97,94,350,107,221,71,77,11/24/24 0:00
323,Sacred Heart,MAAC,-13.05,100.2,263,113.2,343,69.5,160,11/24/24 0:00
324,Bellarmine,ASun,-13.1,100.4,259,113.5,349,67,301,11/24/24 0:00
325,Jackson St.,SWAC,-13.21,96.8,322,110,293,71,81,11/24/24 0:00
326,Western Michigan,MAC,-13.35,98.6,297,111.9,331,68.9,198,11/24/24 0:00
327,Loyola MD,PL,-13.64,95.2,338,108.9,266,69.2,179,11/24/24 0:00
328,Louisiana Monroe,SB,-13.71,94.4,347,108.2,255,68.4,221,11/24/24 0:00
329,Buffalo,MAC,-13.76,99.8,272,113.5,350,71,83,11/24/24 0:00
330,The Citadel,SC,-13.84,95.6,334,109.5,285,67,304,11/24/24 0:00
331,Binghamton,AE,-13.92,97.9,306,111.8,328,67.3,284,11/24/24 0:00
332,Western Illinois,OVC,-14.05,97,318,111.1,318,65,353,11/24/24 0:00
333,Morgan St.,MEAC,-14.21,99.2,281,113.4,346,71.7,54,11/24/24 0:00
334,Tennessee Tech,OVC,-14.31,96.9,321,111.2,319,68.3,231,11/24/24 0:00
335,Stonehill,NEC,-14.7,92.9,357,107.6,241,68.4,227,11/24/24 0:00
336,Le Moyne,NEC,-14.82,95.3,337,110.1,296,68.9,196,11/24/24 0:00
337,Saint Francis,NEC,-15.49,93.3,355,108.8,265,70,127,11/24/24 0:00
338,Central Arkansas,ASun,-15.64,95.1,344,110.7,309,69.3,171,11/24/24 0:00
339,Northern Illinois,MAC,-15.7,94.1,349,109.8,287,69.6,148,11/24/24 0:00
340,Stetson,ASun,-15.77,98.6,295,114.4,354,69.6,153,11/24/24 0:00
341,Mercyhurst,NEC,-15.97,95,346,111,315,65.8,343,11/24/24 0:00
342,USC Upstate,BSth,-16.04,100.2,264,116.2,361,72.3,32,11/24/24 0:00
343,VMI,SC,-16.62,95.1,342,111.7,326,71.8,49,11/24/24 0:00
344,West Georgia,ASun,-16.66,95.1,340,111.8,329,68.2,235,11/24/24 0:00
345,Prairie View A&M,SWAC,-16.82,98.8,292,115.6,359,74.2,4,11/24/24 0:00
346,New Orleans,Slnd,-16.92,95.6,335,112.5,337,71.4,62,11/24/24 0:00
347,Dartmouth,Ivy,-17.12,93.3,356,110.4,303,70.3,110,11/24/24 0:00
348,Alabama A&M,SWAC,-17.26,93.4,353,110.7,308,72.4,31,11/24/24 0:00
349,Delaware St.,MEAC,-17.51,93.3,354,110.9,312,69.3,172,11/24/24 0:00
350,Fairleigh Dickinson,NEC,-17.64,98.3,298,116,360,72.2,39,11/24/24 0:00
351,Texas A&M Commerce,Slnd,-17.94,92.7,358,110.6,306,70.8,94,11/24/24 0:00
352,Alcorn St.,SWAC,-18.44,96.2,330,114.6,357,65.7,344,11/24/24 0:00
353,Lindenwood,OVC,-18.63,95,345,113.7,351,68.7,208,11/24/24 0:00
354,Houston Christian,Slnd,-18.67,93.8,351,112.5,335,68.3,228,11/24/24 0:00
355,Florida A&M,SWAC,-18.72,92.5,359,111.2,320,69.7,145,11/24/24 0:00
356,New Hampshire,AE,-18.72,92.2,360,110.9,314,68.5,213,11/24/24 0:00
357,Canisius,MAAC,-19.53,99.1,285,118.6,364,67.6,266,11/24/24 0:00
358,Maryland Eastern Shore,MEAC,-20.56,94.3,348,114.8,358,68.1,240,11/24/24 0:00
359,Chicago St.,NEC,-20.81,91.8,361,112.6,339,71.1,74,11/24/24 0:00
360,IU Indy,Horz,-21.32,95.2,339,116.5,362,68.4,223,11/24/24 0:00
,,,,,Strength of Schedule,NCSOS,,,,11/24/24 0:00
Rk,Team,Conf,NetRtg,ORtg,DRtg,AdjT,Luck,NetRtg,ORtg,11/24/24 0:00
361,NJIT,AE,-21.47,91.8,362,113.3,344,66.4,323,11/24/24 0:00
362,Arkansas Pine Bluff,SWAC,-22.47,95.5,336,118,363,71.4,63,11/24/24 0:00
363,Coppin St.,MEAC,-25.3,86.2,364,111.5,324,68.9,197,11/24/24 0:00
364,Mississippi Valley St.,SWAC,-27.01,87.1,363,114.1,353,67,302,11/24/24 0:00
1,Houston,B12,31.01,120,4,89,3,65.3,347,11/25/24 0:00
2,Auburn,SEC,30.58,122.3,2,91.7,5,69.5,149,11/25/24 0:00
3,Gonzaga,WCC,30.58,124.9,1,94.3,16,70.8,81,11/25/24 0:00
4,Duke,ACC,30.27,117.8,15,87.5,1,68.3,220,11/25/24 0:00
5,Tennessee,SEC,29.63,118.5,9,88.9,2,67.2,275,11/25/24 0:00
6,Connecticut,BE,26.67,118.6,8,91.9,6,67.5,260,11/25/24 0:00
7,Cincinnati,B12,25.14,117.9,14,92.7,8,67.2,276,11/25/24 0:00
8,Iowa St.,B12,24.46,115.2,29,90.8,4,69.1,175,11/25/24 0:00
9,Kansas,B12,24.38,118,13,93.6,14,70.8,85,11/25/24 0:00
10,Alabama,SEC,24.17,121.2,3,97,49,73.5,7,11/25/24 0:00
11,North Carolina,ACC,23.43,119.9,5,96.4,38,72.9,21,11/25/24 0:00
12,Marquette,BE,23.37,116.1,22,92.8,9,70.3,106,11/25/24 0:00
13,Kentucky,SEC,22.77,118.4,11,95.7,31,73.4,9,11/25/24 0:00
14,St. John's,BE,22.37,116,24,93.6,15,69.9,129,11/25/24 0:00
15,Purdue,B10,22.1,118.5,10,96.4,37,66.7,307,11/25/24 0:00
16,Florida,SEC,21.99,119,7,97,50,70.7,90,11/25/24 0:00
17,Pittsburgh,ACC,21.87,116.2,20,94.3,17,69,178,11/25/24 0:00
18,Ohio St.,B10,21.67,116.1,23,94.4,18,69.2,168,11/25/24 0:00
19,Texas A&M,SEC,21.47,115.9,26,94.4,19,66.6,313,11/25/24 0:00
20,Baylor,B12,21.34,119.8,6,98.4,67,67.3,273,11/25/24 0:00
21,Texas Tech,B12,20.82,117.5,16,96.7,42,67.4,267,11/25/24 0:00
22,UCLA,B10,20.2,113.5,43,93.3,11,66.8,300,11/25/24 0:00
23,Arizona,B12,20.01,115,31,95,24,73.1,15,11/25/24 0:00
24,Mississippi St.,SEC,19.9,116.1,21,96.2,35,69.4,155,11/25/24 0:00
25,BYU,B12,19.47,116.8,18,97.3,52,69.9,127,11/25/24 0:00
26,Wisconsin,B10,19.3,118.2,12,98.9,72,69.5,152,11/25/24 0:00
27,Texas,SEC,19.28,112.8,49,93.5,12,68.2,225,11/25/24 0:00
28,Michigan,B10,19.13,114.3,39,95.2,27,69.6,145,11/25/24 0:00
29,Illinois,B10,18.79,114.4,37,95.6,30,72.8,22,11/25/24 0:00
30,Creighton,BE,17.97,114.8,34,96.8,43,70.2,112,11/25/24 0:00
31,Maryland,B10,17.95,112.9,47,95,23,68.2,230,11/25/24 0:00
32,Memphis,Amer,17.94,113,46,95.1,25,71.9,43,11/25/24 0:00
33,Oregon,B10,17.91,114.8,33,96.9,45,68.7,202,11/25/24 0:00
34,Nevada,MWC,17.69,115.5,27,97.8,58,65.3,346,11/25/24 0:00
35,Penn St.,B10,17.61,115.9,25,98.3,64,73.1,16,11/25/24 0:00
36,Indiana,B10,17.21,112.3,52,95.1,26,70.8,84,11/25/24 0:00
37,Clemson,ACC,17.15,114.2,40,97,48,67.8,247,11/25/24 0:00
38,Dayton,A10,17.06,112.9,48,95.8,32,66.9,296,11/25/24 0:00
39,Boise St.,MWC,16.96,115.4,28,98.4,66,68.9,183,11/25/24 0:00
40,Arkansas,SEC,16.95,109.9,82,93,10,71.1,67,11/25/24 0:00
,,,,,Strength of Schedule,NCSOS,,,,11/25/24 0:00
Rk,Team,Conf,NetRtg,ORtg,DRtg,AdjT,Luck,NetRtg,ORtg,11/25/24 0:00
41,VCU,A10,16.48,110,79,93.5,13,68.9,182,11/25/24 0:00
42,Saint Mary's,WCC,16.18,116.7,19,100.5,90,65.2,349,11/25/24 0:00
43,Xavier,BE,16.06,115,30,99,75,69.3,159,11/25/24 0:00
44,Michigan St.,B10,15.73,110.7,68,94.9,22,69.3,158,11/25/24 0:00
45,Utah St.,MWC,15.57,114.4,38,98.8,71,71.7,47,11/25/24 0:00
46,Iowa,B10,15.37,113,44,97.7,56,72.1,36,11/25/24 0:00
47,Oklahoma,SEC,15.25,110.7,66,95.5,29,68.7,198,11/25/24 0:00
48,Mississippi,SEC,14.94,114.5,36,99.6,81,68.1,235,11/25/24 0:00
49,Missouri,SEC,14.89,114.7,35,99.8,85,68.4,217,11/25/24 0:00
50,Nebraska,B10,14.63,109.1,95,94.5,20,70.2,110,11/25/24 0:00
51,Utah,B12,14.26,111.2,61,96.9,46,71.5,56,11/25/24 0:00
52,LSU,SEC,14.21,112.2,54,97.9,60,69.2,162,11/25/24 0:00
53,New Mexico,MWC,13.93,110.2,75,96.2,34,75.8,1,11/25/24 0:00
54,N.C. State,ACC,13.65,111.2,59,97.6,53,70.9,78,11/25/24 0:00
55,San Diego St.,MWC,13.49,108.1,116,94.6,21,67.5,264,11/25/24 0:00
56,Georgia,SEC,13.44,111.2,60,97.8,57,69.1,170,11/25/24 0:00
57,San Francisco,WCC,13.09,110.7,67,97.6,54,69.3,157,11/25/24 0:00
58,Louisville,ACC,12.88,109.5,91,96.6,41,72.5,26,11/25/24 0:00
59,Florida St.,ACC,12.64,107.9,119,95.3,28,72.3,30,11/25/24 0:00
60,TCU,B12,12.55,109,98,96.5,40,69.8,134,11/25/24 0:00
61,Northwestern,B10,12.53,109,100,96.5,39,65.9,337,11/25/24 0:00
62,UC Irvine,BW,12.5,109.3,93,96.9,44,70.6,97,11/25/24 0:00
63,Villanova,BE,12.37,115,32,102.6,115,66.8,302,11/25/24 0:00
64,Liberty,CUSA,12.02,109.7,87,97.7,55,64.6,357,11/25/24 0:00
65,Arizona St.,B12,11.92,110.6,69,98.7,70,70,122,11/25/24 0:00
66,SMU,ACC,11.45,113.6,42,102.2,110,71.7,50,11/25/24 0:00
67,Stanford,ACC,11.4,111.7,55,100.3,88,66.5,318,11/25/24 0:00
68,Colorado,B12,11.17,109.1,96,97.9,59,68.1,236,11/25/24 0:00
69,Butler,BE,11.17,110.7,65,99.6,82,67.5,261,11/25/24 0:00
70,Notre Dame,ACC,11.07,112.4,51,101.4,101,67,292,11/25/24 0:00
71,West Virginia,B12,10.8,109,97,98.2,63,69.6,147,11/25/24 0:00
72,Kansas St.,B12,10.74,108.8,102,98,62,68.5,210,11/25/24 0:00
73,North Texas,Amer,10.68,108,117,97.3,51,64,360,11/25/24 0:00
74,South Carolina,SEC,10.46,109.8,83,99.3,78,67.4,269,11/25/24 0:00
75,Providence,BE,10.45,106.7,140,96.3,36,65.9,335,11/25/24 0:00
76,Miami FL,ACC,10.27,116.9,17,106.6,210,67.1,285,11/25/24 0:00
77,Vanderbilt,SEC,10.15,113,45,102.9,122,71.4,58,11/25/24 0:00
78,Wichita St.,Amer,10.08,109.7,85,99.7,83,71.4,59,11/25/24 0:00
79,Rutgers,B10,10.08,109,101,98.9,74,70.2,113,11/25/24 0:00
80,UCF,B12,10.04,109.3,94,99.2,77,70.7,88,11/25/24 0:00
,,,,,Strength of Schedule,NCSOS,,,,11/25/24 0:00
Rk,Team,Conf,NetRtg,ORtg,DRtg,AdjT,Luck,NetRtg,ORtg,11/25/24 0:00
81,Drake,MVC,10.03,109.4,92,99.4,80,66.3,326,11/25/24 0:00
82,Loyola Chicago,A10,9.95,108.3,108,98.3,65,69.7,139,11/25/24 0:00
83,Minnesota,B10,9.63,105.6,159,96,33,63.7,361,11/25/24 0:00
84,Rhode Island,A10,9.48,110.6,70,101.1,96,72.3,32,11/25/24 0:00
85,USC,B10,9.25,112.3,53,103.1,124,68.9,190,11/25/24 0:00
86,Washington,B10,8.87,105.8,152,97,47,70.1,119,11/25/24 0:00
87,Bradley,MVC,8.74,112.8,50,104,151,67.1,287,11/25/24 0:00
88,McNeese,Slnd,8.73,110.2,74,101.5,102,67.5,262,11/25/24 0:00
89,Washington St.,WCC,8.71,109.7,86,101,94,72.3,28,11/25/24 0:00
90,Louisiana Tech,CUSA,8.67,109.8,84,101.1,99,66.8,303,11/25/24 0:00
91,UNLV,MWC,8.12,111,62,102.9,123,67.9,244,11/25/24 0:00
92,Florida Atlantic,Amer,8.07,111.4,58,103.3,131,72.4,27,11/25/24 0:00
93,George Mason,A10,7.97,107.3,128,99.3,79,67.3,271,11/25/24 0:00
94,Saint Joseph's,A10,7.85,108.2,110,100.3,87,70.7,91,11/25/24 0:00
95,Oklahoma St.,B12,7.76,108.6,105,100.8,92,73,17,11/25/24 0:00
96,Grand Canyon,WAC,7.72,110.5,71,102.8,120,71.1,71,11/25/24 0:00
97,Wake Forest,ACC,7.54,106.4,144,98.9,73,69,180,11/25/24 0:00
98,Yale,Ivy,7.48,114.2,41,106.7,214,68.2,226,11/25/24 0:00
99,UC San Diego,BW,7.41,108.5,106,101.1,97,66.7,306,11/25/24 0:00
100,Oregon St.,WCC,7.18,107.6,124,100.4,89,65.9,336,11/25/24 0:00
101,Syracuse,ACC,7.06,111.6,56,104.6,165,70.9,76,11/25/24 0:00
102,Arkansas St.,SB,6.94,106.9,137,100,86,69.7,138,11/25/24 0:00
103,Santa Clara,WCC,6.76,110.1,76,103.4,132,69.6,146,11/25/24 0:00
104,Murray St.,MVC,6.68,110.9,63,104.2,157,67.3,272,11/25/24 0:00
105,Seton Hall,BE,6.6,99,280,92.4,7,64.3,359,11/25/24 0:00
106,Virginia,ACC,6.28,104.3,182,98,61,62.9,363,11/25/24 0:00
107,St. Bonaventure,A10,6.24,108.1,111,101.9,107,67.1,286,11/25/24 0:00
108,Colorado St.,MWC,5.92,106.9,135,101,95,67.7,250,11/25/24 0:00
109,DePaul,BE,5.66,108.4,107,102.7,117,68.7,197,11/25/24 0:00
110,Sam Houston St.,CUSA,5.51,110,80,104.5,162,70.3,107,11/25/24 0:00
111,Georgetown,BE,5.25,109,99,103.8,147,69,177,11/25/24 0:00
112,Princeton,Ivy,5.04,111.4,57,106.4,204,68.5,211,11/25/24 0:00
113,Georgia Tech,ACC,4.87,107,134,102.2,109,72.1,38,11/25/24 0:00
114,Troy,SB,4.63,103.3,199,98.7,69,69.7,140,11/25/24 0:00
115,Northern Iowa,MVC,4.6,108.2,109,103.6,145,67.1,288,11/25/24 0:00
116,Davidson,A10,4.51,109.6,89,105.1,172,68.2,233,11/25/24 0:00
117,Boston College,ACC,4.49,106.9,138,102.4,112,67.2,280,11/25/24 0:00
118,Temple,Amer,4.48,108.7,103,104.2,156,69.4,154,11/25/24 0:00
119,Purdue Fort Wayne,Horz,4.45,110.9,64,106.4,206,70,121,11/25/24 0:00
120,Furman,SC,3.78,105.3,166,101.6,103,68.3,221,11/25/24 0:00
,,,,,Strength of Schedule,NCSOS,,,,11/25/24 0:00
Rk,Team,Conf,NetRtg,ORtg,DRtg,AdjT,Luck,NetRtg,ORtg,11/25/24 0:00
121,Utah Valley,WAC,3.6,104.9,172,101.3,100,69.8,133,11/25/24 0:00
122,Seattle,WAC,3.54,107,133,103.5,137,68.3,219,11/25/24 0:00
123,High Point,BSth,3.46,110.3,73,106.9,219,66.6,310,11/25/24 0:00
124,California,ACC,3.43,106.9,136,103.5,136,71.2,65,11/25/24 0:00
125,UAB,Amer,3.16,110,77,106.9,221,70.7,86,11/25/24 0:00
126,UMass Lowell,AE,3.13,107.8,121,104.6,168,71.7,48,11/25/24 0:00
127,Western Kentucky,CUSA,3.12,102.1,222,99,76,73.4,11,11/25/24 0:00
128,UC Santa Barbara,BW,2.9,108.7,104,105.8,190,67.8,246,11/25/24 0:00
129,Virginia Tech,ACC,2.83,104.9,171,102.1,108,67.4,268,11/25/24 0:00
130,Kent St.,MAC,2.78,105.4,164,102.6,114,66.6,314,11/25/24 0:00
131,Lipscomb,ASun,2.72,106.2,148,103.4,134,68.9,189,11/25/24 0:00
132,Akron,MAC,2.49,108.1,112,105.6,185,70.4,102,11/25/24 0:00
133,Northern Colorado,BSky,2.18,107.7,122,105.5,182,71.1,70,11/25/24 0:00
134,East Carolina,Amer,2.05,105.7,156,103.6,142,66,334,11/25/24 0:00
135,Towson,CAA,1.95,103.6,195,101.6,104,66.1,333,11/25/24 0:00
136,Samford,SC,1.89,109.6,88,107.7,243,73.9,5,11/25/24 0:00
137,La Salle,A10,1.83,105.4,163,103.6,138,70.6,96,11/25/24 0:00
138,Wright St.,Horz,1.79,108.1,113,106.3,202,68.5,209,11/25/24 0:00
139,Saint Louis,A10,1.75,107.5,125,105.7,188,71.9,44,11/25/24 0:00
140,UC Davis,BW,1.7,101.4,237,99.7,84,72.6,23,11/25/24 0:00
141,Texas St.,SB,1.65,104.9,173,103.2,127,67.1,284,11/25/24 0:00
142,Southern Illinois,MVC,1.55,104.2,184,102.7,116,70.6,93,11/25/24 0:00
143,South Florida,Amer,1.41,106.7,142,105.2,177,70.1,116,11/25/24 0:00
144,George Washington,A10,1.3,107.1,131,105.8,189,71.1,68,11/25/24 0:00
145,James Madison,SB,1.27,107.7,123,106.4,205,67.7,251,11/25/24 0:00
146,Columbia,Ivy,1.23,110,81,108.7,271,68.9,185,11/25/24 0:00
147,Belmont,MVC,1.15,108.1,114,106.9,222,71.1,69,11/25/24 0:00
148,Charleston,CAA,0.85,105.4,165,104.5,163,71.3,61,11/25/24 0:00
149,Jacksonville,ASun,0.65,102.3,216,101.7,105,68.2,232,11/25/24 0:00
150,South Dakota St.,Sum,0.64,105.6,158,105,170,71,72,11/25/24 0:00
151,Middle Tennessee,CUSA,0.58,104.8,174,104.3,158,69.1,173,11/25/24 0:00
152,Toledo,MAC,0.45,110,78,109.6,286,71.2,64,11/25/24 0:00
153,Missouri St.,MVC,0.44,101.1,241,100.7,91,68.9,181,11/25/24 0:00
154,St. Thomas,Sum,0.39,106.4,145,106,198,68.1,234,11/25/24 0:00
155,Charlotte,Amer,0.18,107.1,130,106.9,223,64.8,354,11/25/24 0:00
156,Northeastern,CAA,0.15,103,204,102.9,121,67.6,254,11/25/24 0:00
157,Hofstra,CAA,0.14,103.3,197,103.2,126,66.3,320,11/25/24 0:00
158,UNC Greensboro,SC,0.1,103.8,189,103.8,146,67.2,279,11/25/24 0:00
159,Vermont,AE,0.06,102.3,217,102.3,111,64.9,352,11/25/24 0:00
160,Kennesaw St.,CUSA,-0.14,107.3,127,107.5,237,73.7,6,11/25/24 0:00
,,,,,Strength of Schedule,NCSOS,,,,11/25/24 0:00
Rk,Team,Conf,NetRtg,ORtg,DRtg,AdjT,Luck,NetRtg,ORtg,11/25/24 0:00
161,Wofford,SC,-0.21,110.4,72,110.6,305,65.5,344,11/25/24 0:00
162,Southern Utah,WAC,-0.35,106.8,139,107.1,228,68.9,187,11/25/24 0:00
163,UC Riverside,BW,-0.35,104.3,181,104.6,167,69.3,160,11/25/24 0:00
164,UNC Wilmington,CAA,-0.39,106.3,146,106.7,213,69.2,163,11/25/24 0:00
165,Elon,CAA,-0.49,107.4,126,107.9,247,67.6,255,11/25/24 0:00
166,New Mexico St.,CUSA,-0.5,102.8,210,103.3,129,67.4,270,11/25/24 0:00
167,Montana St.,BSky,-0.6,105.1,169,105.7,186,68.5,208,11/25/24 0:00
168,Longwood,BSth,-0.64,102.6,213,103.2,128,69.4,156,11/25/24 0:00
169,Jacksonville St.,CUSA,-0.67,105.9,149,106.6,209,67.2,281,11/25/24 0:00
170,Massachusetts,A10,-0.77,104.6,177,105.4,179,71.2,63,11/25/24 0:00
171,East Tennessee St.,SC,-0.81,106.7,141,107.5,238,67.5,265,11/25/24 0:00
172,Chattanooga,SC,-0.85,106.2,147,107,225,69.1,169,11/25/24 0:00
173,Loyola Marymount,WCC,-0.87,104.6,178,105.4,180,67.6,257,11/25/24 0:00
174,Cal Baptist,WAC,-0.89,107.3,129,108.2,253,66.6,311,11/25/24 0:00
175,Little Rock,OVC,-1.23,103,205,104.2,154,69.2,165,11/25/24 0:00
176,North Florida,ASun,-1.3,109.6,90,110.9,312,70.2,111,11/25/24 0:00
177,Milwaukee,Horz,-1.32,105.5,160,106.8,217,70.6,95,11/25/24 0:00
178,Ohio,MAC,-1.39,107.8,120,109.2,281,70.3,103,11/25/24 0:00
179,Rice,Amer,-1.39,102.9,208,104.3,160,66.7,308,11/25/24 0:00
180,Appalachian St.,SB,-1.45,101.7,230,103.2,125,66.8,299,11/25/24 0:00
181,Drexel,CAA,-1.53,103,203,104.5,164,65.4,345,11/25/24 0:00
182,Bryant,AE,-1.6,102.6,212,104.2,153,73.4,10,11/25/24 0:00
183,Winthrop,BSth,-1.64,101.2,240,102.8,118,72.3,29,11/25/24 0:00
184,Fordham,A10,-1.65,102,227,103.6,144,70.6,94,11/25/24 0:00
185,Tulane,Amer,-1.85,104,187,105.8,192,70.3,109,11/25/24 0:00
186,Illinois St.,MVC,-1.87,105.6,157,107.5,236,67.1,283,11/25/24 0:00
187,Marshall,SB,-1.9,102.3,218,104.2,152,70.5,98,11/25/24 0:00
188,North Alabama,ASun,-1.94,105.8,151,107.8,246,68.8,196,11/25/24 0:00
189,UT Arlington,WAC,-1.97,107.9,118,109.9,294,71.9,46,11/25/24 0:00
190,Hawaii,BW,-1.98,103.7,193,105.7,187,66.2,327,11/25/24 0:00
191,Northern Kentucky,Horz,-2.08,98.8,285,100.9,93,67.7,249,11/25/24 0:00
192,UTEP,CUSA,-2.27,102.1,223,104.4,161,70.8,82,11/25/24 0:00
193,Norfolk St.,MEAC,-2.35,104.5,179,106.9,220,67.2,277,11/25/24 0:00
194,CSUN,BW,-2.54,103.1,202,105.6,184,73.2,13,11/25/24 0:00
195,Indiana St.,MVC,-2.56,105.2,167,107.7,244,73,19,11/25/24 0:00
196,Presbyterian,BSth,-2.61,102.8,209,105.4,181,65.7,340,11/25/24 0:00
197,UT Rio Grande Valley,Slnd,-2.69,105.8,153,108.5,263,71.5,55,11/25/24 0:00
198,Florida Gulf Coast,ASun,-2.71,100.7,252,103.4,133,64.9,353,11/25/24 0:00
199,Montana,BSky,-2.76,105.7,155,108.5,264,68.7,203,11/25/24 0:00
200,Illinois Chicago,MVC,-2.85,105.4,162,108.3,258,71.7,49,11/25/24 0:00
,,,,,Strength of Schedule,NCSOS,,,,11/25/24 0:00
Rk,Team,Conf,NetRtg,ORtg,DRtg,AdjT,Luck,NetRtg,ORtg,11/25/24 0:00
201,Stephen F. Austin,Slnd,-2.88,95.7,331,98.6,68,67.7,248,11/25/24 0:00
202,Saint Peter's,MAAC,-2.92,99.9,266,102.8,119,64.7,355,11/25/24 0:00
203,Central Michigan,MAC,-2.94,100.7,253,103.6,140,68.6,205,11/25/24 0:00
204,Abilene Christian,WAC,-2.94,101,244,104,150,69.8,132,11/25/24 0:00
205,Georgia St.,SB,-2.94,104.8,176,107.7,245,69.6,142,11/25/24 0:00
206,Texas A&M Corpus Chris,Slnd,-2.97,105.8,154,108.7,269,71.6,54,11/25/24 0:00
207,UNC Asheville,BSth,-3,105.9,150,108.9,273,68.2,228,11/25/24 0:00
208,South Alabama,SB,-3.04,101.6,232,104.6,166,66.8,305,11/25/24 0:00
209,Miami OH,MAC,-3.05,104.3,183,107.3,232,69.2,161,11/25/24 0:00
210,Cornell,Ivy,-3.54,107.1,132,110.6,306,72.1,39,11/25/24 0:00
211,Richmond,A10,-3.54,100.4,258,103.9,149,68.2,227,11/25/24 0:00
212,William & Mary,CAA,-3.56,106.5,143,110,295,72.2,34,11/25/24 0:00
213,Nicholls,Slnd,-3.82,101.4,235,105.2,176,68.4,218,11/25/24 0:00
214,Georgia Southern,SB,-3.86,101.2,239,105.1,174,74.5,3,11/25/24 0:00
215,Maine,AE,-3.89,98,305,101.9,106,68.6,206,11/25/24 0:00
216,Gardner Webb,BSth,-4.04,101.9,229,105.9,193,69.5,151,11/25/24 0:00
217,Quinnipiac,MAAC,-4.11,99.5,274,103.6,139,70.7,89,11/25/24 0:00
218,Eastern Kentucky,ASun,-4.2,105,170,109.2,284,69.7,136,11/25/24 0:00
219,Radford,BSth,-4.3,108.1,115,112.4,336,65.8,338,11/25/24 0:00
220,Cleveland St.,Horz,-4.36,99.1,277,103.5,135,68.7,200,11/25/24 0:00
221,Grambling St.,SWAC,-4.36,99,283,103.3,130,69,176,11/25/24 0:00
222,Wyoming,MWC,-4.37,100.7,250,105.1,173,67.9,245,11/25/24 0:00
223,Austin Peay,ASun,-4.6,102,224,106.6,212,66.6,312,11/25/24 0:00
224,Delaware,CAA,-4.65,103.8,191,108.4,260,72.5,25,11/25/24 0:00
225,Tulsa,Amer,-4.7,103.8,190,108.5,266,69.8,130,11/25/24 0:00
226,Oakland,Horz,-4.94,101.1,243,106,197,65.7,342,11/25/24 0:00
227,Bucknell,PL,-5.05,99.2,275,104.2,155,68.2,224,11/25/24 0:00
228,North Dakota,Sum,-5.14,101.5,234,106.6,211,70.3,104,11/25/24 0:00
229,Howard,MEAC,-5.14,103.2,200,108.4,259,67.9,242,11/25/24 0:00
230,Valparaiso,MVC,-5.25,103,207,108.2,255,69,179,11/25/24 0:00
231,Weber St.,BSky,-5.27,103,206,108.3,256,67.9,243,11/25/24 0:00
232,Duquesne,A10,-5.28,100.8,248,106.1,200,68,240,11/25/24 0:00
233,Albany,AE,-5.36,101.6,231,107,224,70.4,101,11/25/24 0:00
234,Youngstown St.,Horz,-5.38,97,319,102.4,113,69.8,131,11/25/24 0:00
235,Idaho St.,BSky,-5.39,100.5,257,105.9,195,66.1,331,11/25/24 0:00
236,Kansas City,Sum,-5.59,99.7,270,105.3,178,67.7,252,11/25/24 0:00
237,Rider,MAAC,-5.61,100.4,259,106,196,66.9,294,11/25/24 0:00
238,Robert Morris,Horz,-5.66,98.6,293,104.3,159,68.4,214,11/25/24 0:00
239,American,PL,-5.99,104.2,185,110.2,299,64.3,358,11/25/24 0:00
240,Merrimack,MAAC,-6.14,95,343,101.1,98,66.1,332,11/25/24 0:00
,,,,,Strength of Schedule,NCSOS,,,,11/25/24 0:00
Rk,Team,Conf,NetRtg,ORtg,DRtg,AdjT,Luck,NetRtg,ORtg,11/25/24 0:00
241,Brown,Ivy,-6.19,104.2,186,110.4,303,66.9,293,11/25/24 0:00
242,Alabama St.,SWAC,-6.21,102.4,215,108.6,267,70.1,118,11/25/24 0:00
243,Marist,MAAC,-6.32,101,245,107.3,233,66.1,330,11/25/24 0:00
244,North Dakota St.,Sum,-6.44,104.5,180,110.9,313,66.3,321,11/25/24 0:00
245,Portland St.,BSky,-6.44,102.4,214,108.9,274,73,18,11/25/24 0:00
246,FIU,CUSA,-6.62,97,320,103.6,143,71.6,52,11/25/24 0:00
247,Iona,MAAC,-6.65,99.9,267,106.5,208,69.2,164,11/25/24 0:00
248,Boston University,PL,-6.78,100,264,106.8,216,66.3,323,11/25/24 0:00
249,Eastern Washington,BSky,-6.78,104.8,175,111.6,327,71.3,60,11/25/24 0:00
250,Mercer,SC,-6.84,102.1,220,109,275,71.9,42,11/25/24 0:00
251,Cal St. Bakersfield,BW,-6.93,102.1,221,109,278,65.3,348,11/25/24 0:00
252,Cal Poly,BW,-6.96,99.1,279,106,199,73.5,8,11/25/24 0:00
253,Evansville,MVC,-7.12,101.3,238,108.4,261,70.1,115,11/25/24 0:00
254,Colgate,PL,-7.18,99,282,106.2,201,68.4,216,11/25/24 0:00
255,Pepperdine,WCC,-7.34,100.7,251,108,248,68.9,184,11/25/24 0:00
256,Green Bay,Horz,-7.44,105.1,168,112.5,339,70.9,79,11/25/24 0:00
257,South Dakota,Sum,-7.44,105.5,161,112.9,344,73.2,14,11/25/24 0:00
258,UTSA,Amer,-7.68,101.1,242,108.7,270,72.1,35,11/25/24 0:00
259,Southeastern Louisiana,Slnd,-7.68,98.2,300,105.9,194,69.2,166,11/25/24 0:00
260,Harvard,Ivy,-7.7,100.8,249,108.5,262,68.9,186,11/25/24 0:00
261,Army,PL,-7.72,103.7,194,111.4,323,66.9,297,11/25/24 0:00
262,Air Force,MWC,-7.76,103.3,198,111.1,319,62.4,364,11/25/24 0:00
263,Louisiana,SB,-7.78,101.9,228,109.7,289,70,124,11/25/24 0:00
264,North Carolina A&T,CAA,-7.8,101.4,236,109.2,282,72.5,24,11/25/24 0:00
265,Southern Miss,SB,-7.9,98.5,295,106.4,207,73.2,12,11/25/24 0:00
266,Fresno St.,MWC,-8.12,96.7,324,104.8,169,74.5,2,11/25/24 0:00
267,Northern Arizona,BSky,-8.24,102.1,219,110.4,302,66.9,298,11/25/24 0:00
268,Southern,SWAC,-8.25,96.8,322,105.1,171,69.1,174,11/25/24 0:00
269,SIUE,OVC,-8.26,98.1,301,106.3,203,67.5,263,11/25/24 0:00
270,Central Connecticut,NEC,-8.4,96.7,323,105.1,175,66.5,317,11/25/24 0:00
271,Northwestern St.,Slnd,-8.45,99.7,271,108.1,252,67,290,11/25/24 0:00
272,Lafayette,PL,-8.66,98.6,294,107.2,231,66.5,315,11/25/24 0:00
273,Ball St.,MAC,-8.7,99.8,269,108.5,265,69.6,143,11/25/24 0:00
274,Mount St. Mary's,MAAC,-8.8,98,307,106.8,215,68.4,213,11/25/24 0:00
275,South Carolina St.,MEAC,-8.83,98.7,288,107.5,239,69.9,128,11/25/24 0:00
276,Western Carolina,SC,-9,98.1,302,107.1,227,70.3,105,11/25/24 0:00
277,Bethune Cookman,SWAC,-9.11,96.5,327,105.6,183,70.2,114,11/25/24 0:00
278,Queens,ASun,-9.16,97.7,309,106.8,218,71.9,45,11/25/24 0:00
279,Pacific,WCC,-9.24,98.8,284,108,250,70.1,117,11/25/24 0:00
280,North Carolina Central,MEAC,-9.25,103.4,196,112.7,342,67.2,282,11/25/24 0:00
,,,,,Strength of Schedule,NCSOS,,,,11/25/24 0:00
Rk,Team,Conf,NetRtg,ORtg,DRtg,AdjT,Luck,NetRtg,ORtg,11/25/24 0:00
281,Oral Roberts,Sum,-9.31,103.2,201,112.5,338,70.4,100,11/25/24 0:00
282,Morehead St.,OVC,-9.31,96.5,325,105.8,191,67.2,274,11/25/24 0:00
283,Bowling Green,MAC,-9.34,102.7,211,112,332,69.8,135,11/25/24 0:00
284,San Jose St.,MWC,-9.38,100.3,260,109.7,288,65,350,11/25/24 0:00
285,Lehigh,PL,-9.41,100.9,247,110.3,300,68.8,195,11/25/24 0:00
286,Incarnate Word,Slnd,-9.44,103.9,188,113.3,348,68.1,237,11/25/24 0:00
287,Nebraska Omaha,Sum,-9.55,101.5,233,111,317,68.9,188,11/25/24 0:00
288,Lamar,Slnd,-9.6,100.5,255,110.1,297,69.1,171,11/25/24 0:00
289,San Diego,WCC,-9.63,94.3,346,103.9,148,72.9,20,11/25/24 0:00
290,Texas Southern,SWAC,-9.82,97.7,308,107.6,241,70.4,99,11/25/24 0:00
291,Wagner,NEC,-9.99,93.6,352,103.6,141,63.1,362,11/25/24 0:00
292,Penn,Ivy,-10.09,103.7,192,113.8,353,65.8,339,11/25/24 0:00
293,Eastern Michigan,MAC,-10.13,97.5,311,107.6,242,67.2,278,11/25/24 0:00
294,Sacramento St.,BSky,-10.14,97.3,314,107.4,234,66.3,325,11/25/24 0:00
295,Campbell,CAA,-10.21,98,306,108.2,254,67.6,259,11/25/24 0:00
296,Fairfield,MAAC,-10.22,98,303,108.3,257,67.6,258,11/25/24 0:00
297,Long Beach St.,BW,-10.3,99.9,268,110.2,298,66.2,329,11/25/24 0:00
298,Tennessee St.,OVC,-10.33,98.7,289,109,279,70.8,83,11/25/24 0:00
299,Siena,MAAC,-10.38,97,317,107.4,235,66.3,324,11/25/24 0:00
300,Monmouth,CAA,-10.44,100.5,256,111,316,69.6,144,11/25/24 0:00
301,Hampton,CAA,-10.68,98.4,297,109.1,280,66.6,309,11/25/24 0:00
302,Tarleton St.,WAC,-10.75,96.5,326,107.2,230,68.8,191,11/25/24 0:00
303,Denver,Sum,-10.78,99.1,278,109.8,292,72,41,11/25/24 0:00
304,Coastal Carolina,SB,-10.94,98.3,298,109.2,283,64.6,356,11/25/24 0:00
305,Cal St. Fullerton,BW,-10.95,96.3,328,107.2,229,67,289,11/25/24 0:00
306,Southern Indiana,OVC,-11.14,99.7,272,110.8,309,68.1,239,11/25/24 0:00
307,LIU,NEC,-11.46,99.2,276,110.6,308,70.3,108,11/25/24 0:00
308,Portland,WCC,-11.69,97.3,313,109,277,71,73,11/25/24 0:00
309,Idaho,BSky,-11.7,101,246,112.7,341,66.5,316,11/25/24 0:00
310,Detroit Mercy,Horz,-11.72,97.1,316,108.9,272,67.6,253,11/25/24 0:00
311,Navy,PL,-12.01,100,265,112,331,68.6,207,11/25/24 0:00
312,Southeast Missouri,OVC,-12.02,96,330,108,249,71.6,53,11/25/24 0:00
313,Manhattan,MAAC,-12.09,99,281,111.1,320,70,123,11/25/24 0:00
314,UMBC,AE,-12.2,102,226,114.2,355,70.9,74,11/25/24 0:00
315,Stony Brook,CAA,-12.59,98.7,287,111.3,322,68.7,201,11/25/24 0:00
316,Niagara,MAAC,-12.69,100.5,254,113.2,347,67,291,11/25/24 0:00
317,Charleston Southern,BSth,-12.69,97.2,315,109.9,293,69.7,137,11/25/24 0:00
318,Utah Tech,WAC,-12.86,98.8,286,111.6,326,71.1,66,11/25/24 0:00
319,Holy Cross,PL,-12.97,102,225,115,358,66.3,322,11/25/24 0:00
320,Bellarmine,ASun,-13.07,100.3,261,113.4,349,66.9,295,11/25/24 0:00
,,,,,Strength of Schedule,NCSOS,,,,11/25/24 0:00
Rk,Team,Conf,NetRtg,ORtg,DRtg,AdjT,Luck,NetRtg,ORtg,11/25/24 0:00
321,Sacred Heart,MAAC,-13.18,100,262,113.2,345,69.4,153,11/25/24 0:00
322,Tennessee Martin,OVC,-13.25,93.8,350,107.1,226,70.9,80,11/25/24 0:00
323,Western Michigan,MAC,-13.37,98.5,296,111.8,330,68.7,199,11/25/24 0:00
324,Loyola MD,PL,-13.41,95.3,336,108.7,268,69.1,172,11/25/24 0:00
325,Louisiana Monroe,SB,-13.58,94.5,344,108.1,251,68.5,212,11/25/24 0:00
326,Central Arkansas,ASun,-13.71,96,329,109.7,290,68.8,193,11/25/24 0:00
327,Western Illinois,OVC,-13.86,97,318,110.9,314,65,351,11/25/24 0:00
328,The Citadel,SC,-13.92,95.6,332,109.5,285,66.8,301,11/25/24 0:00
329,Old Dominion,SB,-14.05,97.4,312,111.4,324,70,125,11/25/24 0:00
330,Morgan St.,MEAC,-14.1,98,304,112.1,333,71.4,57,11/25/24 0:00
331,Buffalo,MAC,-14.14,99.6,273,113.7,352,70.9,77,11/25/24 0:00
332,Tennessee Tech,OVC,-14.21,96.9,321,111.1,321,68.2,231,11/25/24 0:00
333,Binghamton,AE,-14.65,97.7,310,112.3,334,66.2,328,11/25/24 0:00
334,Le Moyne,NEC,-14.71,95.1,339,109.8,291,68.8,192,11/25/24 0:00
335,Stonehill,NEC,-14.71,92.8,357,107.5,240,68.2,223,11/25/24 0:00
336,Jackson St.,SWAC,-14.71,95.3,335,110,296,70.7,87,11/25/24 0:00
337,Eastern Illinois,OVC,-15.3,95.5,334,110.8,310,67.5,266,11/25/24 0:00
338,Saint Francis,NEC,-15.6,93.4,354,109,276,69.9,126,11/25/24 0:00
339,Northern Illinois,MAC,-15.67,93.9,348,109.6,287,69.5,150,11/25/24 0:00
340,Stetson,ASun,-15.72,98.6,292,114.4,356,69.5,148,11/25/24 0:00
341,USC Upstate,BSth,-16.07,100,263,116.1,361,72.2,33,11/25/24 0:00
342,VMI,SC,-16.65,95,342,111.6,328,71.7,51,11/25/24 0:00
343,West Georgia,ASun,-16.67,95.1,341,111.7,329,68.1,238,11/25/24 0:00
344,Prairie View A&M,SWAC,-16.8,98.7,290,115.5,359,74.1,4,11/25/24 0:00
345,New Orleans,Slnd,-16.9,95.5,333,112.4,337,71.2,62,11/25/24 0:00
346,Dartmouth,Ivy,-17.06,93.2,356,110.3,301,70,120,11/25/24 0:00
347,Alabama A&M,SWAC,-17.18,93.4,353,110.6,307,72.3,31,11/25/24 0:00
348,Delaware St.,MEAC,-17.52,93.3,355,110.8,311,69.2,167,11/25/24 0:00
349,Fairleigh Dickinson,NEC,-17.69,98.2,299,115.9,360,72.1,37,11/25/24 0:00
350,East Texas A&M,Slnd,-17.92,92.6,358,110.5,304,70.6,92,11/25/24 0:00
351,Lindenwood,OVC,-18.35,95.1,340,113.4,351,68.6,204,11/25/24 0:00
352,Houston Christian,Slnd,-18.6,93.7,351,112.3,335,68.2,229,11/25/24 0:00
353,Florida A&M,SWAC,-18.71,92.4,359,111.1,318,69.6,141,11/25/24 0:00
354,New Hampshire,AE,-18.94,92,360,110.9,315,68.4,215,11/25/24 0:00
355,Alcorn St.,SWAC,-18.94,94.5,345,113.4,350,65.7,341,11/25/24 0:00
356,Mercyhurst,NEC,-18.96,93.9,349,112.9,343,65.5,343,11/25/24 0:00
357,Canisius,MAAC,-19.78,98.7,291,118.5,364,67.6,256,11/25/24 0:00
358,Chicago St.,NEC,-20.81,91.7,362,112.5,340,70.9,75,11/25/24 0:00
359,Maryland Eastern Shore,MEAC,-20.89,94.1,347,115,357,68,241,11/25/24 0:00
360,IU Indy,Horz,-21.31,95.1,338,116.4,362,68.3,222,11/25/24 0:00
,,,,,Strength of Schedule,NCSOS,,,,11/25/24 0:00
Rk,Team,Conf,NetRtg,ORtg,DRtg,AdjT,Luck,NetRtg,ORtg,11/25/24 0:00
361,NJIT,AE,-21.42,91.8,361,113.2,346,66.4,319,11/25/24 0:00
362,Arkansas Pine Bluff,SWAC,-23.11,95.3,337,118.4,363,72,40,11/25/24 0:00
363,Coppin St.,MEAC,-25.46,86,364,111.4,325,68.8,194,11/25/24 0:00
364,Mississippi Valley St.,SWAC,-26.99,87,363,114,354,66.8,304,11/25/24 0:00
1,Houston,B12,30.93,120.3,6,89.4,2,65,349,11/26/24 0:00
2,Gonzaga,WCC,30.45,125.4,1,94.9,19,70.6,84,11/26/24 0:00
3,Auburn,SEC,30.35,123.7,2,93.4,9,69.6,135,11/26/24 0:00
4,Duke,ACC,30.27,118.3,15,88,1,68.1,220,11/26/24 0:00
5,Tennessee,SEC,29.58,119,9,89.5,3,67.1,271,11/26/24 0:00
6,Connecticut,BE,25.29,121.5,4,96.2,30,66.8,289,11/26/24 0:00
7,Cincinnati,B12,25.14,118.4,14,93.2,8,67,274,11/26/24 0:00
8,Iowa St.,B12,24.9,116.9,21,92,4,69.3,152,11/26/24 0:00
9,Kansas,B12,24.37,118.4,13,94.1,14,70.4,91,11/26/24 0:00
10,Alabama,SEC,24.35,121.9,3,97.5,48,73.4,9,11/26/24 0:00
11,Marquette,BE,23.49,116.7,24,93.2,7,70,107,11/26/24 0:00
12,North Carolina,ACC,23.09,121.1,5,98,53,73.7,6,11/26/24 0:00
13,Kentucky,SEC,22.77,118.9,11,96.1,29,73.2,12,11/26/24 0:00
14,St. John's,BE,22.3,116.5,26,94.2,15,69.6,133,11/26/24 0:00
15,Ohio St.,B10,22.26,117.2,19,95,21,69.2,159,11/26/24 0:00
16,Purdue,B10,22.13,119,10,96.8,35,66.6,303,11/26/24 0:00
17,Florida,SEC,21.93,119.5,8,97.6,49,70.4,90,11/26/24 0:00
18,Pittsburgh,ACC,21.92,116.8,22,94.9,18,68.8,175,11/26/24 0:00
19,Texas A&M,SEC,21.57,116.4,29,94.8,17,66.4,312,11/26/24 0:00
20,Baylor,B12,21.36,120.3,7,98.9,66,67,278,11/26/24 0:00
21,Illinois,B10,20.93,115.5,32,94.6,16,72.3,25,11/26/24 0:00
22,Texas Tech,B12,20.82,118,16,97.2,41,67.2,265,11/26/24 0:00
23,UCLA,B10,20.2,114,45,93.8,10,66.6,301,11/26/24 0:00
24,Arizona,B12,20.06,115.5,33,95.5,25,73,15,11/26/24 0:00
25,Mississippi St.,SEC,19.93,116.6,25,96.7,32,69.2,156,11/26/24 0:00
26,BYU,B12,19.44,117.3,18,97.8,52,69.7,126,11/26/24 0:00
27,Wisconsin,B10,19.39,118.6,12,99.3,70,69.2,161,11/26/24 0:00
28,Texas,SEC,19.32,113.2,50,93.9,12,68.1,224,11/26/24 0:00
29,Michigan,B10,19.32,114.5,43,95.1,23,69.8,122,11/26/24 0:00
30,Memphis,Amer,18.79,116.4,28,97.6,50,71.3,59,11/26/24 0:00
31,Clemson,ACC,18.78,115.2,36,96.4,31,67,280,11/26/24 0:00
32,Penn St.,B10,18.48,116.7,23,98.2,56,72.7,21,11/26/24 0:00
33,Creighton,BE,18.07,115.2,35,97.2,40,69.9,111,11/26/24 0:00
34,Maryland,B10,17.97,113.4,49,95.4,24,68,230,11/26/24 0:00
35,Oregon,B10,17.87,115.3,34,97.5,46,68.6,190,11/26/24 0:00
36,Nevada,MWC,17.66,116,30,98.3,60,65.2,345,11/26/24 0:00
37,Dayton,A10,17.46,114.5,42,97,39,67.8,240,11/26/24 0:00
38,Arkansas,SEC,17.4,110.5,80,93.1,6,71.4,54,11/26/24 0:00
39,Indiana,B10,17.36,113.1,52,95.7,26,70.6,87,11/26/24 0:00
40,Michigan St.,B10,17.35,111.1,69,93.8,11,69.4,146,11/26/24 0:00
,,,,,Strength of Schedule,NCSOS,,,,11/26/24 0:00
Rk,Team,Conf,NetRtg,ORtg,DRtg,AdjT,Luck,NetRtg,ORtg,11/26/24 0:00
41,Xavier,BE,16.71,115,37,98.3,58,69.6,134,11/26/24 0:00
42,VCU,A10,16.5,110.5,78,94,13,68.7,184,11/26/24 0:00
43,Saint Mary's,WCC,16.14,117.2,20,101,89,65,350,11/26/24 0:00
44,Boise St.,MWC,15.76,116.4,27,100.7,86,68.8,176,11/26/24 0:00
45,Utah St.,MWC,15.45,114.9,39,99.4,73,71.6,46,11/26/24 0:00
46,Iowa,B10,15.38,113.5,47,98.1,55,72,37,11/26/24 0:00
47,Oklahoma,SEC,15.27,111.2,67,95.9,28,68.6,189,11/26/24 0:00
48,Mississippi,SEC,15.01,115,38,100,80,68,231,11/26/24 0:00
49,Missouri,SEC,14.77,114.8,40,100,82,68.3,211,11/26/24 0:00
50,Nebraska,B10,14.72,109.6,92,94.9,20,70,109,11/26/24 0:00
51,LSU,SEC,14.32,112.7,55,98.4,63,69,167,11/26/24 0:00
52,Utah,B12,14.32,111.7,62,97.4,45,71.4,56,11/26/24 0:00
53,New Mexico,MWC,13.94,110.7,75,96.7,34,75.6,1,11/26/24 0:00
54,N.C. State,ACC,13.69,111.8,61,98.1,54,70.7,80,11/26/24 0:00
55,San Diego St.,MWC,13.48,108.5,115,95.1,22,67.3,262,11/26/24 0:00
56,Georgia,SEC,13.37,111.6,63,98.3,57,69,166,11/26/24 0:00
57,Louisville,ACC,12.97,110,87,97,38,72.3,27,11/26/24 0:00
58,Florida St.,ACC,12.6,108.4,117,95.8,27,72.1,33,11/26/24 0:00
59,TCU,B12,12.58,109.6,96,97,37,69.5,137,11/26/24 0:00
60,Northwestern,B10,12.55,109.4,100,96.9,36,65.5,337,11/26/24 0:00
61,UC Irvine,BW,12.5,109.8,90,97.3,44,70.4,92,11/26/24 0:00
62,Villanova,BE,12.46,115.6,31,103.1,118,66.6,302,11/26/24 0:00
63,Liberty,CUSA,12.43,109.7,91,97.2,42,64.2,357,11/26/24 0:00
64,Arizona St.,B12,11.89,111,70,99.2,69,69.9,119,11/26/24 0:00
65,Kansas St.,B12,11.66,109.9,88,98.3,59,68.5,202,11/26/24 0:00
66,SMU,ACC,11.63,114.3,44,102.7,111,71.5,51,11/26/24 0:00
67,Stanford,ACC,11.23,112.3,56,101,91,66.3,315,11/26/24 0:00
68,San Francisco,WCC,11.21,109.6,95,98.4,62,68.6,196,11/26/24 0:00
69,Butler,BE,11.2,111.2,66,100,81,67.3,263,11/26/24 0:00
70,Notre Dame,ACC,11.09,112.9,53,101.9,100,66.8,291,11/26/24 0:00
71,West Virginia,B12,10.6,109.5,99,98.9,65,69.3,149,11/26/24 0:00
72,Providence,BE,10.57,107.3,142,96.7,33,65.8,335,11/26/24 0:00
73,Miami FL,ACC,10.27,117.4,17,107.1,211,66.9,283,11/26/24 0:00
74,North Texas,Amer,10.18,107.7,127,97.5,47,63.6,361,11/26/24 0:00
75,Rutgers,B10,10.12,109.5,98,99.4,72,69.9,113,11/26/24 0:00
76,Vanderbilt,SEC,10.12,113.5,48,103.4,122,71.2,62,11/26/24 0:00
77,UCF,B12,10.11,109.6,94,99.5,76,70.6,85,11/26/24 0:00
78,Wichita St.,Amer,10.1,110.3,82,100.2,84,71,69,11/26/24 0:00
79,Drake,MVC,10.02,109.9,89,99.9,79,66.1,326,11/26/24 0:00
80,South Carolina,SEC,9.92,109.3,101,99.3,71,67.7,243,11/26/24 0:00
,,,,,Strength of Schedule,NCSOS,,,,11/26/24 0:00
Rk,Team,Conf,NetRtg,ORtg,DRtg,AdjT,Luck,NetRtg,ORtg,11/26/24 0:00
81,Loyola Chicago,A10,9.83,108.8,107,99,67,69.5,139,11/26/24 0:00
82,Colorado,B12,9.53,107.9,121,98.4,61,68,228,11/26/24 0:00
83,Rhode Island,A10,9.47,111,71,101.6,97,72.1,34,11/26/24 0:00
84,USC,B10,9.29,112.9,54,103.6,127,68.6,194,11/26/24 0:00
85,Louisiana Tech,CUSA,8.74,109.6,93,100.9,88,67.6,245,11/26/24 0:00
86,Bradley,MVC,8.71,113.2,51,104.5,151,66.9,287,11/26/24 0:00
87,Washington St.,WCC,8.65,110.2,83,101.5,95,72.1,32,11/26/24 0:00
88,Washington,B10,8.51,106.2,156,97.7,51,69.8,123,11/26/24 0:00
89,Minnesota,B10,8.44,105.7,165,97.3,43,63.8,360,11/26/24 0:00
90,McNeese,Slnd,8.42,110,86,101.6,98,67.1,270,11/26/24 0:00
91,UNLV,MWC,8.2,111.3,65,103.1,119,67.8,241,11/26/24 0:00
92,George Mason,A10,8.17,107.9,122,99.7,78,67,276,11/26/24 0:00
93,Florida Atlantic,Amer,7.93,111.9,59,104,138,72.1,30,11/26/24 0:00
94,Saint Joseph's,A10,7.85,108.7,110,100.8,87,70.5,89,11/26/24 0:00
95,Oregon St.,WCC,7.73,107.8,125,100.1,83,65.4,341,11/26/24 0:00
96,Oklahoma St.,B12,7.72,109.1,103,101.3,93,72.7,19,11/26/24 0:00
97,Grand Canyon,WAC,7.7,111.2,68,103.5,124,70.9,76,11/26/24 0:00
98,Wake Forest,ACC,7.62,107.1,146,99.5,75,68.6,199,11/26/24 0:00
99,UC San Diego,BW,7.47,109,104,101.6,96,66.5,305,11/26/24 0:00
100,Yale,Ivy,7.32,114.7,41,107.3,217,67.9,235,11/26/24 0:00
101,Syracuse,ACC,7,112.1,57,105.1,164,70.7,82,11/26/24 0:00
102,Arkansas St.,SB,6.79,107.4,138,100.6,85,69.5,138,11/26/24 0:00
103,Santa Clara,WCC,6.76,110.7,73,103.9,136,69.3,153,11/26/24 0:00
104,Murray St.,MVC,6.64,111.4,64,104.8,159,67,279,11/26/24 0:00
105,Seton Hall,BE,6.54,99.5,272,93,5,64.1,358,11/26/24 0:00
106,St. Bonaventure,A10,6.42,108.6,112,102.2,107,66.9,286,11/26/24 0:00
107,Virginia,ACC,6.29,104.8,182,98.5,64,62.7,363,11/26/24 0:00
108,DePaul,BE,5.77,108.9,106,103.1,120,68.5,204,11/26/24 0:00
109,Colorado St.,MWC,5.72,107.3,139,101.6,99,67.4,256,11/26/24 0:00
110,Sam Houston St.,CUSA,5.51,110.5,76,105,163,70.1,105,11/26/24 0:00
111,Georgetown,BE,5.26,109.5,97,104.3,147,68.8,179,11/26/24 0:00
112,Purdue Fort Wayne,Horz,5.03,113.8,46,108.8,255,69.6,132,11/26/24 0:00
113,Troy,SB,4.92,104.6,186,99.7,77,69.2,155,11/26/24 0:00
114,Georgia Tech,ACC,4.87,107.5,131,102.7,110,71.9,40,11/26/24 0:00
115,Princeton,Ivy,4.81,111.9,60,107.1,208,68.1,221,11/26/24 0:00
116,Northern Iowa,MVC,4.59,108.7,109,104.1,142,66.9,285,11/26/24 0:00
117,Davidson,A10,4.52,110.1,85,105.6,173,67.9,234,11/26/24 0:00
118,Temple,Amer,4.44,109,105,104.6,152,69.3,151,11/26/24 0:00
119,Boston College,ACC,4.44,107.5,133,103.1,117,66.8,292,11/26/24 0:00
120,Furman,SC,3.71,105.7,164,102,103,68.1,223,11/26/24 0:00
,,,,,Strength of Schedule,NCSOS,,,,11/26/24 0:00
Rk,Team,Conf,NetRtg,ORtg,DRtg,AdjT,Luck,NetRtg,ORtg,11/26/24 0:00
121,Seattle,WAC,3.55,107.6,128,104.1,140,68.2,218,11/26/24 0:00
122,California,ACC,3.42,107.4,137,104,137,71,71,11/26/24 0:00
123,Utah Valley,WAC,3.37,105.3,168,102,102,69.6,136,11/26/24 0:00
124,UAB,Amer,3.2,111.9,58,108.7,254,70.7,79,11/26/24 0:00
125,Western Kentucky,CUSA,3.11,102.5,224,99.4,74,73.2,13,11/26/24 0:00
126,High Point,BSth,2.82,110.7,74,107.8,235,65.8,333,11/26/24 0:00
127,UC Santa Barbara,BW,2.8,109.2,102,106.4,197,67.5,249,11/26/24 0:00
128,UMass Lowell,AE,2.78,108.7,108,106,183,72.1,29,11/26/24 0:00
129,Virginia Tech,ACC,2.77,104.8,181,102,104,67.5,253,11/26/24 0:00
130,Kent St.,MAC,2.71,105.6,166,102.9,113,66.4,313,11/26/24 0:00
131,Lipscomb,ASun,2.65,106.7,149,104.1,141,68.6,191,11/26/24 0:00
132,Akron,MAC,2.46,108.6,113,106.1,188,70.2,98,11/26/24 0:00
133,UNC Greensboro,SC,2.25,104.4,190,102.2,106,67,277,11/26/24 0:00
134,George Washington,A10,2.23,107.5,136,105.2,169,70.5,88,11/26/24 0:00
135,Samford,SC,2.23,110.4,81,108.2,240,73.6,8,11/26/24 0:00
136,Saint Louis,A10,2.18,107.1,145,105,161,72.7,20,11/26/24 0:00
137,Northern Colorado,BSky,2.08,108.1,120,106,185,70.9,75,11/26/24 0:00
138,East Carolina,Amer,2.08,106.2,154,104.1,143,65.8,334,11/26/24 0:00
139,Columbia,Ivy,2.02,110.5,77,108.5,244,69,169,11/26/24 0:00
140,La Salle,A10,1.98,105.9,162,103.9,133,70.4,94,11/26/24 0:00
141,Towson,CAA,1.93,104.1,199,102.2,105,65.8,332,11/26/24 0:00
142,Wright St.,Horz,1.86,108.7,111,106.8,204,68.3,209,11/26/24 0:00
143,Texas St.,SB,1.68,105.2,174,103.5,126,67.1,273,11/26/24 0:00
144,James Madison,SB,1.6,108.4,118,106.8,203,67.5,251,11/26/24 0:00
145,Southern Illinois,MVC,1.56,104.1,200,102.5,109,71.3,60,11/26/24 0:00
146,South Dakota St.,Sum,1.54,107.5,135,106,182,70.9,73,11/26/24 0:00
147,South Florida,Amer,1.39,107.1,144,105.8,178,69.9,114,11/26/24 0:00
148,Belmont,MVC,1.12,108.6,114,107.4,218,70.9,72,11/26/24 0:00
149,Norfolk St.,MEAC,0.94,106.1,157,105.2,167,66.9,284,11/26/24 0:00
150,Charleston,CAA,0.88,106,159,105.1,165,71,67,11/26/24 0:00
151,Middle Tennessee,CUSA,0.63,105.2,173,104.6,153,69,165,11/26/24 0:00
152,Missouri St.,MVC,0.57,101.8,240,101.3,92,68.6,193,11/26/24 0:00
153,Toledo,MAC,0.51,110.5,79,110,284,71,66,11/26/24 0:00
154,St. Thomas,Sum,0.33,106.8,147,106.5,199,67.9,236,11/26/24 0:00
155,Northeastern,CAA,0.1,103.5,209,103.4,123,67.4,254,11/26/24 0:00
156,Charlotte,Amer,0.07,107.5,132,107.5,219,64.7,353,11/26/24 0:00
157,Hofstra,CAA,-0.06,103.8,203,103.8,132,66.1,323,11/26/24 0:00
158,Vermont,AE,-0.09,102.7,221,102.7,112,64.5,355,11/26/24 0:00
159,Jacksonville,ASun,-0.1,103.4,210,103.5,125,68,229,11/26/24 0:00
160,Kennesaw St.,CUSA,-0.11,107.7,126,107.8,234,73.7,7,11/26/24 0:00
,,,,,Strength of Schedule,NCSOS,,,,11/26/24 0:00
Rk,Team,Conf,NetRtg,ORtg,DRtg,AdjT,Luck,NetRtg,ORtg,11/26/24 0:00
161,CSUN,BW,-0.18,104.6,187,104.8,160,72.5,22,11/26/24 0:00
162,Wofford,SC,-0.25,110.8,72,111.1,304,65.3,343,11/26/24 0:00
163,New Mexico St.,CUSA,-0.37,103.4,211,103.7,130,67.1,272,11/26/24 0:00
164,UNC Wilmington,CAA,-0.38,106.8,148,107.2,213,69.1,163,11/26/24 0:00
165,UC Riverside,BW,-0.4,104.7,183,105.1,166,69.1,162,11/26/24 0:00
166,Southern Utah,WAC,-0.43,107.2,143,107.6,224,68.7,183,11/26/24 0:00
167,Elon,CAA,-0.51,107.8,123,108.4,243,67.3,264,11/26/24 0:00
168,Jacksonville St.,CUSA,-0.64,106.5,151,107.1,209,67,281,11/26/24 0:00
169,Winthrop,BSth,-0.66,102.3,230,103,115,72.1,31,11/26/24 0:00
170,Loyola Marymount,WCC,-0.85,105.2,175,106,186,67.2,266,11/26/24 0:00
171,East Tennessee St.,SC,-0.87,107.3,141,108.2,239,67.3,260,11/26/24 0:00
172,Massachusetts,A10,-0.88,105.1,177,106,184,70.9,74,11/26/24 0:00
173,Montana St.,BSky,-0.89,105.3,169,106.2,190,68.5,203,11/26/24 0:00
174,South Alabama,SB,-1.11,103.3,214,104.4,148,66.5,307,11/26/24 0:00
175,Cal Baptist,WAC,-1.13,107.6,130,108.7,252,66.5,310,11/26/24 0:00
176,Appalachian St.,SB,-1.3,102.3,229,103.6,129,66.7,300,11/26/24 0:00
177,Chattanooga,SC,-1.3,106.5,150,107.8,230,69.7,130,11/26/24 0:00
178,North Florida,ASun,-1.35,110.1,84,111.5,311,69.9,112,11/26/24 0:00
179,Ohio,MAC,-1.38,108.2,119,109.6,282,70.2,100,11/26/24 0:00
180,Longwood,BSth,-1.45,102.6,222,104,139,69.4,144,11/26/24 0:00
181,Rice,Amer,-1.46,103.1,215,104.6,154,66.5,308,11/26/24 0:00
182,Central Michigan,MAC,-1.5,102.1,233,103.6,128,68.8,177,11/26/24 0:00
183,Milwaukee,Horz,-1.51,106,160,107.5,221,70.4,93,11/26/24 0:00
184,Bryant,AE,-1.65,103.1,217,104.7,158,73.2,11,11/26/24 0:00
185,UC Davis,BW,-1.65,99.4,279,101,90,72.5,23,11/26/24 0:00
186,UT Rio Grande Valley,Slnd,-1.68,107.6,129,109.3,272,71.9,41,11/26/24 0:00
187,Cornell,Ivy,-1.71,107.8,124,109.5,281,72.4,24,11/26/24 0:00
188,Marshall,SB,-1.73,102.9,220,104.6,155,70.2,97,11/26/24 0:00
189,Drexel,CAA,-1.76,105.2,176,106.9,206,65.1,347,11/26/24 0:00
190,Tulane,Amer,-1.85,104.5,189,106.3,193,70,106,11/26/24 0:00
191,Hawaii,BW,-1.87,104.2,193,106.1,187,65.9,331,11/26/24 0:00
192,UT Arlington,WAC,-1.93,108.5,116,110.4,293,71.6,47,11/26/24 0:00
193,North Alabama,ASun,-1.95,106.3,153,108.2,241,68.6,195,11/26/24 0:00
194,Northern Kentucky,Horz,-2.06,99.3,281,101.4,94,67.5,252,11/26/24 0:00
195,Miami OH,MAC,-2.1,104.6,188,106.7,202,69.1,164,11/26/24 0:00
196,Fordham,A10,-2.19,102,235,104.2,146,70.2,103,11/26/24 0:00
197,Abilene Christian,WAC,-2.34,103.3,213,105.6,175,68.7,185,11/26/24 0:00
198,Florida Gulf Coast,ASun,-2.55,101.3,248,103.9,134,64.7,352,11/26/24 0:00
199,Illinois St.,MVC,-2.59,105.2,172,107.8,233,66.7,296,11/26/24 0:00
200,Presbyterian,BSth,-2.62,103.3,212,105.9,181,65.5,338,11/26/24 0:00
,,,,,Strength of Schedule,NCSOS,,,,11/26/24 0:00
Rk,Team,Conf,NetRtg,ORtg,DRtg,AdjT,Luck,NetRtg,ORtg,11/26/24 0:00
201,Saint Peter's,MAAC,-2.67,100.3,264,103,114,64.4,356,11/26/24 0:00
202,Little Rock,OVC,-2.8,102.2,231,105,162,68.6,197,11/26/24 0:00
203,Illinois Chicago,MVC,-2.81,106,161,108.8,257,71.5,48,11/26/24 0:00
204,Georgia St.,SB,-2.89,105.5,167,108.3,242,69.5,140,11/26/24 0:00
205,Stephen F. Austin,Slnd,-2.89,96.2,332,99.1,68,67.5,250,11/26/24 0:00
206,UNC Asheville,BSth,-2.99,106.4,152,109.4,276,68,226,11/26/24 0:00
207,Texas A&M Corpus Chris,Slnd,-3.03,106.2,155,109.2,269,71.3,58,11/26/24 0:00
208,William & Mary,CAA,-3.09,107.3,140,110.4,291,72.1,35,11/26/24 0:00
209,Radford,BSth,-3.5,107.5,134,111,301,65.3,344,11/26/24 0:00
210,Richmond,A10,-3.56,100.9,259,104.4,149,68,225,11/26/24 0:00
211,Nicholls,Slnd,-3.63,102,237,105.6,174,68.2,219,11/26/24 0:00
212,Georgia Southern,SB,-3.71,101.8,241,105.5,172,74.3,3,11/26/24 0:00
213,UTEP,CUSA,-3.93,101.2,249,105.2,168,71.1,65,11/26/24 0:00
214,Montana,BSky,-3.97,105,180,108.9,262,68.1,222,11/26/24 0:00
215,Maine,AE,-3.98,98.5,302,102.5,108,68.3,210,11/26/24 0:00
216,Gardner Webb,BSth,-4.04,102.4,228,106.4,195,69.3,150,11/26/24 0:00
217,Indiana St.,MVC,-4.17,105,178,109.2,270,73.7,5,11/26/24 0:00
218,Wyoming,MWC,-4.29,101.4,247,105.6,176,67.6,246,11/26/24 0:00
219,Grambling St.,SWAC,-4.36,99.5,276,103.8,131,68.8,174,11/26/24 0:00
220,Cleveland St.,Horz,-4.39,99.5,273,103.9,135,68.4,208,11/26/24 0:00
221,Austin Peay,ASun,-4.65,102.5,225,107.2,212,66.3,314,11/26/24 0:00
222,Quinnipiac,MAAC,-4.69,98.7,297,103.4,121,71.2,61,11/26/24 0:00
223,Eastern Kentucky,ASun,-4.76,104.2,195,108.9,261,69.2,157,11/26/24 0:00
224,Delaware,CAA,-4.82,104.2,192,109.1,263,72.3,28,11/26/24 0:00
225,Tulsa,Amer,-4.89,104.3,191,109.2,267,69.7,124,11/26/24 0:00
226,Oakland,Horz,-4.91,101.5,243,106.4,194,65.5,340,11/26/24 0:00
227,Bucknell,PL,-4.92,99.8,271,104.7,156,68,232,11/26/24 0:00
228,North Dakota,Sum,-5.18,101.9,238,107.1,210,70.2,102,11/26/24 0:00
229,Valparaiso,MVC,-5.2,103.6,207,108.8,256,68.8,178,11/26/24 0:00
230,Weber St.,BSky,-5.2,103.6,208,108.8,258,67.8,242,11/26/24 0:00
231,Idaho St.,BSky,-5.41,101,256,106.4,196,65.9,328,11/26/24 0:00
232,Youngstown St.,Horz,-5.43,97.6,318,103,116,69.7,129,11/26/24 0:00
233,Albany,AE,-5.45,102.1,234,107.5,222,70.2,96,11/26/24 0:00
234,Robert Morris,Horz,-5.53,99.2,286,104.7,157,68.3,215,11/26/24 0:00
235,Kansas City,Sum,-5.58,100.2,266,105.8,179,67.4,255,11/26/24 0:00
236,Rider,MAAC,-5.59,100.9,258,106.5,198,66.8,294,11/26/24 0:00
237,Mercer,SC,-5.92,104.1,198,110,285,71.7,44,11/26/24 0:00
238,Merrimack,MAAC,-5.94,95.9,335,101.9,101,66.5,311,11/26/24 0:00
239,American,PL,-6.13,104.7,184,110.8,298,64.1,359,11/26/24 0:00
240,Alabama St.,SWAC,-6.21,103,218,109.2,268,69.9,117,11/26/24 0:00
,,,,,Strength of Schedule,NCSOS,,,,11/26/24 0:00
Rk,Team,Conf,NetRtg,ORtg,DRtg,AdjT,Luck,NetRtg,ORtg,11/26/24 0:00
241,Brown,Ivy,-6.38,104.7,185,111.1,302,66.7,295,11/26/24 0:00
242,Duquesne,A10,-6.39,99.8,269,106.2,189,67.9,238,11/26/24 0:00
243,Marist,MAAC,-6.43,101.5,242,107.9,237,65.9,329,11/26/24 0:00
244,Portland St.,BSky,-6.48,102.9,219,109.4,278,72.8,17,11/26/24 0:00
245,North Dakota St.,Sum,-6.52,105,179,111.5,312,66.1,325,11/26/24 0:00
246,Boston University,PL,-6.8,100.3,265,107,207,66.2,320,11/26/24 0:00
247,FIU,CUSA,-6.87,97.3,322,104.1,145,71.5,52,11/26/24 0:00
248,Eastern Washington,BSky,-6.95,105.3,170,112.3,329,71.1,64,11/26/24 0:00
249,Cal St. Bakersfield,BW,-6.97,102.6,223,109.5,280,65.1,346,11/26/24 0:00
250,Evansville,MVC,-7.06,102,236,109.1,264,69.9,110,11/26/24 0:00
251,Cal Poly,BW,-7.12,99.5,274,106.6,201,73.3,10,11/26/24 0:00
252,Colgate,PL,-7.23,99.3,282,106.5,200,68.3,216,11/26/24 0:00
253,South Dakota,Sum,-7.25,106,158,113.3,339,73,16,11/26/24 0:00
254,Pepperdine,WCC,-7.32,101.2,251,108.5,246,68.8,181,11/26/24 0:00
255,Southeastern Louisiana,Slnd,-7.66,98.6,299,106.2,191,69,170,11/26/24 0:00
256,Green Bay,Horz,-7.74,105.8,163,113.5,342,71,68,11/26/24 0:00
257,Army,PL,-7.75,104.1,196,111.9,323,66.7,297,11/26/24 0:00
258,Howard,MEAC,-7.8,103.7,205,111.5,314,67.6,247,11/26/24 0:00
259,Air Force,MWC,-7.84,103.8,204,111.6,318,62.2,364,11/26/24 0:00
260,Harvard,Ivy,-7.85,101.2,250,109.1,265,68.7,182,11/26/24 0:00
261,North Carolina A&T,CAA,-8.02,101.4,245,109.4,277,73.2,14,11/26/24 0:00
262,Southern,SWAC,-8.18,97.3,321,105.5,171,69,168,11/26/24 0:00
263,San Jose St.,MWC,-8.24,101,255,109.2,271,65,348,11/26/24 0:00
264,Ball St.,MAC,-8.25,99.2,284,107.5,220,68.8,180,11/26/24 0:00
265,UTSA,Amer,-8.25,102.2,232,110.4,292,71.9,38,11/26/24 0:00
266,SIUE,OVC,-8.32,98.5,303,106.8,205,67.2,267,11/26/24 0:00
267,Fresno St.,MWC,-8.32,97.1,324,105.5,170,74.3,2,11/26/24 0:00
268,Louisiana,SB,-8.37,104,201,112.3,330,69.9,116,11/26/24 0:00
269,Central Connecticut,NEC,-8.42,97.2,323,105.7,177,66.3,318,11/26/24 0:00
270,Northern Arizona,BSky,-8.42,102.4,227,110.9,300,66.7,298,11/26/24 0:00
271,Northwestern St.,Slnd,-8.46,100.2,267,108.6,251,66.8,290,11/26/24 0:00
272,Lafayette,PL,-8.47,99.2,283,107.7,227,66.3,317,11/26/24 0:00
273,Iona,MAAC,-8.51,98.7,294,107.2,215,69.5,142,11/26/24 0:00
274,Southern Miss,SB,-8.52,100,268,108.5,245,72.3,26,11/26/24 0:00
275,Mount St. Mary's,MAAC,-8.77,98.5,304,107.2,214,68.3,214,11/26/24 0:00
276,South Carolina St.,MEAC,-8.95,98.7,293,107.7,226,69.7,125,11/26/24 0:00
277,Western Carolina,SC,-8.99,98.6,300,107.6,223,70.1,104,11/26/24 0:00
278,Hampton,CAA,-8.99,98.8,292,107.8,232,66.5,309,11/26/24 0:00
279,Bethune Cookman,SWAC,-9.06,96.9,327,105.9,180,70,108,11/26/24 0:00
280,Pacific,WCC,-9.12,99.4,278,108.6,248,69.8,121,11/26/24 0:00
,,,,,Strength of Schedule,NCSOS,,,,11/26/24 0:00
Rk,Team,Conf,NetRtg,ORtg,DRtg,AdjT,Luck,NetRtg,ORtg,11/26/24 0:00
281,Queens,ASun,-9.15,98.2,312,107.3,216,71.7,45,11/26/24 0:00
282,North Carolina Central,MEAC,-9.15,103.9,202,113.1,338,67,275,11/26/24 0:00
283,Bowling Green,MAC,-9.27,103.1,216,112.4,332,69.6,131,11/26/24 0:00
284,Lehigh,PL,-9.33,101.4,244,110.8,296,68.6,198,11/26/24 0:00
285,Morehead St.,OVC,-9.36,97,326,106.3,192,67,282,11/26/24 0:00
286,Oral Roberts,Sum,-9.43,103.6,206,113,337,70.2,101,11/26/24 0:00
287,UMBC,AE,-9.5,105.3,171,114.8,354,70.8,78,11/26/24 0:00
288,Southern Indiana,OVC,-9.59,100.7,260,110.3,290,68.4,207,11/26/24 0:00
289,Lamar,Slnd,-9.61,101,254,110.6,295,68.9,171,11/26/24 0:00
290,Nebraska Omaha,Sum,-9.65,101.9,239,111.6,317,68.7,187,11/26/24 0:00
291,San Diego,WCC,-9.67,94.8,348,104.5,150,72.7,18,11/26/24 0:00
292,Texas Southern,SWAC,-9.75,98.3,309,108.1,238,70.2,99,11/26/24 0:00
293,Sacramento St.,BSky,-9.91,97.9,314,107.8,231,66.2,321,11/26/24 0:00
294,Wagner,NEC,-10,94.1,353,104.1,144,62.9,362,11/26/24 0:00
295,Penn,Ivy,-10.08,104.2,194,114.3,352,65.6,336,11/26/24 0:00
296,Campbell,CAA,-10.17,98.4,306,108.6,249,67.4,259,11/26/24 0:00
297,Eastern Michigan,MAC,-10.2,98.6,298,108.8,259,67.1,269,11/26/24 0:00
298,Fairfield,MAAC,-10.36,98.4,308,108.7,253,67.4,257,11/26/24 0:00
299,Monmouth,CAA,-10.37,101.1,253,111.5,310,69.4,145,11/26/24 0:00
300,Tennessee St.,OVC,-10.4,98.9,291,109.3,273,71.4,55,11/26/24 0:00
301,Tarleton St.,WAC,-10.74,97,325,107.7,228,68.6,192,11/26/24 0:00
302,Coastal Carolina,SB,-10.93,98.4,307,109.3,274,64.5,354,11/26/24 0:00
303,Incarnate Word,Slnd,-11.02,104.1,197,115.1,356,67.8,239,11/26/24 0:00
304,Cal St. Fullerton,BW,-11.04,96.8,328,107.9,236,66.9,288,11/26/24 0:00
305,Siena,MAAC,-11.16,96.6,329,107.8,229,66.1,324,11/26/24 0:00
306,Detroit Mercy,Horz,-11.66,97.8,315,109.4,279,67.6,248,11/26/24 0:00
307,Portland,WCC,-11.91,97.8,316,109.7,283,70.8,77,11/26/24 0:00
308,Utah Tech,WAC,-11.95,99.1,288,111.1,303,70.7,81,11/26/24 0:00
309,Idaho,BSky,-12.04,101.4,246,113.4,341,66.3,316,11/26/24 0:00
310,Southeast Missouri,OVC,-12.06,96.5,331,108.6,247,71.3,57,11/26/24 0:00
311,Navy,PL,-12.07,100.5,262,112.6,333,68.3,212,11/26/24 0:00
312,Manhattan,MAAC,-12.15,99.5,275,111.7,321,69.9,118,11/26/24 0:00
313,Long Beach St.,BW,-12.35,98.4,305,110.8,297,65.9,330,11/26/24 0:00
314,Stony Brook,CAA,-12.37,99.4,280,111.7,322,68.4,205,11/26/24 0:00
315,LIU,NEC,-12.47,99.4,277,111.9,324,69.9,115,11/26/24 0:00
316,Charleston Southern,BSth,-12.53,97.7,317,110.2,289,69.5,141,11/26/24 0:00
317,Niagara,MAAC,-12.59,101.1,252,113.7,345,66.8,293,11/26/24 0:00
318,Bellarmine,ASun,-12.89,100.9,257,113.8,348,66.7,299,11/26/24 0:00
319,Holy Cross,PL,-13.1,102.5,226,115.6,357,66.1,322,11/26/24 0:00
320,Denver,Sum,-13.24,98.3,310,111.6,316,71.5,53,11/26/24 0:00
,,,,,Strength of Schedule,NCSOS,,,,11/26/24 0:00
Rk,Team,Conf,NetRtg,ORtg,DRtg,AdjT,Luck,NetRtg,ORtg,11/26/24 0:00
321,Loyola MD,PL,-13.33,95.8,338,109.2,266,68.9,172,11/26/24 0:00
322,Western Michigan,MAC,-13.36,99,290,112.4,331,68.5,200,11/26/24 0:00
323,Sacred Heart,MAAC,-13.37,100.4,263,113.8,347,69.3,154,11/26/24 0:00
324,Tennessee Martin,OVC,-13.45,94.2,352,107.7,225,70.6,83,11/26/24 0:00
325,Old Dominion,SB,-13.53,98.7,296,112.2,328,69.2,160,11/26/24 0:00
326,Louisiana Monroe,SB,-13.59,95,346,108.6,250,68.3,213,11/26/24 0:00
327,Central Arkansas,ASun,-13.71,96.5,330,110.2,288,68.6,188,11/26/24 0:00
328,Buffalo,MAC,-13.73,99.8,270,113.5,343,71.5,50,11/26/24 0:00
329,Western Illinois,OVC,-13.79,97.6,319,111.4,308,64.7,351,11/26/24 0:00
330,The Citadel,SC,-13.94,96.1,333,110,286,66.6,304,11/26/24 0:00
331,Tennessee Tech,OVC,-14.08,97.5,320,111.5,313,67.9,237,11/26/24 0:00
332,Morgan St.,MEAC,-14.14,98.6,301,112.7,334,71,70,11/26/24 0:00
333,Jackson St.,SWAC,-14.74,95.8,339,110.6,294,70.6,86,11/26/24 0:00
334,Binghamton,AE,-14.74,98.1,313,112.9,336,66,327,11/26/24 0:00
335,Stonehill,NEC,-14.81,94.1,355,108.9,260,67.2,268,11/26/24 0:00
336,Eastern Illinois,OVC,-15.19,96.1,334,111.2,306,67.3,261,11/26/24 0:00
337,Le Moyne,NEC,-15.27,95.9,336,111.2,305,69.2,158,11/26/24 0:00
338,Saint Francis,NEC,-15.45,93.9,357,109.4,275,69.7,128,11/26/24 0:00
339,Northern Illinois,MAC,-15.65,94.5,351,110.1,287,69.3,147,11/26/24 0:00
340,Stetson,ASun,-15.72,99.2,287,114.9,355,69.3,148,11/26/24 0:00
341,USC Upstate,BSth,-16.08,100.5,261,116.6,361,72,36,11/26/24 0:00
342,VMI,SC,-16.6,95.5,343,112.1,326,71.5,49,11/26/24 0:00
343,West Georgia,ASun,-16.62,95.5,341,112.2,327,68,233,11/26/24 0:00
344,New Orleans,Slnd,-16.84,95.9,337,112.8,335,71.2,63,11/26/24 0:00
345,Prairie View A&M,SWAC,-16.97,99,289,116,359,73.9,4,11/26/24 0:00
346,Dartmouth,Ivy,-17.11,93.7,358,110.8,299,69.9,120,11/26/24 0:00
347,Delaware St.,MEAC,-17.45,93.9,356,111.4,307,68.9,173,11/26/24 0:00
348,East Texas A&M,Slnd,-17.54,94.1,354,111.6,319,69.7,127,11/26/24 0:00
349,Fairleigh Dickinson,NEC,-17.7,98.7,295,116.4,360,71.9,39,11/26/24 0:00
350,Houston Christian,Slnd,-18.33,95.4,344,113.7,346,68,227,11/26/24 0:00
351,Lindenwood,OVC,-18.34,95.5,342,113.9,349,68.5,201,11/26/24 0:00
352,Alabama A&M,SWAC,-18.66,95.2,345,113.9,350,71.8,43,11/26/24 0:00
353,Florida A&M,SWAC,-18.71,92.8,359,111.5,315,69.5,143,11/26/24 0:00
354,Mercyhurst,NEC,-18.85,94.6,349,113.4,340,65.4,342,11/26/24 0:00
355,Alcorn St.,SWAC,-18.97,95,347,113.9,351,65.5,339,11/26/24 0:00
356,Canisius,MAAC,-19.78,99.2,285,119,364,67.4,258,11/26/24 0:00
357,IU Indy,Horz,-19.87,98.2,311,118.1,362,67.7,244,11/26/24 0:00
358,New Hampshire,AE,-19.92,91.5,361,111.4,309,68.4,206,11/26/24 0:00
359,Maryland Eastern Shore,MEAC,-21.22,94.5,350,115.7,358,68.3,217,11/26/24 0:00
360,NJIT,AE,-21.34,92.4,360,113.7,344,66.3,319,11/26/24 0:00
,,,,,Strength of Schedule,NCSOS,,,,11/26/24 0:00
Rk,Team,Conf,NetRtg,ORtg,DRtg,AdjT,Luck,NetRtg,ORtg,11/26/24 0:00
361,Chicago St.,NEC,-21.8,90.2,362,112,325,70.3,95,11/26/24 0:00
362,Arkansas Pine Bluff,SWAC,-23.34,95.6,340,119,363,71.8,42,11/26/24 0:00
363,Coppin St.,MEAC,-25.23,86.4,364,111.7,320,68.7,186,11/26/24 0:00
364,Mississippi Valley St.,SWAC,-26.94,87.5,363,114.5,353,66.5,306,11/26/24 0:00
1,Auburn,SEC,31.22,123.3,2,92.1,5,69.5,139,11/27/24 0:00
2,Gonzaga,WCC,30.69,125.6,1,94.9,19,70.7,75,11/27/24 0:00
3,Houston,B12,29.71,119.7,7,90,3,64.7,350,11/27/24 0:00
4,Tennessee,SEC,29.63,119.1,11,89.4,2,67.1,273,11/27/24 0:00
5,Duke,ACC,29.39,118.1,16,88.7,1,67.9,229,11/27/24 0:00
6,Alabama,SEC,25.52,122.4,3,96.9,37,73.1,14,11/27/24 0:00
7,Kansas,B12,25.18,119.2,10,94,14,70.4,87,11/27/24 0:00
8,Cincinnati,B12,25.16,118.3,15,93.2,10,67,280,11/27/24 0:00
9,Iowa St.,B12,24.97,119.2,9,94.3,15,69.4,145,11/27/24 0:00
10,Connecticut,BE,23.55,121.9,4,98.3,59,66.3,308,11/27/24 0:00
11,Marquette,BE,23.49,116.6,24,93.1,9,70,105,11/27/24 0:00
12,Kentucky,SEC,22.83,118.5,14,95.7,27,73.4,9,11/27/24 0:00
13,North Carolina,ACC,22.33,120,6,97.6,49,73.8,7,11/27/24 0:00
14,Purdue,B10,22.25,119,12,96.7,35,66.5,304,11/27/24 0:00
15,Pittsburgh,ACC,22.21,117.1,21,94.8,18,68.8,177,11/27/24 0:00
16,Ohio St.,B10,22.1,117.1,20,95,21,69.1,161,11/27/24 0:00
17,St. John's,BE,22.06,116.3,27,94.3,16,69.7,120,11/27/24 0:00
18,Florida,SEC,21.95,119.4,8,97.4,47,70.3,91,11/27/24 0:00
19,UCLA,B10,21.89,114,44,92.1,4,67.2,264,11/27/24 0:00
20,Baylor,B12,21.37,120.2,5,98.9,65,66.9,284,11/27/24 0:00
21,Illinois,B10,21.08,115.5,32,94.4,17,72.3,29,11/27/24 0:00
22,Texas Tech,B12,20.98,118,17,97,41,67.2,262,11/27/24 0:00
23,Clemson,ACC,20.16,115.4,34,95.3,24,66.7,291,11/27/24 0:00
24,Arizona,B12,19.91,115.4,35,95.5,26,72.9,15,11/27/24 0:00
25,Texas A&M,SEC,19.82,115.7,30,95.9,29,66.7,295,11/27/24 0:00
26,Mississippi St.,SEC,19.82,116.5,25,96.7,34,69.2,156,11/27/24 0:00
27,Memphis,Amer,19.78,116.8,23,97,40,70.4,86,11/27/24 0:00
28,Oregon,B10,19.58,116.4,26,96.8,36,68.9,171,11/27/24 0:00
29,Wisconsin,B10,19.51,118.6,13,99.1,68,69.2,157,11/27/24 0:00
30,BYU,B12,19.43,117.2,19,97.8,50,69.7,119,11/27/24 0:00
31,Texas,SEC,19.3,113.1,50,93.8,11,68.1,221,11/27/24 0:00
32,Michigan,B10,19.17,114.4,42,95.2,23,69.7,121,11/27/24 0:00
33,Maryland,B10,18.03,113.3,48,95.3,25,67.9,230,11/27/24 0:00
34,Nevada,MWC,17.66,115.9,29,98.2,55,65.1,345,11/27/24 0:00
35,Dayton,A10,17.47,116.3,28,98.8,64,67.8,237,11/27/24 0:00
36,Arkansas,SEC,17.43,110.4,81,93,7,71.4,51,11/27/24 0:00
37,Penn St.,B10,17.37,115.5,31,98.2,53,72.7,19,11/27/24 0:00
38,Indiana,B10,17.18,112.9,51,95.8,28,70.4,85,11/27/24 0:00
39,Xavier,BE,16.65,114.9,36,98.3,56,69.5,133,11/27/24 0:00
40,VCU,A10,16.57,110.6,76,94,13,68.7,180,11/27/24 0:00
,,,,,Strength of Schedule,NCSOS,,,,11/27/24 0:00
Rk,Team,Conf,NetRtg,ORtg,DRtg,AdjT,Luck,NetRtg,ORtg,11/27/24 0:00
41,San Diego St.,MWC,16.56,109.2,100,92.7,6,66.8,287,11/27/24 0:00
42,Michigan St.,B10,16.56,110.5,79,93.9,12,68.6,187,11/27/24 0:00
43,Saint Mary's,WCC,16.17,117,22,100.8,90,64.9,348,11/27/24 0:00
44,Utah St.,MWC,15.49,114.8,38,99.3,72,71.4,52,11/27/24 0:00
45,Iowa,B10,15.48,113.8,45,98.3,58,72.4,27,11/27/24 0:00
46,Oklahoma,SEC,15.26,111.1,67,95.9,30,68.6,183,11/27/24 0:00
47,Utah,B12,15.12,112.3,55,97.2,42,71.3,57,11/27/24 0:00
48,Boise St.,MWC,15.07,114.2,43,99.2,71,69.3,150,11/27/24 0:00
49,Creighton,BE,14.92,112.7,53,97.8,51,69.7,125,11/27/24 0:00
50,Mississippi,SEC,14.81,114.7,40,99.8,81,68,225,11/27/24 0:00
51,Missouri,SEC,14.79,114.9,37,100.1,84,68.5,195,11/27/24 0:00
52,Nebraska,B10,14.56,109.5,97,94.9,20,70,106,11/27/24 0:00
53,LSU,SEC,14.31,112.6,54,98.3,57,68.9,168,11/27/24 0:00
54,New Mexico,MWC,14.05,110.7,75,96.6,33,75.5,1,11/27/24 0:00
55,N.C. State,ACC,13.69,111.7,62,98,52,70.6,80,11/27/24 0:00
56,Florida St.,ACC,13.4,108.6,115,95.2,22,72.4,28,11/27/24 0:00
57,Georgia,SEC,13.36,111.6,63,98.2,54,69,167,11/27/24 0:00
58,Louisville,ACC,13,109.9,88,96.9,38,72.2,30,11/27/24 0:00
59,San Francisco,WCC,12.64,111.4,64,98.8,62,68,224,11/27/24 0:00
60,UC Irvine,BW,12.57,109.9,90,97.3,44,70.3,90,11/27/24 0:00
61,TCU,B12,12.53,109.5,96,97,39,69.5,140,11/27/24 0:00
62,Northwestern,B10,12.5,109,104,96.5,32,65.5,336,11/27/24 0:00
63,Villanova,BE,12.48,115.5,33,103,118,66.6,301,11/27/24 0:00
64,Liberty,CUSA,12.35,109.6,94,97.3,43,64.1,358,11/27/24 0:00
65,Arizona St.,B12,12.09,111,68,98.9,66,69.7,123,11/27/24 0:00
66,Kansas St.,B12,11.53,109.9,89,98.4,60,68.5,191,11/27/24 0:00
67,Butler,BE,11.09,111.2,66,100.1,83,67.5,246,11/27/24 0:00
68,Colorado,B12,11.05,109.7,93,98.7,61,67.6,242,11/27/24 0:00
69,Notre Dame,ACC,10.88,113.7,46,102.8,113,66.6,299,11/27/24 0:00
70,Providence,BE,10.63,107.1,139,96.5,31,65.8,329,11/27/24 0:00
71,West Virginia,B12,10.63,109.4,98,98.8,63,69.3,154,11/27/24 0:00
72,SMU,ACC,10.62,114.7,39,104.1,145,71,67,11/27/24 0:00
73,Wichita St.,Amer,10.37,110.4,82,100,82,71,65,11/27/24 0:00
74,Miami FL,ACC,10.29,117.3,18,107,207,66.9,285,11/27/24 0:00
75,North Texas,Amer,10.26,107.7,125,97.4,46,63.5,361,11/27/24 0:00
76,Stanford,ACC,10.22,111,69,100.8,88,67.1,271,11/27/24 0:00
77,Vanderbilt,SEC,10.07,113.4,47,103.4,125,71.1,61,11/27/24 0:00
78,Rutgers,B10,10.07,110.2,83,100.1,85,69.7,122,11/27/24 0:00
79,Drake,MVC,10,109.8,91,99.8,80,66,320,11/27/24 0:00
80,South Carolina,SEC,9.91,109.3,99,99.4,73,67.7,241,11/27/24 0:00
,,,,,Strength of Schedule,NCSOS,,,,11/27/24 0:00
Rk,Team,Conf,NetRtg,ORtg,DRtg,AdjT,Luck,NetRtg,ORtg,11/27/24 0:00
81,UCF,B12,9.76,109.5,95,99.8,78,70.5,83,11/27/24 0:00
82,Loyola Chicago,A10,9.76,108.8,108,99.1,70,69.5,134,11/27/24 0:00
83,Rhode Island,A10,9.46,111,70,101.5,98,72,38,11/27/24 0:00
84,USC,B10,9.34,112.8,52,103.5,128,68.5,197,11/27/24 0:00
85,Grand Canyon,WAC,8.84,110.9,71,102.1,103,71.7,46,11/27/24 0:00
86,McNeese,Slnd,8.71,110.1,85,101.4,97,67.1,267,11/27/24 0:00
87,Bradley,MVC,8.66,113.1,49,104.5,151,66.8,288,11/27/24 0:00
88,Washington,B10,8.5,106.1,158,97.6,48,69.7,118,11/27/24 0:00
89,Washington St.,WCC,8.46,109.7,92,101.3,94,72.5,24,11/27/24 0:00
90,Minnesota,B10,8.31,105.7,166,97.4,45,63.7,360,11/27/24 0:00
91,Oregon St.,WCC,8.2,108,122,99.8,79,65.6,334,11/27/24 0:00
92,UNLV,MWC,8.14,111.2,65,103.1,119,67.8,235,11/27/24 0:00
93,George Mason,A10,8.11,107.8,123,99.7,77,67,282,11/27/24 0:00
94,Saint Joseph's,A10,8.04,108.8,110,100.7,87,70.3,92,11/27/24 0:00
95,Louisiana Tech,CUSA,7.86,109,106,101.1,93,67.1,269,11/27/24 0:00
96,Florida Atlantic,Amer,7.85,111.8,59,104,144,72.1,35,11/27/24 0:00
97,Oklahoma St.,B12,7.63,109,105,101.4,96,72.6,21,11/27/24 0:00
98,UC San Diego,BW,7.5,109.1,101,101.6,99,66.6,298,11/27/24 0:00
99,Wake Forest,ACC,7.35,107,143,99.7,76,68.4,198,11/27/24 0:00
100,Murray St.,MVC,7.33,110.7,73,103.4,126,67.1,270,11/27/24 0:00
101,Yale,Ivy,7.32,114.6,41,107.3,214,67.9,234,11/27/24 0:00
102,Syracuse,ACC,7.01,112,56,105,168,70.6,79,11/27/24 0:00
103,Arkansas St.,SB,6.9,107.3,132,100.5,86,69.5,136,11/27/24 0:00
104,Santa Clara,WCC,6.76,110.5,77,103.8,135,69.2,155,11/27/24 0:00
105,Georgetown,BE,6.53,108.9,107,102.4,107,68.6,188,11/27/24 0:00
106,St. Bonaventure,A10,6.43,108.5,118,102.1,104,66.7,293,11/27/24 0:00
107,Seton Hall,BE,6.22,99.2,284,93,8,64.2,357,11/27/24 0:00
108,DePaul,BE,5.82,109.1,103,103.3,122,68.3,205,11/27/24 0:00
109,Sam Houston St.,CUSA,5.49,110.5,80,105,166,70,102,11/27/24 0:00
110,Virginia,ACC,5.47,105.1,172,99.6,75,62.4,363,11/27/24 0:00
111,Colorado St.,MWC,5.38,107.1,137,101.8,101,67.4,248,11/27/24 0:00
112,Boston College,ACC,5.37,106.4,151,101,91,67,277,11/27/24 0:00
113,Troy,SB,5.16,104.7,181,99.5,74,69.1,162,11/27/24 0:00
114,Georgia Tech,ACC,4.96,107.5,129,102.6,109,71.8,44,11/27/24 0:00
115,Princeton,Ivy,4.86,112,58,107.1,209,68,223,11/27/24 0:00
116,Northern Iowa,MVC,4.76,108.7,111,104,142,66.9,283,11/27/24 0:00
117,Temple,Amer,4.56,109.1,102,104.5,154,69.2,159,11/27/24 0:00
118,Davidson,A10,4.55,110,87,105.5,179,68,226,11/27/24 0:00
119,Furman,SC,4.37,105.2,170,100.8,89,67.3,259,11/27/24 0:00
120,UC Santa Barbara,BW,4.16,108.7,113,104.5,153,66.5,303,11/27/24 0:00
,,,,,Strength of Schedule,NCSOS,,,,11/27/24 0:00
Rk,Team,Conf,NetRtg,ORtg,DRtg,AdjT,Luck,NetRtg,ORtg,11/27/24 0:00
121,South Dakota St.,Sum,3.7,108.6,114,104.9,164,70.3,88,11/27/24 0:00
122,California,ACC,3.45,107.3,136,103.8,137,71,69,11/27/24 0:00
123,Western Kentucky,CUSA,3.26,102.3,228,99,67,73.2,12,11/27/24 0:00
124,UAB,Amer,3.14,111.8,60,108.6,255,70.7,76,11/27/24 0:00
125,Seattle,WAC,2.87,106.4,152,103.5,130,67.6,243,11/27/24 0:00
126,UMass Lowell,AE,2.72,108.6,116,105.8,189,72.1,34,11/27/24 0:00
127,Virginia Tech,ACC,2.7,104.7,179,102,102,67.3,261,11/27/24 0:00
128,Purdue Fort Wayne,Horz,2.66,110.9,72,108.2,243,69.5,137,11/27/24 0:00
129,Lipscomb,ASun,2.57,106.9,145,104.3,149,68.4,201,11/27/24 0:00
130,Kent St.,MAC,2.56,105.7,168,103.1,120,66.3,309,11/27/24 0:00
131,Northern Colorado,BSky,2.47,108.1,121,105.6,180,70.9,70,11/27/24 0:00
132,Akron,MAC,2.44,108.5,117,106.1,195,70.1,97,11/27/24 0:00
133,Saint Louis,A10,2.37,107.3,133,105,165,72.5,23,11/27/24 0:00
134,George Washington,A10,2.35,107.4,131,105.1,170,70.5,82,11/27/24 0:00
135,Utah Valley,WAC,2.24,105.2,169,102.9,117,70,103,11/27/24 0:00
136,East Carolina,Amer,2.04,106.1,157,104.1,146,65.7,331,11/27/24 0:00
137,High Point,BSth,1.95,111.7,61,109.8,282,65.4,340,11/27/24 0:00
138,La Salle,A10,1.93,105.7,167,103.8,134,70.3,89,11/27/24 0:00
139,Towson,CAA,1.93,104,190,102.1,105,65.8,328,11/27/24 0:00
140,Columbia,Ivy,1.91,110.2,84,108.3,244,69,166,11/27/24 0:00
141,Wright St.,Horz,1.86,108.7,112,106.8,205,68.2,211,11/27/24 0:00
142,Samford,SC,1.62,112,57,110.4,296,73.3,11,11/27/24 0:00
143,James Madison,SB,1.59,108.3,119,106.7,203,67.4,249,11/27/24 0:00
144,Montana St.,BSky,1.52,107.1,138,105.6,184,68.2,213,11/27/24 0:00
145,Texas St.,SB,1.5,105,176,103.5,131,67,278,11/27/24 0:00
146,South Florida,Amer,1.48,107.1,141,105.6,183,69.8,114,11/27/24 0:00
147,Norfolk St.,MEAC,1.03,106,160,105,167,66.8,290,11/27/24 0:00
148,Loyola Marymount,WCC,0.84,104.7,182,103.8,138,67.7,238,11/27/24 0:00
149,Charleston,CAA,0.78,105.9,164,105.1,172,71,66,11/27/24 0:00
150,Middle Tennessee,CUSA,0.47,105.1,171,104.7,159,69,165,11/27/24 0:00
151,Southern Illinois,MVC,0.43,103.2,210,102.8,112,71.4,53,11/27/24 0:00
152,UNC Greensboro,SC,0.4,103.3,209,102.9,115,67.4,250,11/27/24 0:00
153,Jacksonville,ASun,0.38,103.8,197,103.4,127,68.6,186,11/27/24 0:00
154,Toledo,MAC,0.37,110.5,78,110.1,288,71,63,11/27/24 0:00
155,St. Thomas,Sum,0.35,106.8,146,106.4,201,67.9,231,11/27/24 0:00
156,Charlotte,Amer,0.15,107.6,127,107.4,218,64.6,351,11/27/24 0:00
157,Northeastern,CAA,0.08,103.4,206,103.3,124,67.4,252,11/27/24 0:00
158,Vermont,AE,-0.04,102.7,220,102.7,111,64.4,354,11/27/24 0:00
159,Hofstra,CAA,-0.11,103.7,200,103.8,139,66,322,11/27/24 0:00
160,New Mexico St.,CUSA,-0.19,103.3,207,103.5,129,67.2,265,11/27/24 0:00
,,,,,Strength of Schedule,NCSOS,,,,11/27/24 0:00
Rk,Team,Conf,NetRtg,ORtg,DRtg,AdjT,Luck,NetRtg,ORtg,11/27/24 0:00
161,CSUN,BW,-0.21,104.6,183,104.9,162,72.8,17,11/27/24 0:00
162,UC Riverside,BW,-0.27,104.6,184,104.9,163,69,164,11/27/24 0:00
163,Kennesaw St.,CUSA,-0.31,107.3,134,107.6,223,73.8,5,11/27/24 0:00
164,Wofford,SC,-0.31,110.7,74,111,303,65.3,344,11/27/24 0:00
165,UNC Wilmington,CAA,-0.33,106.7,147,107,208,68.9,169,11/27/24 0:00
166,Cal Baptist,WAC,-0.51,108.8,109,109.3,273,66,323,11/27/24 0:00
167,Elon,CAA,-0.56,107.8,124,108.3,248,67.2,266,11/27/24 0:00
168,Winthrop,BSth,-0.63,102.3,229,102.9,116,72.1,36,11/27/24 0:00
169,Belmont,MVC,-0.67,106.6,148,107.3,215,71.5,48,11/27/24 0:00
170,East Tennessee St.,SC,-0.74,107.3,135,108,239,67.2,263,11/27/24 0:00
171,Jacksonville St.,CUSA,-0.84,106.4,150,107.2,213,67,281,11/27/24 0:00
172,Massachusetts,A10,-0.85,105.1,174,106,193,70.9,71,11/27/24 0:00
173,Radford,BSth,-0.97,107.1,140,108.1,240,65.1,346,11/27/24 0:00
174,Chattanooga,SC,-1.12,106.6,149,107.7,228,69.6,132,11/27/24 0:00
175,Appalachian St.,SB,-1.28,102.4,226,103.7,133,66.6,302,11/27/24 0:00
176,Bryant,AE,-1.29,103.9,192,105.2,173,73.9,4,11/27/24 0:00
177,North Florida,ASun,-1.32,110.1,86,111.4,313,69.9,110,11/27/24 0:00
178,Ohio,MAC,-1.33,108.2,120,109.5,278,70.2,96,11/27/24 0:00
179,Milwaukee,Horz,-1.42,106.1,156,107.5,220,70.3,94,11/27/24 0:00
180,Rice,Amer,-1.43,103.1,213,104.5,155,66.4,306,11/27/24 0:00
181,Longwood,BSth,-1.44,102.5,223,103.9,141,69.4,147,11/27/24 0:00
182,UTEP,CUSA,-1.59,101,252,102.6,110,71.1,62,11/27/24 0:00
183,UC Davis,BW,-1.64,99.5,276,101.1,92,72.2,31,11/27/24 0:00
184,Missouri St.,MVC,-1.66,100.5,266,102.2,106,68.1,222,11/27/24 0:00
185,Central Michigan,MAC,-1.66,101.9,236,103.6,132,68.8,176,11/27/24 0:00
186,Marshall,SB,-1.75,102.8,218,104.6,157,70.1,99,11/27/24 0:00
187,Hawaii,BW,-1.75,104.3,188,106,194,65.8,330,11/27/24 0:00
188,Cornell,Ivy,-1.77,107.6,126,109.3,275,72.4,25,11/27/24 0:00
189,Southern Utah,WAC,-1.86,106,161,107.8,231,69.1,163,11/27/24 0:00
190,UT Rio Grande Valley,Slnd,-1.87,107.6,128,109.4,277,71.8,43,11/27/24 0:00
191,Tulane,Amer,-1.93,103.7,201,105.6,182,69.8,112,11/27/24 0:00
192,North Alabama,ASun,-1.99,106,159,108,237,68.6,182,11/27/24 0:00
193,Northern Kentucky,Horz,-2,99.3,282,101.3,95,67.4,255,11/27/24 0:00
194,Miami OH,MAC,-2.09,103.7,199,105.8,188,69.4,148,11/27/24 0:00
195,Drexel,CAA,-2.1,106.2,154,108.3,247,64.9,349,11/27/24 0:00
196,Illinois St.,MVC,-2.52,105,175,107.6,222,66.7,292,11/27/24 0:00
197,Presbyterian,BSth,-2.64,103.3,208,105.9,191,65.4,339,11/27/24 0:00
198,Austin Peay,ASun,-2.64,102,235,104.6,158,65.7,332,11/27/24 0:00
199,Little Rock,OVC,-2.64,102.4,225,105,169,68.5,189,11/27/24 0:00
200,South Alabama,SB,-2.65,102.8,219,105.4,177,66.1,316,11/27/24 0:00
,,,,,Strength of Schedule,NCSOS,,,,11/27/24 0:00
Rk,Team,Conf,NetRtg,ORtg,DRtg,AdjT,Luck,NetRtg,ORtg,11/27/24 0:00
201,Florida Gulf Coast,ASun,-2.72,101.2,246,104,143,64.6,352,11/27/24 0:00
202,Illinois Chicago,MVC,-2.83,105.9,162,108.8,259,71.5,50,11/27/24 0:00
203,William & Mary,CAA,-2.86,107.5,130,110.4,293,72,37,11/27/24 0:00
204,UNC Asheville,BSth,-2.89,106.4,153,109.3,270,68,227,11/27/24 0:00
205,Stephen F. Austin,Slnd,-2.89,96.2,334,99.1,69,67.4,247,11/27/24 0:00
206,Texas A&M Corpus Chris,Slnd,-3.01,106.1,155,109.1,268,71.3,58,11/27/24 0:00
207,Richmond,A10,-3.03,100.8,261,103.8,136,67.7,240,11/27/24 0:00
208,UT Arlington,WAC,-3.13,107,144,110.2,290,72,39,11/27/24 0:00
209,Eastern Kentucky,ASun,-3.35,104.7,180,108,238,69.2,160,11/27/24 0:00
210,Tulsa,Amer,-3.47,103.2,211,106.6,202,69.3,152,11/27/24 0:00
211,Saint Peter's,MAAC,-3.52,100.8,256,104.3,150,64.2,356,11/27/24 0:00
212,Georgia Southern,SB,-3.59,101.8,240,105.3,175,74.2,3,11/27/24 0:00
213,Fordham,A10,-3.64,102.1,231,105.8,187,69.5,135,11/27/24 0:00
214,Nicholls,Slnd,-3.77,101.8,239,105.6,181,68.2,216,11/27/24 0:00
215,Wyoming,MWC,-3.78,100.8,259,104.5,156,67.4,251,11/27/24 0:00
216,Gardner Webb,BSth,-3.78,102.1,232,105.9,190,69.6,130,11/27/24 0:00
217,Montana,BSky,-3.82,105.1,173,108.9,261,68.4,204,11/27/24 0:00
218,Maine,AE,-3.98,98.5,298,102.5,108,68.3,206,11/27/24 0:00
219,Indiana St.,MVC,-4.19,104.9,178,109,264,73.7,8,11/27/24 0:00
220,Grambling St.,SWAC,-4.65,100.7,263,105.3,174,68.5,194,11/27/24 0:00
221,Quinnipiac,MAAC,-4.68,98.6,296,103.3,123,71.1,60,11/27/24 0:00
222,Bucknell,PL,-4.76,99.9,273,104.7,161,68,228,11/27/24 0:00
223,Delaware,CAA,-4.77,104.1,189,108.9,260,72.1,33,11/27/24 0:00
224,Georgia St.,SB,-4.78,103.1,215,107.8,233,68.9,170,11/27/24 0:00
225,Oakland,Horz,-4.87,101.5,242,106.4,200,65.3,343,11/27/24 0:00
226,Abilene Christian,WAC,-4.89,102.5,222,107.4,217,68.2,218,11/27/24 0:00
227,Idaho St.,BSky,-5.09,101.1,251,106.2,196,65.9,325,11/27/24 0:00
228,Weber St.,BSky,-5.14,103.5,204,108.7,256,67.7,239,11/27/24 0:00
229,Valparaiso,MVC,-5.35,103.6,202,108.9,263,68.8,178,11/27/24 0:00
230,Youngstown St.,Horz,-5.42,97.4,316,102.9,114,69.6,128,11/27/24 0:00
231,Duquesne,A10,-5.49,98.6,295,104.1,147,68.3,207,11/27/24 0:00
232,Rider,MAAC,-5.5,100.9,255,106.4,199,66.6,300,11/27/24 0:00
233,Albany,AE,-5.51,102,234,107.6,221,70.1,98,11/27/24 0:00
234,Robert Morris,Horz,-5.53,99.2,286,104.7,160,68.2,214,11/27/24 0:00
235,Cleveland St.,Horz,-5.76,97.4,317,103.2,121,68.3,208,11/27/24 0:00
236,Kansas City,Sum,-5.84,99.9,274,105.8,186,67.4,254,11/27/24 0:00
237,Merrimack,MAAC,-5.94,95.8,339,101.8,100,66.4,307,11/27/24 0:00
238,Mercer,SC,-6.07,103.2,212,109.2,269,71.9,40,11/27/24 0:00
239,North Dakota St.,Sum,-6.14,107.1,142,113.2,337,65.5,337,11/27/24 0:00
240,Alabama St.,SWAC,-6.25,102.9,216,109.1,266,69.8,113,11/27/24 0:00
,,,,,Strength of Schedule,NCSOS,,,,11/27/24 0:00
Rk,Team,Conf,NetRtg,ORtg,DRtg,AdjT,Luck,NetRtg,ORtg,11/27/24 0:00
241,American,PL,-6.29,104.5,186,110.8,299,64.1,359,11/27/24 0:00
242,Marist,MAAC,-6.37,101.5,243,107.9,235,65.9,326,11/27/24 0:00
243,Brown,Ivy,-6.42,104.6,185,111,304,66.6,297,11/27/24 0:00
244,Portland St.,BSky,-6.51,102.9,217,109.4,276,72.7,18,11/27/24 0:00
245,San Jose St.,MWC,-6.54,101.9,237,108.4,249,65.3,342,11/27/24 0:00
246,Cal Poly,BW,-6.61,101.1,250,107.7,229,73.4,10,11/27/24 0:00
247,Evansville,MVC,-6.83,102.3,230,109.1,265,69.9,108,11/27/24 0:00
248,Boston University,PL,-6.88,100.4,268,107.2,212,66.1,318,11/27/24 0:00
249,Cal St. Bakersfield,BW,-6.95,102.4,227,109.3,274,65,347,11/27/24 0:00
250,North Dakota,Sum,-6.99,101.2,247,108.2,241,70,104,11/27/24 0:00
251,FIU,CUSA,-7.01,97.2,320,104.2,148,71.4,54,11/27/24 0:00
252,Colgate,PL,-7.26,99.1,288,106.4,198,68.2,212,11/27/24 0:00
253,South Dakota,Sum,-7.29,105.9,163,113.2,336,72.9,16,11/27/24 0:00
254,Bethune Cookman,SWAC,-7.42,98,311,105.4,176,70,107,11/27/24 0:00
255,Green Bay,Horz,-7.58,105.8,165,113.4,341,71,64,11/27/24 0:00
256,Eastern Washington,BSky,-7.63,103.5,205,111.2,306,70.5,84,11/27/24 0:00
257,Army,PL,-7.64,103.9,191,111.6,316,66.7,296,11/27/24 0:00
258,Harvard,Ivy,-7.76,101.2,248,108.9,262,68.7,179,11/27/24 0:00
259,Southeastern Louisiana,Slnd,-7.76,98.2,306,105.9,192,69.4,146,11/27/24 0:00
260,Howard,MEAC,-7.84,103.6,203,111.4,314,67.4,253,11/27/24 0:00
261,Air Force,MWC,-8.02,103.7,198,111.8,324,62.1,364,11/27/24 0:00
262,North Carolina A&T,CAA,-8.02,101.3,245,109.3,272,73.2,13,11/27/24 0:00
263,Fresno St.,MWC,-8.16,96.9,323,105.1,171,74.9,2,11/27/24 0:00
264,UTSA,Amer,-8.21,102.1,233,110.3,292,71.9,41,11/27/24 0:00
265,SIUE,OVC,-8.31,98.5,301,106.8,204,67.1,268,11/27/24 0:00
266,Southern,SWAC,-8.31,97.1,322,105.4,178,68.8,173,11/27/24 0:00
267,Southern Miss,SB,-8.36,100,272,108.3,246,72.4,26,11/27/24 0:00
268,Hampton,CAA,-8.39,100.8,260,109.1,267,65.8,327,11/27/24 0:00
269,Louisiana,SB,-8.42,103.9,194,112.3,328,69.9,111,11/27/24 0:00
270,Central Connecticut,NEC,-8.43,97.2,321,105.6,185,66.2,313,11/27/24 0:00
271,Northwestern St.,Slnd,-8.45,100.1,271,108.6,253,66.8,289,11/27/24 0:00
272,Mount St. Mary's,MAAC,-8.45,98.5,299,106.9,206,68.2,215,11/27/24 0:00
273,Lafayette,PL,-8.47,99.2,285,107.7,225,66.2,314,11/27/24 0:00
274,Ball St.,MAC,-8.47,99.2,283,107.7,227,68.8,174,11/27/24 0:00
275,Iona,MAAC,-8.5,98.7,293,107.2,211,69.5,142,11/27/24 0:00
276,South Carolina St.,MEAC,-8.74,98.8,292,107.5,219,69.6,131,11/27/24 0:00
277,Cal St. Fullerton,BW,-9.01,98.2,305,107.2,210,66.3,310,11/27/24 0:00
278,Pacific,WCC,-9.02,99.4,277,108.5,250,69.6,127,11/27/24 0:00
279,Pepperdine,WCC,-9.1,100.6,264,109.7,280,68.5,192,11/27/24 0:00
280,Morehead St.,OVC,-9.12,97.2,319,106.3,197,67,279,11/27/24 0:00
,,,,,Strength of Schedule,NCSOS,,,,11/27/24 0:00
Rk,Team,Conf,NetRtg,ORtg,DRtg,AdjT,Luck,NetRtg,ORtg,11/27/24 0:00
281,Queens,ASun,-9.22,98.1,308,107.3,216,71.5,49,11/27/24 0:00
282,Northern Arizona,BSky,-9.29,101.6,241,110.9,302,67.1,272,11/27/24 0:00
283,Bowling Green,MAC,-9.32,103.1,214,112.4,330,69.6,129,11/27/24 0:00
284,North Carolina Central,MEAC,-9.34,103.8,195,113.2,335,67.1,275,11/27/24 0:00
285,Oral Roberts,Sum,-9.49,103.8,196,113.3,339,70.1,101,11/27/24 0:00
286,UMBC,AE,-9.63,104.9,177,114.5,353,70.8,73,11/27/24 0:00
287,Lamar,Slnd,-9.73,100.9,254,110.6,298,68.8,172,11/27/24 0:00
288,Eastern Michigan,MAC,-9.75,98.5,297,108.3,245,67.6,245,11/27/24 0:00
289,Southern Indiana,OVC,-9.76,100.7,262,110.4,297,68.4,202,11/27/24 0:00
290,San Diego,WCC,-9.79,94.7,349,104.5,152,72.7,20,11/27/24 0:00
291,Nebraska Omaha,Sum,-9.79,101.8,238,111.6,320,68.5,190,11/27/24 0:00
292,Texas Southern,SWAC,-9.8,98.1,309,107.9,234,70.2,95,11/27/24 0:00
293,Sacramento St.,BSky,-9.9,97.8,313,107.7,230,65.9,324,11/27/24 0:00
294,Penn,Ivy,-9.96,104.3,187,114.3,352,65.5,335,11/27/24 0:00
295,Campbell,CAA,-10.05,98.2,304,108.2,242,67.3,258,11/27/24 0:00
296,Western Carolina,SC,-10.07,97.8,315,107.8,232,70.6,78,11/27/24 0:00
297,Utah Tech,WAC,-10.26,99.4,278,109.7,281,69.4,143,11/27/24 0:00
298,Fairfield,MAAC,-10.3,98.3,303,108.6,254,67.4,256,11/27/24 0:00
299,Monmouth,CAA,-10.38,101,253,111.4,312,69.4,144,11/27/24 0:00
300,Lehigh,PL,-10.74,102.7,221,113.4,342,68.4,199,11/27/24 0:00
301,Tarleton St.,WAC,-10.78,96.9,324,107.7,226,68.6,184,11/27/24 0:00
302,Tennessee St.,OVC,-10.85,99.4,279,110.2,291,72.2,32,11/27/24 0:00
303,Coastal Carolina,SB,-10.95,98.3,302,109.3,271,64.5,353,11/27/24 0:00
304,Incarnate Word,Slnd,-11.19,103.9,193,115.1,356,67.8,236,11/27/24 0:00
305,Siena,MAAC,-11.47,96.4,329,107.9,236,66.3,311,11/27/24 0:00
306,Manhattan,MAAC,-11.47,100.5,267,112,326,69.8,116,11/27/24 0:00
307,Wagner,NEC,-11.64,92.3,359,103.9,140,62.6,362,11/27/24 0:00
308,Portland,WCC,-11.81,98,310,109.8,283,70.8,72,11/27/24 0:00
309,Southeast Missouri,OVC,-12.02,96.5,328,108.5,251,71.3,56,11/27/24 0:00
310,Navy,PL,-12.03,100.5,265,112.6,331,68.3,209,11/27/24 0:00
311,Idaho,BSky,-12.22,101.3,244,113.5,344,66.2,315,11/27/24 0:00
312,Western Illinois,OVC,-12.35,98.5,300,110.8,301,64.3,355,11/27/24 0:00
313,Charleston Southern,BSth,-12.39,97.8,314,110.2,289,69.7,124,11/27/24 0:00
314,Stony Brook,CAA,-12.4,99.3,281,111.7,322,68.4,203,11/27/24 0:00
315,LIU,NEC,-12.45,99.3,280,111.8,325,69.9,109,11/27/24 0:00
316,Niagara,MAAC,-12.85,101.1,249,114,351,66.9,286,11/27/24 0:00
317,Bellarmine,ASun,-12.88,100.8,257,113.7,346,66.7,294,11/27/24 0:00
318,Holy Cross,PL,-13.11,102.5,224,115.6,357,66.1,319,11/27/24 0:00
319,Loyola MD,PL,-13.2,96.4,330,109.6,279,68.1,219,11/27/24 0:00
320,Western Michigan,MAC,-13.37,99,291,112.3,329,68.5,196,11/27/24 0:00
,,,,,Strength of Schedule,NCSOS,,,,11/27/24 0:00
Rk,Team,Conf,NetRtg,ORtg,DRtg,AdjT,Luck,NetRtg,ORtg,11/27/24 0:00
321,Sacred Heart,MAAC,-13.43,100.3,269,113.7,345,69.3,153,11/27/24 0:00
322,Detroit Mercy,Horz,-13.45,95,347,108.5,252,67.1,274,11/27/24 0:00
323,Tennessee Martin,OVC,-13.46,94.2,353,107.7,224,70.6,81,11/27/24 0:00
324,Central Arkansas,ASun,-13.5,96.5,327,110,285,68.6,181,11/27/24 0:00
325,Louisiana Monroe,SB,-13.6,95.1,346,108.7,257,68.2,217,11/27/24 0:00
326,Saint Francis,NEC,-13.67,96.3,332,110,284,69.8,117,11/27/24 0:00
327,Buffalo,MAC,-13.76,99.7,275,113.5,343,71.3,55,11/27/24 0:00
328,The Citadel,SC,-13.89,96.2,333,110.1,287,66.5,305,11/27/24 0:00
329,Tennessee Tech,OVC,-13.97,97.4,318,111.4,311,67.9,232,11/27/24 0:00
330,Morgan St.,MEAC,-14.04,98.7,294,112.7,332,71,68,11/27/24 0:00
331,Old Dominion,SB,-14.33,96.9,325,111.2,308,69.5,141,11/27/24 0:00
332,Long Beach St.,BW,-14.38,96,335,110.4,294,65.6,333,11/27/24 0:00
333,Stonehill,NEC,-14.8,93.9,354,108.8,258,67,276,11/27/24 0:00
334,Jackson St.,SWAC,-14.86,95.6,342,110.4,295,70.6,77,11/27/24 0:00
335,Denver,Sum,-14.88,96.8,326,111.7,321,70.1,100,11/27/24 0:00
336,Binghamton,AE,-14.93,97.9,312,112.9,334,66,321,11/27/24 0:00
337,Eastern Illinois,OVC,-15.21,96,336,111.2,307,67.3,260,11/27/24 0:00
338,West Georgia,ASun,-15.3,96.3,331,111.6,319,68.3,210,11/27/24 0:00
339,Le Moyne,NEC,-15.36,95.8,340,111.1,305,69.2,158,11/27/24 0:00
340,Northern Illinois,MAC,-15.64,94.4,352,110.1,286,69.3,149,11/27/24 0:00
341,Stetson,ASun,-15.74,99.1,289,114.8,354,69.3,151,11/27/24 0:00
342,VMI,SC,-16.25,96,337,112.2,327,70.7,74,11/27/24 0:00
343,USC Upstate,BSth,-16.26,100.8,258,117,360,72.6,22,11/27/24 0:00
344,New Orleans,Slnd,-16.84,95.9,338,112.8,333,71.1,59,11/27/24 0:00
345,Fairleigh Dickinson,NEC,-16.86,100.2,270,117.1,361,71.9,42,11/27/24 0:00
346,Prairie View A&M,SWAC,-17,99,290,116,359,73.8,6,11/27/24 0:00
347,Dartmouth,Ivy,-17.12,93.6,357,110.8,300,69.8,115,11/27/24 0:00
348,Delaware St.,MEAC,-17.43,93.9,356,111.3,309,68.8,175,11/27/24 0:00
349,East Texas A&M,Slnd,-17.69,93.9,355,111.6,317,69.6,126,11/27/24 0:00
350,Lindenwood,OVC,-18.36,95.4,343,113.8,349,68.5,193,11/27/24 0:00
351,Houston Christian,Slnd,-18.45,95.3,344,113.7,347,67.9,233,11/27/24 0:00
352,Alabama A&M,SWAC,-18.68,95.1,345,113.8,348,71.6,47,11/27/24 0:00
353,Florida A&M,SWAC,-18.77,92.7,358,111.5,315,69.5,138,11/27/24 0:00
354,Mercyhurst,NEC,-18.87,94.5,351,113.4,340,65.3,341,11/27/24 0:00
355,Alcorn St.,SWAC,-18.93,95,348,113.9,350,65.5,338,11/27/24 0:00
356,Canisius,MAAC,-19.79,99.1,287,118.9,363,67.4,257,11/27/24 0:00
357,IU Indy,Horz,-19.81,98.2,307,118,362,67.6,244,11/27/24 0:00
358,New Hampshire,AE,-19.97,91.4,362,111.4,310,68.4,200,11/27/24 0:00
359,NJIT,AE,-20.1,91.5,361,111.6,318,66.2,312,11/27/24 0:00
360,Maryland Eastern Shore,MEAC,-21.25,94.7,350,115.9,358,68.1,220,11/27/24 0:00
,,,,,Strength of Schedule,NCSOS,,,,11/27/24 0:00
Rk,Team,Conf,NetRtg,ORtg,DRtg,AdjT,Luck,NetRtg,ORtg,11/27/24 0:00
361,Chicago St.,NEC,-21.47,91.8,360,113.2,338,70.3,93,11/27/24 0:00
362,Arkansas Pine Bluff,SWAC,-23.23,95.7,341,119,364,71.7,45,11/27/24 0:00
363,Coppin St.,MEAC,-25.66,86.1,364,111.8,323,68.6,185,11/27/24 0:00
364,Mississippi Valley St.,SWAC,-27.67,87.3,363,114.9,355,66.1,317,11/27/24 0:00
1,Auburn,SEC,32.24,125.1,1,92.8,7,69.1,164,11/28/24 0:00
2,Tennessee,SEC,30.8,119.5,8,88.7,2,66.5,304,11/28/24 0:00
3,Houston,B12,29.68,118.6,14,88.9,3,64.5,354,11/28/24 0:00
4,Duke,ACC,29.57,118.2,15,88.7,1,67.8,237,11/28/24 0:00
5,Gonzaga,WCC,28.13,123.9,2,95.7,27,70.5,81,11/28/24 0:00
6,Iowa St.,B12,27.23,121.1,4,93.9,12,70.2,96,11/28/24 0:00
7,Kansas,B12,25.01,119,10,94,14,70.6,78,11/28/24 0:00
8,Alabama,SEC,24.78,122.8,3,98,53,73.7,8,11/28/24 0:00
9,Cincinnati,B12,24.31,117.1,25,92.8,5,67.3,257,11/28/24 0:00
10,Marquette,BE,23.8,117.2,23,93.4,10,70,113,11/28/24 0:00
11,Kentucky,SEC,22.87,118.6,13,95.7,28,73.4,12,11/28/24 0:00
12,Pittsburgh,ACC,22.61,117.3,21,94.7,19,68.8,180,11/28/24 0:00
13,Purdue,B10,22.27,118.9,11,96.6,32,66.5,302,11/28/24 0:00
14,St. John's,BE,22.09,116.4,29,94.3,16,69.7,123,11/28/24 0:00
15,Florida,SEC,21.97,119.4,9,97.5,45,70.3,93,11/28/24 0:00
16,Ohio St.,B10,21.94,117.1,24,95.2,22,69.1,161,11/28/24 0:00
17,North Carolina,ACC,21.87,120.6,6,98.7,61,73.7,9,11/28/24 0:00
18,UCLA,B10,21.82,114,42,92.2,4,67.3,256,11/28/24 0:00
19,Michigan,B10,21.75,114.6,40,92.8,6,69.9,117,11/28/24 0:00
20,Arizona,B12,21.66,116.5,28,94.8,20,73.8,5,11/28/24 0:00
21,Baylor,B12,21.19,120.7,5,99.5,69,66.6,297,11/28/24 0:00
22,Illinois,B10,21.03,115.5,35,94.5,18,72.3,29,11/28/24 0:00
23,Texas Tech,B12,20.87,118.1,17,97.2,37,67.2,264,11/28/24 0:00
24,Oregon,B10,20.64,117.5,18,96.9,34,68.9,172,11/28/24 0:00
25,Dayton,A10,20.39,118.2,16,97.8,47,67.8,236,11/28/24 0:00
26,Mississippi St.,SEC,20.18,116.7,27,96.6,31,69.4,142,11/28/24 0:00
27,Clemson,ACC,20.13,115.4,36,95.3,23,66.8,290,11/28/24 0:00
28,Connecticut,BE,19.99,120.5,7,100.5,84,66.3,308,11/28/24 0:00
29,Texas A&M,SEC,19.89,115.6,33,95.7,26,67.2,265,11/28/24 0:00
30,Wisconsin,B10,19.81,118.8,12,99,63,69.1,159,11/28/24 0:00
31,BYU,B12,19.45,117.3,22,97.8,49,69.7,124,11/28/24 0:00
32,Texas,SEC,19.29,113.2,47,93.9,13,68.1,225,11/28/24 0:00
33,Memphis,Amer,18.88,117.4,19,98.5,60,70,106,11/28/24 0:00
34,Maryland,B10,18.48,114,43,95.5,25,68.9,174,11/28/24 0:00
35,Nevada,MWC,17.6,116,30,98.4,56,65.2,343,11/28/24 0:00
36,Arkansas,SEC,17.46,110.4,83,93,8,71.6,44,11/28/24 0:00
37,Penn St.,B10,17.4,115.6,34,98.2,54,72.7,22,11/28/24 0:00
38,Michigan St.,B10,17.13,111.6,63,94.4,17,68.4,206,11/28/24 0:00
39,Louisville,ACC,16.75,111.9,58,95.2,21,72.1,34,11/28/24 0:00
40,VCU,A10,16.59,110.7,80,94.1,15,68.6,189,11/28/24 0:00
,,,,,Strength of Schedule,NCSOS,,,,11/28/24 0:00
Rk,Team,Conf,NetRtg,ORtg,DRtg,AdjT,Luck,NetRtg,ORtg,11/28/24 0:00
41,Saint Mary's,WCC,16.15,116.9,26,100.8,88,65,349,11/28/24 0:00
42,San Diego St.,MWC,15.26,109.1,106,93.9,11,66.9,280,11/28/24 0:00
43,Iowa,B10,15.24,113.7,45,98.5,59,72.6,25,11/28/24 0:00
44,Utah St.,MWC,15.23,114.8,37,99.5,71,71.3,59,11/28/24 0:00
45,Utah,B12,15.17,112.3,53,97.2,36,71.3,58,11/28/24 0:00
46,Oklahoma,SEC,15.08,112.3,55,97.3,39,69.2,154,11/28/24 0:00
47,Boise St.,MWC,15.05,114.3,41,99.3,67,69.4,147,11/28/24 0:00
48,Mississippi,SEC,14.79,114.7,38,99.9,78,68.1,228,11/28/24 0:00
49,Creighton,BE,14.52,112.3,54,97.8,50,70.2,95,11/28/24 0:00
50,LSU,SEC,14.33,112.7,51,98.3,55,68.9,176,11/28/24 0:00
51,Nebraska,B10,14.16,110,91,95.8,29,70.1,103,11/28/24 0:00
52,New Mexico,MWC,14.03,110.7,79,96.7,33,75.5,1,11/28/24 0:00
53,Missouri,SEC,14.02,113.9,44,99.8,76,69.2,158,11/28/24 0:00
54,Xavier,BE,14.01,112.5,52,98.5,58,69.7,127,11/28/24 0:00
55,N.C. State,ACC,13.72,111.5,64,97.8,48,70.7,73,11/28/24 0:00
56,Georgia,SEC,13.59,111.6,62,98,52,68.9,171,11/28/24 0:00
57,West Virginia,B12,13.54,110.8,78,97.3,40,69.1,165,11/28/24 0:00
58,Villanova,BE,13.46,115.7,32,102.2,103,66.1,316,11/28/24 0:00
59,Florida St.,ACC,13.44,108.7,114,95.3,24,72.4,26,11/28/24 0:00
60,Indiana,B10,13.22,111.1,71,97.9,51,70.5,84,11/28/24 0:00
61,TCU,B12,12.78,109.8,95,97,35,69.5,134,11/28/24 0:00
62,Northwestern,B10,12.74,109.2,103,96.4,30,65.6,338,11/28/24 0:00
63,UC Irvine,BW,12.55,109.9,92,97.4,41,70.3,91,11/28/24 0:00
64,SMU,ACC,12.53,115.7,31,103.2,122,70,111,11/28/24 0:00
65,San Francisco,WCC,12.46,111.2,70,98.8,62,68.1,227,11/28/24 0:00
66,Liberty,CUSA,12.4,109.6,98,97.2,38,64.1,359,11/28/24 0:00
67,Arizona St.,B12,11.89,111.1,73,99.2,66,69.7,125,11/28/24 0:00
68,Kansas St.,B12,11.54,110,90,98.4,57,68.6,188,11/28/24 0:00
69,Butler,BE,11.28,111.4,65,100.2,81,67.7,241,11/28/24 0:00
70,Notre Dame,ACC,10.82,112.9,49,102.1,99,66.6,300,11/28/24 0:00
71,Providence,BE,10.73,108.2,122,97.4,44,66.3,311,11/28/24 0:00
72,Rutgers,B10,10.72,111.4,66,100.6,86,70.3,92,11/28/24 0:00
73,Wichita St.,Amer,10.32,110.3,86,99.9,80,71.2,61,11/28/24 0:00
74,Miami FL,ACC,10.29,117.4,20,107.1,205,66.9,281,11/28/24 0:00
75,North Texas,Amer,10.27,107.7,131,97.5,46,63.5,361,11/28/24 0:00
76,Stanford,ACC,10.23,111,74,100.8,90,67.2,266,11/28/24 0:00
77,Vanderbilt,SEC,10.12,113.5,46,103.4,127,71.1,62,11/28/24 0:00
78,Drake,MVC,9.96,109.9,93,99.9,79,66.1,321,11/28/24 0:00
79,South Carolina,SEC,9.8,109.4,100,99.6,72,67.5,247,11/28/24 0:00
80,Loyola Chicago,A10,9.77,108.9,109,99.1,65,69.6,130,11/28/24 0:00
,,,,,Strength of Schedule,NCSOS,,,,11/28/24 0:00
Rk,Team,Conf,NetRtg,ORtg,DRtg,AdjT,Luck,NetRtg,ORtg,11/28/24 0:00
81,USC,B10,9.63,112.9,50,103.3,125,68.7,185,11/28/24 0:00
82,UCF,B12,9.54,109.7,97,100.2,82,70.6,79,11/28/24 0:00
83,Colorado,B12,9.3,109.5,99,100.2,83,68.2,221,11/28/24 0:00
84,Grand Canyon,WAC,8.82,111,75,102.2,100,71.8,40,11/28/24 0:00
85,McNeese,Slnd,8.64,110.1,89,101.5,94,67.1,269,11/28/24 0:00
86,Bradley,MVC,8.56,113.1,48,104.5,159,66.7,293,11/28/24 0:00
87,Rhode Island,A10,8.55,111.3,67,102.8,114,72.2,32,11/28/24 0:00
88,Louisiana Tech,CUSA,8.53,110.3,85,101.8,97,67,276,11/28/24 0:00
89,Washington,B10,8.46,105.9,163,97.4,42,69.9,116,11/28/24 0:00
90,Minnesota,B10,8.32,105.7,165,97.4,43,63.8,360,11/28/24 0:00
91,Oregon St.,WCC,8.3,108,124,99.7,74,65.6,335,11/28/24 0:00
92,UNLV,MWC,8.14,111.2,69,103.1,121,67.9,235,11/28/24 0:00
93,Saint Joseph's,A10,8.13,108.9,110,100.8,87,70.3,88,11/28/24 0:00
94,George Mason,A10,7.95,107.8,130,99.8,75,67,275,11/28/24 0:00
95,Florida Atlantic,Amer,7.9,111.9,60,104,140,72.1,36,11/28/24 0:00
96,Oklahoma St.,B12,7.64,109.1,108,101.4,93,72.6,23,11/28/24 0:00
97,UC San Diego,BW,7.51,109.2,104,101.7,96,66.6,299,11/28/24 0:00
98,Murray St.,MVC,7.43,110.9,77,103.5,129,67.2,267,11/28/24 0:00
99,Wake Forest,ACC,7.42,107.3,137,99.9,77,68.4,200,11/28/24 0:00
100,Yale,Ivy,7.15,114.7,39,107.5,214,67.9,234,11/28/24 0:00
101,Syracuse,ACC,6.94,111.2,68,104.3,153,70.9,68,11/28/24 0:00
102,Arkansas St.,SB,6.83,107.3,136,100.5,85,69.5,136,11/28/24 0:00
103,Santa Clara,WCC,6.79,110.4,84,103.6,134,69.4,148,11/28/24 0:00
104,Washington St.,WCC,6.64,108.9,111,102.2,104,71.5,45,11/28/24 0:00
105,Georgetown,BE,6.54,109.1,107,102.5,111,68.6,187,11/28/24 0:00
106,St. Bonaventure,A10,6.34,108.5,117,102.2,102,66.8,291,11/28/24 0:00
107,Seton Hall,BE,6.26,99.3,285,93,9,64.2,356,11/28/24 0:00
108,DePaul,BE,5.89,109.1,105,103.2,124,68.3,210,11/28/24 0:00
109,Virginia,ACC,5.67,105.3,170,99.7,73,62.6,363,11/28/24 0:00
110,Boston College,ACC,5.42,106.5,152,101,91,67.1,271,11/28/24 0:00
111,Georgia Tech,ACC,5.35,108,125,102.6,113,72.2,33,11/28/24 0:00
112,Troy,SB,5.24,104.8,180,99.5,70,69,169,11/28/24 0:00
113,Colorado St.,MWC,5.18,107.1,142,101.9,98,67.5,246,11/28/24 0:00
114,Princeton,Ivy,4.86,112,56,107.2,206,68,230,11/28/24 0:00
115,Northern Iowa,MVC,4.65,108.6,116,104,141,66.9,285,11/28/24 0:00
116,Temple,Amer,4.64,109.3,102,104.7,162,69.2,155,11/28/24 0:00
117,Sam Houston St.,CUSA,4.57,109.4,101,104.8,165,69.9,114,11/28/24 0:00
118,UC Santa Barbara,BW,4.29,108.8,112,104.5,157,66.8,292,11/28/24 0:00
119,Furman,SC,4.27,105.1,176,100.8,89,67.4,251,11/28/24 0:00
120,California,ACC,4.18,107.8,129,103.7,135,70.7,72,11/28/24 0:00
,,,,,Strength of Schedule,NCSOS,,,,11/28/24 0:00
Rk,Team,Conf,NetRtg,ORtg,DRtg,AdjT,Luck,NetRtg,ORtg,11/28/24 0:00
121,South Dakota St.,Sum,3.56,108.5,118,104.9,167,70.3,86,11/28/24 0:00
122,UAB,Amer,3.32,111.9,59,108.6,249,70.7,71,11/28/24 0:00
123,Western Kentucky,CUSA,3.27,102.4,230,99.1,64,73.2,16,11/28/24 0:00
124,Davidson,A10,3.2,109.8,94,106.6,198,68.9,178,11/28/24 0:00
125,Seattle,WAC,2.84,106.4,153,103.6,133,67.7,240,11/28/24 0:00
126,Lipscomb,ASun,2.76,107,145,104.3,152,68.5,197,11/28/24 0:00
127,Kent St.,MAC,2.69,105.7,166,103,120,66.4,306,11/28/24 0:00
128,UMass Lowell,AE,2.53,111.1,72,108.6,248,71.2,60,11/28/24 0:00
129,Purdue Fort Wayne,Horz,2.53,110.9,76,108.4,242,69.5,135,11/28/24 0:00
130,Akron,MAC,2.52,108.7,115,106.2,191,70.2,100,11/28/24 0:00
131,East Tennessee St.,SC,2.48,107.9,127,105.4,177,67.5,245,11/28/24 0:00
132,George Washington,A10,2.42,107.4,135,105,170,70.7,74,11/28/24 0:00
133,Samford,SC,2.31,112,57,109.7,281,73.6,10,11/28/24 0:00
134,Saint Louis,A10,2.2,109.8,96,107.6,215,71.5,46,11/28/24 0:00
135,Northern Colorado,BSky,2.14,108,126,105.8,187,71,64,11/28/24 0:00
136,East Carolina,Amer,2.05,106.2,157,104.1,149,65.8,329,11/28/24 0:00
137,Virginia Tech,ACC,2.04,104.5,184,102.4,108,66.9,282,11/28/24 0:00
138,High Point,BSth,1.99,111.8,61,109.8,285,65.4,340,11/28/24 0:00
139,La Salle,A10,1.96,105.8,164,103.8,138,70.3,90,11/28/24 0:00
140,Wright St.,Horz,1.91,108.7,113,106.8,203,68.3,213,11/28/24 0:00
141,Columbia,Ivy,1.77,110.2,87,108.5,244,69.1,160,11/28/24 0:00
142,Towson,CAA,1.76,104.1,193,102.3,106,65.7,331,11/28/24 0:00
143,Belmont,MVC,1.71,108.4,119,106.7,200,71,65,11/28/24 0:00
144,Charleston,CAA,1.65,106.6,150,105,169,70.9,67,11/28/24 0:00
145,James Madison,SB,1.58,108.3,120,106.7,201,67.5,250,11/28/24 0:00
146,Montana St.,BSky,1.56,107.2,139,105.7,182,68.2,215,11/28/24 0:00
147,Utah Valley,WAC,1.56,104.4,186,102.8,116,70.6,75,11/28/24 0:00
148,South Florida,Amer,1.53,107.2,140,105.7,183,69.9,115,11/28/24 0:00
149,Texas St.,SB,1.51,105.1,175,103.6,131,67.1,272,11/28/24 0:00
150,Norfolk St.,MEAC,1.05,106.1,159,105,172,66.8,288,11/28/24 0:00
151,Loyola Marymount,WCC,0.82,104.8,179,104,142,68.1,226,11/28/24 0:00
152,Southern Illinois,MVC,0.67,103.2,209,102.5,112,71.5,47,11/28/24 0:00
153,Toledo,MAC,0.62,110.7,81,110,287,71.1,63,11/28/24 0:00
154,Middle Tennessee,CUSA,0.48,105.2,173,104.7,163,69,167,11/28/24 0:00
155,Marshall,SB,0.35,103.6,204,103.2,123,70,107,11/28/24 0:00
156,St. Thomas,Sum,0.32,106.8,148,106.5,195,67.9,233,11/28/24 0:00
157,Jacksonville,ASun,0.13,103.7,201,103.6,132,68.6,186,11/28/24 0:00
158,New Mexico St.,CUSA,0.07,103.5,208,103.4,128,67.2,263,11/28/24 0:00
159,Northeastern,CAA,0.05,103.5,206,103.5,130,67.5,249,11/28/24 0:00
160,Massachusetts,A10,0.01,104.1,191,104.1,148,70.4,85,11/28/24 0:00
,,,,,Strength of Schedule,NCSOS,,,,11/28/24 0:00
Rk,Team,Conf,NetRtg,ORtg,DRtg,AdjT,Luck,NetRtg,ORtg,11/28/24 0:00
161,Hofstra,CAA,0.01,104,195,104,143,66.1,315,11/28/24 0:00
162,Vermont,AE,-0.01,102.8,218,102.8,115,64.4,355,11/28/24 0:00
163,UC Riverside,BW,-0.23,104.7,182,104.9,168,69,166,11/28/24 0:00
164,Appalachian St.,SB,-0.3,102.2,235,102.5,110,66.3,309,11/28/24 0:00
165,Elon,CAA,-0.39,107.9,128,108.3,237,67,274,11/28/24 0:00
166,Winthrop,BSth,-0.43,102.4,228,102.9,117,72.2,31,11/28/24 0:00
167,Wofford,SC,-0.49,110.5,82,111,301,65.3,342,11/28/24 0:00
168,Cal Baptist,WAC,-0.52,108.3,121,108.8,257,65.8,328,11/28/24 0:00
169,Kennesaw St.,CUSA,-0.52,107.1,143,107.6,218,73.8,7,11/28/24 0:00
170,UNC Greensboro,SC,-0.78,102.5,227,103.3,126,66.6,296,11/28/24 0:00
171,UTEP,CUSA,-0.8,101.4,244,102.2,101,70,109,11/28/24 0:00
172,CSUN,BW,-0.81,104.2,190,105,171,73.3,14,11/28/24 0:00
173,Jacksonville St.,CUSA,-0.85,106.5,151,107.4,212,66.9,286,11/28/24 0:00
174,Chattanooga,SC,-0.87,107.6,133,108.4,243,69,168,11/28/24 0:00
175,Radford,BSth,-0.96,107.2,141,108.1,233,65.2,344,11/28/24 0:00
176,Milwaukee,Horz,-1.12,106.7,149,107.8,223,70.3,87,11/28/24 0:00
177,North Florida,ASun,-1.34,110.1,88,111.4,313,69.9,119,11/28/24 0:00
178,Ohio,MAC,-1.39,108.2,123,109.5,277,70.3,94,11/28/24 0:00
179,Rice,Amer,-1.42,103.1,211,104.5,158,66.5,305,11/28/24 0:00
180,Longwood,BSth,-1.54,102.5,225,104.1,147,69.4,144,11/28/24 0:00
181,Missouri St.,MVC,-1.56,100.7,261,102.3,105,68.1,224,11/28/24 0:00
182,UC Davis,BW,-1.65,99.6,280,101.2,92,72.2,30,11/28/24 0:00
183,Hawaii,BW,-1.68,104.2,189,105.9,190,65.9,327,11/28/24 0:00
184,UT Arlington,WAC,-1.69,107.3,138,108.9,261,71.3,57,11/28/24 0:00
185,UT Rio Grande Valley,Slnd,-1.71,107.5,134,109.2,266,71.7,41,11/28/24 0:00
186,Cornell,Ivy,-1.74,106.9,146,108.7,252,72.6,24,11/28/24 0:00
187,Miami OH,MAC,-1.85,104,194,105.9,189,69.4,146,11/28/24 0:00
188,Central Michigan,MAC,-1.85,102,238,103.8,137,68.9,177,11/28/24 0:00
189,Drexel,CAA,-1.87,106.3,155,108.2,235,65,348,11/28/24 0:00
190,Southern Utah,WAC,-1.88,106,160,107.9,227,69.1,163,11/28/24 0:00
191,Bryant,AE,-1.99,104.5,185,106.5,194,73.3,15,11/28/24 0:00
192,North Alabama,ASun,-2,106.2,158,108.2,234,68.6,191,11/28/24 0:00
193,Richmond,A10,-2.13,101.7,241,103.8,136,67,279,11/28/24 0:00
194,Little Rock,OVC,-2.26,102.4,231,104.6,161,68.5,195,11/28/24 0:00
195,Gardner Webb,BSth,-2.42,102.6,221,105,173,70.2,99,11/28/24 0:00
196,Illinois St.,MVC,-2.48,105.2,172,107.7,220,66.8,289,11/28/24 0:00
197,South Alabama,SB,-2.65,102.6,220,105.3,175,66.1,320,11/28/24 0:00
198,William & Mary,CAA,-2.77,107.7,132,110.4,294,72.1,37,11/28/24 0:00
199,Florida Gulf Coast,ASun,-2.79,101.3,248,104,144,64.7,351,11/28/24 0:00
200,Montana,BSky,-2.81,105.3,171,108.1,232,69.1,162,11/28/24 0:00
,,,,,Strength of Schedule,NCSOS,,,,11/28/24 0:00
Rk,Team,Conf,NetRtg,ORtg,DRtg,AdjT,Luck,NetRtg,ORtg,11/28/24 0:00
201,Illinois Chicago,MVC,-2.82,106,162,108.8,258,71.5,49,11/28/24 0:00
202,UNC Asheville,BSth,-2.94,106.4,154,109.4,272,67.9,232,11/28/24 0:00
203,Texas A&M Corpus Chris,Slnd,-3.05,106.2,156,109.3,269,71.4,54,11/28/24 0:00
204,Charlotte,Amer,-3.07,104.8,181,107.8,226,65.1,347,11/28/24 0:00
205,Eastern Kentucky,ASun,-3.2,105.6,167,108.8,259,68.7,184,11/28/24 0:00
206,Saint Peter's,MAAC,-3.32,100.7,260,104.1,145,64.2,357,11/28/24 0:00
207,Stephen F. Austin,Slnd,-3.42,95.9,339,99.3,68,67.5,248,11/28/24 0:00
208,Northern Kentucky,Horz,-3.43,99,291,102.5,109,67.2,260,11/28/24 0:00
209,Fordham,A10,-3.62,102.2,234,105.8,188,69.6,129,11/28/24 0:00
210,UNC Wilmington,CAA,-3.67,105.5,169,109.2,267,68,231,11/28/24 0:00
211,Maine,AE,-3.68,98.8,293,102.4,107,68.5,199,11/28/24 0:00
212,Wyoming,MWC,-3.79,101.3,246,105.1,174,67.6,243,11/28/24 0:00
213,Georgia Southern,SB,-3.83,101.7,242,105.5,180,74.2,3,11/28/24 0:00
214,Tulsa,Amer,-3.85,102.8,216,106.7,199,69.4,141,11/28/24 0:00
215,Nicholls,Slnd,-3.98,101.8,239,105.8,185,68.3,214,11/28/24 0:00
216,Austin Peay,ASun,-3.99,100.4,266,104.4,156,65.1,345,11/28/24 0:00
217,Indiana St.,MVC,-4.27,104.8,178,109.1,262,73.8,6,11/28/24 0:00
218,Colgate,PL,-4.4,101.1,253,105.5,179,67.3,254,11/28/24 0:00
219,Tulane,Amer,-4.46,102.9,214,107.3,211,69.4,145,11/28/24 0:00
220,Georgia St.,SB,-4.54,103.1,212,107.7,219,69.2,156,11/28/24 0:00
221,Brown,Ivy,-4.6,105,177,109.6,278,66.6,298,11/28/24 0:00
222,Grambling St.,SWAC,-4.62,100.7,259,105.4,176,68.5,196,11/28/24 0:00
223,Quinnipiac,MAAC,-4.71,98.2,306,102.9,118,71.4,56,11/28/24 0:00
224,Bucknell,PL,-4.75,100.1,273,104.8,164,68.9,170,11/28/24 0:00
225,Delaware,CAA,-4.83,104.1,192,108.9,260,72.1,35,11/28/24 0:00
226,Oakland,Horz,-4.88,101.6,243,106.5,196,65.3,341,11/28/24 0:00
227,Abilene Christian,WAC,-4.9,102.6,223,107.5,213,68.2,222,11/28/24 0:00
228,Idaho St.,BSky,-5.11,101.1,251,106.2,192,65.9,325,11/28/24 0:00
229,Weber St.,BSky,-5.12,103.6,202,108.7,255,67.7,238,11/28/24 0:00
230,Presbyterian,BSth,-5.15,103.6,203,108.7,256,65.7,333,11/28/24 0:00
231,North Dakota St.,Sum,-5.38,107,144,112.4,329,65.6,336,11/28/24 0:00
232,Duquesne,A10,-5.43,98.7,295,104.1,150,68.3,208,11/28/24 0:00
233,Southeastern Louisiana,Slnd,-5.48,99.4,283,104.9,166,68.9,173,11/28/24 0:00
234,Cleveland St.,Horz,-5.49,97.4,316,102.9,119,68.2,217,11/28/24 0:00
235,Albany,AE,-5.5,102.1,236,107.6,216,70.2,98,11/28/24 0:00
236,Alabama St.,SWAC,-5.53,102.8,217,108.3,239,70.2,97,11/28/24 0:00
237,San Jose St.,MWC,-5.55,103.6,205,109.1,264,65.4,339,11/28/24 0:00
238,Robert Morris,Horz,-5.7,98.7,294,104.4,155,68.4,204,11/28/24 0:00
239,Kansas City,Sum,-5.75,100,275,105.7,184,67.3,258,11/28/24 0:00
240,Valparaiso,MVC,-5.99,104.3,188,110.3,292,69.4,140,11/28/24 0:00
,,,,,Strength of Schedule,NCSOS,,,,11/28/24 0:00
Rk,Team,Conf,NetRtg,ORtg,DRtg,AdjT,Luck,NetRtg,ORtg,11/28/24 0:00
241,Mercer,SC,-6.07,103.2,210,109.3,271,72,38,11/28/24 0:00
242,Merrimack,MAAC,-6.27,95.3,344,101.6,95,67,273,11/28/24 0:00
243,Marist,MAAC,-6.32,101.7,240,108,230,66.1,318,11/28/24 0:00
244,American,PL,-6.35,104.6,183,110.9,300,64.2,358,11/28/24 0:00
245,Rider,MAAC,-6.5,100,276,106.5,193,66,324,11/28/24 0:00
246,Cal Poly,BW,-6.6,101.2,250,107.8,222,73.4,11,11/28/24 0:00
247,Portland St.,BSky,-6.64,102.8,215,109.5,275,72.9,18,11/28/24 0:00
248,Boston University,PL,-6.74,100.5,264,107.2,208,66.1,322,11/28/24 0:00
249,South Dakota,Sum,-6.82,106.8,147,113.6,345,73.3,13,11/28/24 0:00
250,Cal St. Bakersfield,BW,-6.84,102.6,224,109.4,274,65.1,346,11/28/24 0:00
251,Evansville,MVC,-6.85,102.3,232,109.2,265,70,112,11/28/24 0:00
252,FIU,CUSA,-6.99,97.2,318,104.2,151,71.4,52,11/28/24 0:00
253,Army,PL,-7.62,104,196,111.6,317,66.7,294,11/28/24 0:00
254,Howard,MEAC,-7.7,103.8,200,111.5,316,67.2,259,11/28/24 0:00
255,Green Bay,Horz,-7.73,105.6,168,113.3,339,70.9,66,11/28/24 0:00
256,UTSA,Amer,-7.76,102.4,229,110.2,291,72.8,19,11/28/24 0:00
257,Eastern Washington,BSky,-7.93,103.5,207,111.4,311,70.5,83,11/28/24 0:00
258,Youngstown St.,Horz,-8.05,96,337,104.1,146,69.5,137,11/28/24 0:00
259,UMBC,AE,-8.06,105.1,174,113.2,337,71.5,50,11/28/24 0:00
260,Fresno St.,MWC,-8.14,96.3,333,104.4,154,74.7,2,11/28/24 0:00
261,North Carolina A&T,CAA,-8.15,101.3,245,109.5,276,73.1,17,11/28/24 0:00
262,Hampton,CAA,-8.23,100.9,255,109.1,263,65.7,330,11/28/24 0:00
263,Iona,MAAC,-8.26,99,292,107.2,207,69.5,133,11/28/24 0:00
264,SIUE,OVC,-8.26,98.6,297,106.8,202,67.2,262,11/28/24 0:00
265,Southern,SWAC,-8.28,97.2,321,105.5,178,68.8,182,11/28/24 0:00
266,Harvard,Ivy,-8.31,99.6,279,107.9,228,68.2,220,11/28/24 0:00
267,Southern Miss,SB,-8.35,100,274,108.4,241,72.4,27,11/28/24 0:00
268,Louisiana,SB,-8.39,104,197,112.4,328,69.9,118,11/28/24 0:00
269,Central Connecticut,NEC,-8.4,97.2,320,105.6,181,66.2,314,11/28/24 0:00
270,Mount St. Mary's,MAAC,-8.41,98.5,298,106.9,204,68,229,11/28/24 0:00
271,Lafayette,PL,-8.43,99.3,284,107.8,221,66.3,312,11/28/24 0:00
272,Northwestern St.,Slnd,-8.47,100.1,272,108.6,247,66.7,295,11/28/24 0:00
273,Sacramento St.,BSky,-8.79,97.7,312,106.5,197,66.5,301,11/28/24 0:00
274,Queens,ASun,-8.84,98.5,301,107.3,210,71.5,48,11/28/24 0:00
275,Air Force,MWC,-8.86,102.5,226,111.4,309,62.8,362,11/28/24 0:00
276,Pacific,WCC,-9,99.7,277,108.7,254,69.3,151,11/28/24 0:00
277,Cal St. Fullerton,BW,-9.15,98.1,307,107.3,209,66.3,313,11/28/24 0:00
278,Northern Arizona,BSky,-9.15,102.2,233,111.4,308,66.9,284,11/28/24 0:00
279,North Carolina Central,MEAC,-9.2,104,198,113.2,336,67,277,11/28/24 0:00
280,North Dakota,Sum,-9.23,100.4,267,109.7,280,69.4,139,11/28/24 0:00
,,,,,Strength of Schedule,NCSOS,,,,11/28/24 0:00
Rk,Team,Conf,NetRtg,ORtg,DRtg,AdjT,Luck,NetRtg,ORtg,11/28/24 0:00
281,Pepperdine,WCC,-9.24,100.5,265,109.7,284,68.5,194,11/28/24 0:00
282,Bethune Cookman,SWAC,-9.27,96.5,325,105.8,186,70.6,80,11/28/24 0:00
283,Oral Roberts,Sum,-9.29,103.9,199,113.2,338,70.2,101,11/28/24 0:00
284,Bowling Green,MAC,-9.34,103,213,112.4,327,69.6,128,11/28/24 0:00
285,Incarnate Word,Slnd,-9.47,106,161,115.4,356,68.2,216,11/28/24 0:00
286,Ball St.,MAC,-9.47,99.1,288,108.6,250,68.3,207,11/28/24 0:00
287,Southern Indiana,OVC,-9.52,100.8,257,110.3,293,68.3,212,11/28/24 0:00
288,Nebraska Omaha,Sum,-9.71,102,237,111.7,318,68.6,193,11/28/24 0:00
289,Penn,Ivy,-9.71,104.4,187,114.1,351,65.6,334,11/28/24 0:00
290,Lamar,Slnd,-9.72,101.1,254,110.8,299,68.8,181,11/28/24 0:00
291,Eastern Michigan,MAC,-9.74,98.5,299,108.2,236,67.7,239,11/28/24 0:00
292,San Diego,WCC,-9.88,94.7,350,104.6,160,72.8,20,11/28/24 0:00
293,Texas Southern,SWAC,-9.89,98.2,304,108.1,231,70.1,102,11/28/24 0:00
294,Western Carolina,SC,-10.01,97.8,311,107.8,225,70.6,77,11/28/24 0:00
295,Campbell,CAA,-10.04,98.2,303,108.3,238,67.3,255,11/28/24 0:00
296,Utah Tech,WAC,-10.19,99.5,281,109.7,283,69.3,149,11/28/24 0:00
297,Fairfield,MAAC,-10.35,98.3,302,108.6,251,67.4,253,11/28/24 0:00
298,Tarleton St.,WAC,-10.62,97.2,319,107.8,224,68.8,183,11/28/24 0:00
299,Lehigh,PL,-10.71,102.7,219,113.4,342,68.4,203,11/28/24 0:00
300,Monmouth,CAA,-10.76,100.6,262,111.3,307,69.3,150,11/28/24 0:00
301,Coastal Carolina,SB,-10.79,98.5,300,109.3,270,64.6,353,11/28/24 0:00
302,South Carolina St.,MEAC,-10.86,97.5,315,108.3,240,69.4,143,11/28/24 0:00
303,Western Michigan,MAC,-10.88,100.2,271,111,302,68.2,219,11/28/24 0:00
304,Tennessee St.,OVC,-10.91,99.2,287,110.1,290,72.3,28,11/28/24 0:00
305,Manhattan,MAAC,-11.43,100.6,263,112,322,69.7,126,11/28/24 0:00
306,Morehead St.,OVC,-11.48,98.1,308,109.6,279,67,278,11/28/24 0:00
307,Tennessee Tech,OVC,-11.5,100.4,268,111.9,321,68.3,209,11/28/24 0:00
308,Siena,MAAC,-11.52,96.5,326,108,229,66.3,307,11/28/24 0:00
309,Wagner,NEC,-11.57,92.3,360,103.9,139,62.6,364,11/28/24 0:00
310,Portland,WCC,-11.88,97.8,310,109.7,282,70.8,69,11/28/24 0:00
311,Southeast Missouri,OVC,-12.02,96.4,327,108.5,245,71.4,51,11/28/24 0:00
312,Navy,PL,-12.17,100.8,258,112.9,333,68.4,202,11/28/24 0:00
313,Idaho,BSky,-12.37,101.3,247,113.6,344,66.3,310,11/28/24 0:00
314,Detroit Mercy,Horz,-12.4,96.1,334,108.5,246,67.2,268,11/28/24 0:00
315,Bellarmine,ASun,-12.45,101.1,252,113.5,343,66.8,287,11/28/24 0:00
316,Niagara,MAAC,-12.69,101.2,249,113.9,348,66.9,283,11/28/24 0:00
317,LIU,NEC,-12.82,99.4,282,112.2,325,69.8,122,11/28/24 0:00
318,Holy Cross,PL,-12.94,102.6,222,115.5,357,66.1,317,11/28/24 0:00
319,Loyola MD,PL,-12.97,96.4,328,109.4,273,68.2,218,11/28/24 0:00
320,Charleston Southern,BSth,-13.15,97.6,313,110.7,297,70,110,11/28/24 0:00
,,,,,Strength of Schedule,NCSOS,,,,11/28/24 0:00
Rk,Team,Conf,NetRtg,ORtg,DRtg,AdjT,Luck,NetRtg,ORtg,11/28/24 0:00
321,Sacred Heart,MAAC,-13.35,100.3,269,113.7,346,69.3,152,11/28/24 0:00
322,Saint Francis,NEC,-13.52,96.4,330,109.9,286,69.8,120,11/28/24 0:00
323,Louisiana Monroe,SB,-13.6,95.1,347,108.7,253,68.4,205,11/28/24 0:00
324,Central Arkansas,ASun,-13.65,96.4,329,110.1,288,68.6,190,11/28/24 0:00
325,The Citadel,SC,-13.8,96.3,332,110.1,289,66.5,303,11/28/24 0:00
326,Western Illinois,OVC,-13.85,98.7,296,112.5,330,64.6,352,11/28/24 0:00
327,Tennessee Martin,OVC,-13.87,93.7,356,107.6,217,70.1,104,11/28/24 0:00
328,Buffalo,MAC,-13.98,99.7,278,113.7,347,71.4,55,11/28/24 0:00
329,Old Dominion,SB,-14.27,97,322,111.3,304,69.4,138,11/28/24 0:00
330,Stony Brook,CAA,-14.51,97.5,314,112,324,68.4,201,11/28/24 0:00
331,Denver,Sum,-14.87,96.9,323,111.8,319,70,108,11/28/24 0:00
332,Binghamton,AE,-14.93,98,309,112.9,334,66.1,319,11/28/24 0:00
333,Jackson St.,SWAC,-14.99,95.6,342,110.6,295,70.6,76,11/28/24 0:00
334,Stonehill,NEC,-15.04,94.2,353,109.2,268,67.1,270,11/28/24 0:00
335,Northern Illinois,MAC,-15.09,95.5,343,110.6,296,70,105,11/28/24 0:00
336,Eastern Illinois,OVC,-15.5,95.8,341,111.3,305,67.2,261,11/28/24 0:00
337,Morgan St.,MEAC,-15.57,97.3,317,112.9,332,71.7,43,11/28/24 0:00
338,Le Moyne,NEC,-15.6,95.8,340,111.4,312,69.2,157,11/28/24 0:00
339,Stetson,ASun,-15.71,99.1,290,114.8,354,69.3,153,11/28/24 0:00
340,West Georgia,ASun,-15.83,95.3,345,111.1,303,68.3,211,11/28/24 0:00
341,Long Beach St.,BW,-16.01,96.7,324,112.7,331,65.7,332,11/28/24 0:00
342,VMI,SC,-16.11,95.9,338,112,323,70.5,82,11/28/24 0:00
343,USC Upstate,BSth,-16.32,100.8,256,117.2,361,72.7,21,11/28/24 0:00
344,Prairie View A&M,SWAC,-16.74,99.1,289,115.9,358,73.9,4,11/28/24 0:00
345,Fairleigh Dickinson,NEC,-16.87,100.3,270,117.1,360,71.9,39,11/28/24 0:00
346,Dartmouth,Ivy,-17.09,93.7,357,110.8,298,69.8,121,11/28/24 0:00
347,New Orleans,Slnd,-17.24,96.1,335,113.3,340,70.8,70,11/28/24 0:00
348,Delaware St.,MEAC,-17.47,93.9,355,111.3,306,68.9,175,11/28/24 0:00
349,East Texas A&M,Slnd,-17.82,93.7,358,111.5,315,69.5,132,11/28/24 0:00
350,Lindenwood,OVC,-17.93,95.1,348,113,335,68.8,179,11/28/24 0:00
351,NJIT,AE,-18.28,94.1,354,112.4,326,65.9,326,11/28/24 0:00
352,Houston Christian,Slnd,-18.45,96,336,114.5,353,67.6,242,11/28/24 0:00
353,Florida A&M,SWAC,-18.6,92.8,359,111.4,310,69.5,131,11/28/24 0:00
354,Alabama A&M,SWAC,-18.91,95.1,346,114,350,71.7,42,11/28/24 0:00
355,Canisius,MAAC,-19.09,99.2,286,118.3,362,67.4,252,11/28/24 0:00
356,Alcorn St.,SWAC,-19.21,94.9,349,114.1,352,65.6,337,11/28/24 0:00
357,Mercyhurst,NEC,-19.7,94.2,352,113.9,349,64.9,350,11/28/24 0:00
358,New Hampshire,AE,-19.86,91.6,362,111.5,314,68.5,198,11/28/24 0:00
359,IU Indy,Horz,-20.1,98.2,305,118.3,363,67.6,244,11/28/24 0:00
360,Maryland Eastern Shore,MEAC,-21.49,94.5,351,116,359,68.2,223,11/28/24 0:00
,,,,,Strength of Schedule,NCSOS,,,,11/28/24 0:00
Rk,Team,Conf,NetRtg,ORtg,DRtg,AdjT,Luck,NetRtg,ORtg,11/28/24 0:00
361,Chicago St.,NEC,-21.7,91.7,361,113.4,341,70.3,89,11/28/24 0:00
362,Arkansas Pine Bluff,SWAC,-23.15,96.3,331,119.5,364,71.4,53,11/28/24 0:00
363,Coppin St.,MEAC,-25.59,86.2,364,111.8,320,68.6,192,11/28/24 0:00
364,Mississippi Valley St.,SWAC,-27.64,87.4,363,115,355,66,323,11/28/24 0:00
1,Auburn,SEC,32.32,125.2,1,92.8,6,69,160,11/29/24 0:00
2,Tennessee,SEC,30.91,119.6,9,88.7,2,66.5,297,11/29/24 0:00
3,Houston,B12,29.72,118.7,14,88.9,3,64.4,354,11/29/24 0:00
4,Duke,ACC,29.45,118.1,17,88.7,1,67.8,236,11/29/24 0:00
5,Gonzaga,WCC,28.68,124.1,2,95.4,26,70.9,67,11/29/24 0:00
6,Iowa St.,B12,27.24,121.2,4,93.9,11,70.1,94,11/29/24 0:00
7,Kansas,B12,25,119,11,94,13,70.5,78,11/29/24 0:00
8,Alabama,SEC,24.99,122.8,3,97.8,46,73.8,4,11/29/24 0:00
9,Cincinnati,B12,24.29,117.1,26,92.8,5,67.1,262,11/29/24 0:00
10,Marquette,BE,23.87,117.2,24,93.3,9,70,105,11/29/24 0:00
11,Purdue,B10,22.92,119.6,8,96.7,34,65.4,336,11/29/24 0:00
12,Florida,SEC,22.89,119.3,10,96.4,33,69.9,108,11/29/24 0:00
13,Kentucky,SEC,22.85,118.7,13,95.8,29,73.3,14,11/29/24 0:00
14,Pittsburgh,ACC,22.52,117.3,22,94.8,19,68.9,171,11/29/24 0:00
15,Illinois,B10,22.39,117.7,18,95.3,21,72,36,11/29/24 0:00
16,St. John's,BE,22.05,116.4,30,94.3,15,69.7,122,11/29/24 0:00
17,Ohio St.,B10,21.94,117.2,25,95.2,20,69,161,11/29/24 0:00
18,Mississippi St.,SEC,21.91,117.3,23,95.4,25,69.2,153,11/29/24 0:00
19,North Carolina,ACC,21.87,120.7,5,98.8,61,73.6,9,11/29/24 0:00
20,UCLA,B10,21.75,113.9,43,92.2,4,67.2,256,11/29/24 0:00
21,Michigan,B10,21.42,114.7,39,93.2,8,69.8,115,11/29/24 0:00
22,Baylor,B12,21.17,120.6,6,99.4,72,66.5,298,11/29/24 0:00
23,Texas Tech,B12,20.88,118.1,16,97.3,42,67.1,265,11/29/24 0:00
24,Oregon,B10,20.67,117.6,19,96.9,38,68.9,168,11/29/24 0:00
25,Arizona,B12,20.59,116.9,28,96.3,32,73.3,11,11/29/24 0:00
26,Dayton,A10,20.34,118.2,15,97.8,48,67.7,237,11/29/24 0:00
27,Clemson,ACC,20.13,115.5,37,95.3,22,66.7,289,11/29/24 0:00
28,Connecticut,BE,19.97,120.5,7,100.5,85,66.3,306,11/29/24 0:00
29,Texas A&M,SEC,19.9,115.7,34,95.8,28,67.1,267,11/29/24 0:00
30,Wisconsin,B10,19.68,118.7,12,99,64,69.1,156,11/29/24 0:00
31,Saint Mary's,WCC,19.55,117,27,97.4,43,64.7,349,11/29/24 0:00
32,Texas,SEC,19.28,113.3,48,94,12,68,226,11/29/24 0:00
33,Memphis,Amer,18.76,117.4,20,98.7,60,69.9,107,11/29/24 0:00
34,Maryland,B10,18.47,114,42,95.6,27,68.8,176,11/29/24 0:00
35,Nevada,MWC,17.89,116.3,31,98.4,55,65.1,344,11/29/24 0:00
36,BYU,B12,17.61,116.6,29,99,63,70.2,90,11/29/24 0:00
37,Louisville,ACC,17.56,112.3,56,94.8,18,71.2,59,11/29/24 0:00
38,Penn St.,B10,17.39,115.6,35,98.3,53,72.6,22,11/29/24 0:00
39,Michigan St.,B10,17.14,111.6,64,94.5,16,68.2,210,11/29/24 0:00
40,VCU,A10,16.63,110.7,78,94.1,14,68.5,187,11/29/24 0:00
,,,,,Strength of Schedule,NCSOS,,,,11/29/24 0:00
Rk,Team,Conf,NetRtg,ORtg,DRtg,AdjT,Luck,NetRtg,ORtg,11/29/24 0:00
41,Mississippi,SEC,16.36,115.6,36,99.2,68,68.4,196,11/29/24 0:00
42,Arkansas,SEC,16.24,111,75,94.7,17,71.3,54,11/29/24 0:00
43,Oklahoma,SEC,16.19,113.9,45,97.7,45,68.8,178,11/29/24 0:00
44,Utah,B12,15.33,112.5,53,97.2,40,71.3,56,11/29/24 0:00
45,San Diego St.,MWC,15.32,109.2,102,93.9,10,66.8,287,11/29/24 0:00
46,Iowa,B10,15.24,113.8,46,98.6,58,72.5,25,11/29/24 0:00
47,Utah St.,MWC,15.18,114.3,41,99.1,65,71.2,57,11/29/24 0:00
48,Boise St.,MWC,15.05,114.4,40,99.3,70,69.3,149,11/29/24 0:00
49,Creighton,BE,14.56,112.4,55,97.8,49,70.1,93,11/29/24 0:00
50,Nebraska,B10,14.5,110.3,85,95.8,30,70,103,11/29/24 0:00
51,LSU,SEC,14.31,112.7,51,98.4,54,68.8,177,11/29/24 0:00
52,Missouri,SEC,14,113.9,44,99.9,80,69.1,158,11/29/24 0:00
53,Xavier,BE,13.86,112.5,54,98.6,59,69.6,126,11/29/24 0:00
54,Georgia,SEC,13.59,111.6,63,98,50,68.8,173,11/29/24 0:00
55,New Mexico,MWC,13.53,111.4,68,97.8,47,75.2,1,11/29/24 0:00
56,Florida St.,ACC,13.52,108.9,113,95.3,23,72.4,26,11/29/24 0:00
57,Villanova,BE,13.46,115.7,33,102.3,107,66,312,11/29/24 0:00
58,UC Irvine,BW,13.18,109.1,107,95.9,31,70.2,89,11/29/24 0:00
59,N.C. State,ACC,12.92,111.5,66,98.5,57,69.6,125,11/29/24 0:00
60,West Virginia,B12,12.89,110.5,81,97.6,44,68.1,224,11/29/24 0:00
61,Indiana,B10,12.79,110.9,76,98.1,51,70.9,68,11/29/24 0:00
62,SMU,ACC,12.7,115.8,32,103.1,121,69.9,114,11/29/24 0:00
63,Arizona St.,B12,12.67,112.5,52,99.8,78,69.3,150,11/29/24 0:00
64,San Francisco,WCC,12.46,111.3,70,98.8,62,68,227,11/29/24 0:00
65,Liberty,CUSA,12.44,109.7,96,97.2,41,64,359,11/29/24 0:00
66,North Texas,Amer,12.35,107.7,130,95.3,24,63.9,360,11/29/24 0:00
67,Northwestern,B10,12.31,109.1,108,96.8,36,65.8,326,11/29/24 0:00
68,Butler,BE,11.71,111.8,60,100.1,82,67.9,233,11/29/24 0:00
69,Kansas St.,B12,11.55,110,92,98.5,56,68.5,185,11/29/24 0:00
70,Notre Dame,ACC,10.79,113,50,102.2,103,66.5,301,11/29/24 0:00
71,Rutgers,B10,10.68,111.5,65,100.8,90,70.2,91,11/29/24 0:00
72,Stanford,ACC,10.47,111.4,67,100.9,91,67.1,268,11/29/24 0:00
73,Wichita St.,Amer,10.33,109.6,97,99.3,69,70.9,66,11/29/24 0:00
74,Miami FL,ACC,10.3,117.4,21,107.1,206,66.9,282,11/29/24 0:00
75,Vanderbilt,SEC,10.12,113.5,47,103.4,125,71,60,11/29/24 0:00
76,Drake,MVC,9.95,109.9,93,100,81,66,318,11/29/24 0:00
77,TCU,B12,9.86,106.7,148,96.8,37,69.3,145,11/29/24 0:00
78,Loyola Chicago,A10,9.77,108.9,110,99.2,66,69.5,132,11/29/24 0:00
79,South Carolina,SEC,9.63,109.4,100,99.8,76,67.4,248,11/29/24 0:00
80,UCF,B12,9.51,109.7,94,100.2,83,70.5,79,11/29/24 0:00
,,,,,Strength of Schedule,NCSOS,,,,11/29/24 0:00
Rk,Team,Conf,NetRtg,ORtg,DRtg,AdjT,Luck,NetRtg,ORtg,11/29/24 0:00
81,Santa Clara,WCC,9.34,110.1,91,100.7,87,69.4,138,11/29/24 0:00
82,Colorado,B12,9.3,109.6,98,100.3,84,68.1,219,11/29/24 0:00
83,Grand Canyon,WAC,8.92,111,74,102,101,71.7,39,11/29/24 0:00
84,Washington,B10,8.92,106,161,97.1,39,70,104,11/29/24 0:00
85,McNeese,Slnd,8.88,110.4,84,101.5,95,66.9,276,11/29/24 0:00
86,Louisiana Tech,CUSA,8.57,110.4,83,101.8,99,66.9,279,11/29/24 0:00
87,Providence,BE,8.54,106.8,145,98.2,52,65.7,331,11/29/24 0:00
88,Bradley,MVC,8.53,113.1,49,104.6,159,66.7,292,11/29/24 0:00
89,Oregon St.,WCC,8.5,108.3,120,99.8,77,65.5,335,11/29/24 0:00
90,Rhode Island,A10,8.34,111.2,71,102.9,117,72.1,32,11/29/24 0:00
91,Minnesota,B10,8.34,105.1,175,96.8,35,63.3,361,11/29/24 0:00
92,Saint Joseph's,A10,8.11,108.9,112,100.8,88,70.2,86,11/29/24 0:00
93,George Mason,A10,7.96,107.8,128,99.9,79,66.9,277,11/29/24 0:00
94,Florida Atlantic,Amer,7.91,111.9,59,104,139,72,34,11/29/24 0:00
95,Oklahoma St.,B12,7.7,109.2,105,101.5,94,72.5,23,11/29/24 0:00
96,UC San Diego,BW,7.5,109.2,103,101.7,98,66.5,299,11/29/24 0:00
97,Yale,Ivy,7.2,114.8,38,107.6,215,68,229,11/29/24 0:00
98,Murray St.,MVC,7.09,110.6,80,103.6,128,67.2,259,11/29/24 0:00
99,Syracuse,ACC,6.94,111.3,69,104.3,152,70.8,69,11/29/24 0:00
100,Arkansas St.,SB,6.88,107.4,135,100.5,86,69.4,137,11/29/24 0:00
101,Washington St.,WCC,6.65,108.9,111,102.3,106,71.5,45,11/29/24 0:00
102,UNLV,MWC,6.58,110.2,87,103.6,130,67.6,239,11/29/24 0:00
103,Georgetown,BE,6.53,109.1,106,102.6,113,68.6,184,11/29/24 0:00
104,St. Bonaventure,A10,6.52,108.2,122,101.6,97,66.6,295,11/29/24 0:00
105,Wake Forest,ACC,6.44,106.1,158,99.7,74,68.1,218,11/29/24 0:00
106,USC,B10,6.36,109.7,95,103.3,124,68.2,208,11/29/24 0:00
107,Seton Hall,BE,6.26,99.4,285,93.1,7,64.2,357,11/29/24 0:00
108,DePaul,BE,5.88,109.2,104,103.3,123,68.2,209,11/29/24 0:00
109,Virginia,ACC,5.67,105.4,169,99.7,75,62.5,363,11/29/24 0:00
110,Boston College,ACC,5.42,106.5,150,101.1,92,67,272,11/29/24 0:00
111,Davidson,A10,5.39,110.8,77,105.4,176,68.3,201,11/29/24 0:00
112,Georgia Tech,ACC,5.35,108.1,123,102.7,114,72.1,33,11/29/24 0:00
113,Troy,SB,5.14,104.7,182,99.5,73,68.9,166,11/29/24 0:00
114,Princeton,Ivy,4.83,112.1,57,107.2,207,67.9,231,11/29/24 0:00
115,Colorado St.,MWC,4.73,106.9,142,102.1,102,67.6,242,11/29/24 0:00
116,Temple,Amer,4.64,109.4,101,104.7,161,69.1,154,11/29/24 0:00
117,Sam Houston St.,CUSA,4.59,109.4,99,104.8,163,69.9,112,11/29/24 0:00
118,Kent St.,MAC,4.32,106.3,155,101.9,100,65.9,322,11/29/24 0:00
119,Furman,SC,4.28,105.1,176,100.8,89,67.3,253,11/29/24 0:00
120,UC Santa Barbara,BW,4.22,108.8,115,104.6,157,66.7,293,11/29/24 0:00
,,,,,Strength of Schedule,NCSOS,,,,11/29/24 0:00
Rk,Team,Conf,NetRtg,ORtg,DRtg,AdjT,Luck,NetRtg,ORtg,11/29/24 0:00
121,California,ACC,3.93,107.9,126,104,138,70.6,73,11/29/24 0:00
122,South Dakota St.,Sum,3.57,108.5,116,105,166,70.3,84,11/29/24 0:00
123,UAB,Amer,3.37,112,58,108.6,247,70.6,74,11/29/24 0:00
124,Western Kentucky,CUSA,3.27,102.5,229,99.2,67,73.1,16,11/29/24 0:00
125,Seattle,WAC,2.87,106.5,151,103.6,131,67.6,241,11/29/24 0:00
126,Akron,MAC,2.79,109,109,106.2,192,70.1,96,11/29/24 0:00
127,Northern Iowa,MVC,2.75,106.8,143,104,140,67.2,258,11/29/24 0:00
128,East Tennessee St.,SC,2.68,108,124,105.4,175,67.5,245,11/29/24 0:00
129,Lipscomb,ASun,2.67,106.9,140,104.3,149,68.4,194,11/29/24 0:00
130,UMass Lowell,AE,2.65,111.2,72,108.6,246,71,61,11/29/24 0:00
131,Purdue Fort Wayne,Horz,2.53,111,73,108.4,241,69.4,134,11/29/24 0:00
132,Saint Louis,A10,2.45,110.2,89,107.7,221,71.5,44,11/29/24 0:00
133,George Washington,A10,2.45,107.5,134,105,169,70.6,76,11/29/24 0:00
134,Samford,SC,2.3,111.8,61,109.5,275,73.8,6,11/29/24 0:00
135,Northern Colorado,BSky,2.14,108,125,105.9,188,71,64,11/29/24 0:00
136,East Carolina,Amer,2.05,106.2,156,104.2,147,65.7,329,11/29/24 0:00
137,Virginia Tech,ACC,1.99,104.5,185,102.5,109,66.8,285,11/29/24 0:00
138,High Point,BSth,1.97,111.8,62,109.8,284,65.3,339,11/29/24 0:00
139,La Salle,A10,1.95,105.9,164,103.9,135,70.2,87,11/29/24 0:00
140,Wright St.,Horz,1.9,108.8,114,106.9,204,68.2,213,11/29/24 0:00
141,Columbia,Ivy,1.76,110.3,86,108.5,245,69.1,159,11/29/24 0:00
142,Belmont,MVC,1.71,108.5,117,106.8,200,71,63,11/29/24 0:00
143,Charleston,CAA,1.67,106.7,147,105,168,70.8,70,11/29/24 0:00
144,South Florida,Amer,1.6,107.3,136,105.7,182,69.8,116,11/29/24 0:00
145,Montana St.,BSky,1.5,107.3,137,105.8,184,68.2,217,11/29/24 0:00
146,James Madison,SB,1.47,108.3,119,106.9,203,67.4,247,11/29/24 0:00
147,Texas St.,SB,1.26,105.1,174,103.9,134,67,271,11/29/24 0:00
148,Southern Illinois,MVC,1.12,103.3,209,102.2,104,71.6,43,11/29/24 0:00
149,Norfolk St.,MEAC,1.06,106.1,159,105.1,171,66.7,290,11/29/24 0:00
150,Loyola Marymount,WCC,0.87,105,178,104.1,144,68,228,11/29/24 0:00
151,Toledo,MAC,0.62,110.7,79,110.1,287,71,62,11/29/24 0:00
152,Towson,CAA,0.56,103.4,208,102.8,115,65.4,337,11/29/24 0:00
153,Middle Tennessee,CUSA,0.44,105.2,172,104.8,162,69,165,11/29/24 0:00
154,Marshall,SB,0.4,103.6,203,103.2,122,70,102,11/29/24 0:00
155,St. Thomas,Sum,0.35,106.8,144,106.4,194,67.9,232,11/29/24 0:00
156,Jacksonville,ASun,0.19,103.8,200,103.7,132,68.6,183,11/29/24 0:00
157,Northeastern,CAA,0.04,103.6,205,103.5,127,67.4,251,11/29/24 0:00
158,Hofstra,CAA,0.01,104.1,194,104,141,66,313,11/29/24 0:00
159,Vermont,AE,-0.01,102.8,218,102.8,116,64.3,355,11/29/24 0:00
160,Massachusetts,A10,-0.02,104.2,191,104.2,146,70.4,82,11/29/24 0:00
,,,,,Strength of Schedule,NCSOS,,,,11/29/24 0:00
Rk,Team,Conf,NetRtg,ORtg,DRtg,AdjT,Luck,NetRtg,ORtg,11/29/24 0:00
161,UC Riverside,BW,-0.02,104.9,179,105,167,68.9,167,11/29/24 0:00
162,New Mexico St.,CUSA,-0.09,103.5,207,103.6,129,67.1,263,11/29/24 0:00
163,Appalachian St.,SB,-0.32,102.3,235,102.6,112,66.2,307,11/29/24 0:00
164,Winthrop,BSth,-0.37,102.5,227,102.9,119,72.2,29,11/29/24 0:00
165,Elon,CAA,-0.4,107.9,127,108.3,238,67,274,11/29/24 0:00
166,Cal Baptist,WAC,-0.53,108.4,118,108.9,259,65.8,327,11/29/24 0:00
167,Wofford,SC,-0.53,110.5,82,111.1,302,65.2,341,11/29/24 0:00
168,CSUN,BW,-0.8,104.3,188,105.1,172,73.3,13,11/29/24 0:00
169,Jacksonville St.,CUSA,-0.86,106.6,149,107.4,213,66.8,288,11/29/24 0:00
170,UNC Greensboro,SC,-0.89,102.5,228,103.4,126,66.5,300,11/29/24 0:00
171,Chattanooga,SC,-0.94,107.7,129,108.7,250,69,162,11/29/24 0:00
172,Radford,BSth,-0.97,107.2,138,108.2,232,65.1,343,11/29/24 0:00
173,Kennesaw St.,CUSA,-1.18,105.6,166,106.8,202,73.7,8,11/29/24 0:00
174,UTEP,CUSA,-1.27,101,254,102.3,108,70,101,11/29/24 0:00
175,Milwaukee,Horz,-1.29,106.7,146,108,228,70.2,88,11/29/24 0:00
176,North Florida,ASun,-1.36,110.1,90,111.5,311,69.8,119,11/29/24 0:00
177,Rice,Amer,-1.38,103.2,213,104.6,158,66.4,304,11/29/24 0:00
178,Ohio,MAC,-1.4,108.2,121,109.6,277,70.2,92,11/29/24 0:00
179,Missouri St.,MVC,-1.53,100.7,261,102.3,105,68,225,11/29/24 0:00
180,Longwood,BSth,-1.54,102.6,225,104.1,145,69.3,141,11/29/24 0:00
181,UC Davis,BW,-1.59,99.6,279,101.2,93,72.1,31,11/29/24 0:00
182,Utah Valley,WAC,-1.65,104,197,105.7,181,69.8,118,11/29/24 0:00
183,UT Rio Grande Valley,Slnd,-1.69,107.5,132,109.2,266,71.6,41,11/29/24 0:00
184,Hawaii,BW,-1.71,104.2,189,105.9,190,65.8,325,11/29/24 0:00
185,UT Arlington,WAC,-1.74,107.5,133,109.2,265,71.2,58,11/29/24 0:00
186,Cornell,Ivy,-1.75,107,139,108.7,252,72.5,24,11/29/24 0:00
187,Central Michigan,MAC,-1.84,102.1,237,103.9,136,68.8,172,11/29/24 0:00
188,Miami OH,MAC,-1.87,104.1,196,105.9,191,69.3,144,11/29/24 0:00
189,Drexel,CAA,-1.88,106.4,153,108.2,234,64.9,347,11/29/24 0:00
190,Southern Utah,WAC,-1.9,106,160,107.9,226,69,163,11/29/24 0:00
191,North Dakota St.,Sum,-1.96,110.2,88,112.1,325,64.6,352,11/29/24 0:00
192,North Alabama,ASun,-1.99,106.3,154,108.2,235,68.5,190,11/29/24 0:00
193,Bryant,AE,-2,104.5,184,106.5,197,73.2,15,11/29/24 0:00
194,Richmond,A10,-2.13,101.7,241,103.8,133,66.9,281,11/29/24 0:00
195,Illinois St.,MVC,-2.15,105.3,171,107.4,214,66.8,283,11/29/24 0:00
196,Little Rock,OVC,-2.22,102.3,232,104.5,156,68.5,191,11/29/24 0:00
197,Gardner Webb,BSth,-2.42,102.7,222,105.1,170,70.1,99,11/29/24 0:00
198,South Alabama,SB,-2.57,102.7,219,105.3,174,65.9,319,11/29/24 0:00
199,Montana,BSky,-2.81,105.4,170,108.2,233,69,164,11/29/24 0:00
200,William & Mary,CAA,-2.82,107.7,131,110.5,294,72.1,30,11/29/24 0:00
,,,,,Strength of Schedule,NCSOS,,,,11/29/24 0:00
Rk,Team,Conf,NetRtg,ORtg,DRtg,AdjT,Luck,NetRtg,ORtg,11/29/24 0:00
201,Illinois Chicago,MVC,-2.86,106,163,108.8,257,71.4,48,11/29/24 0:00
202,UNC Asheville,BSth,-2.94,106.5,152,109.4,272,67.9,234,11/29/24 0:00
203,Florida Gulf Coast,ASun,-2.96,101.4,245,104.3,151,64.6,350,11/29/24 0:00
204,Texas A&M Corpus Chris,Slnd,-3.05,106.2,157,109.2,262,71.4,46,11/29/24 0:00
205,Charlotte,Amer,-3.06,104.8,181,107.9,224,65,346,11/29/24 0:00
206,Eastern Kentucky,ASun,-3.14,105.7,165,108.8,256,68.6,182,11/29/24 0:00
207,Saint Peter's,MAAC,-3.32,100.8,260,104.1,142,64.2,356,11/29/24 0:00
208,Northern Kentucky,Horz,-3.4,99.1,290,102.5,110,67.3,255,11/29/24 0:00
209,Stephen F. Austin,Slnd,-3.43,95.9,340,99.3,71,67.4,249,11/29/24 0:00
210,Fordham,A10,-3.63,102.3,234,105.9,189,69.5,131,11/29/24 0:00
211,Maine,AE,-3.69,98.8,293,102.5,111,68.4,199,11/29/24 0:00
212,UNC Wilmington,CAA,-3.69,105.6,168,109.3,268,67.9,235,11/29/24 0:00
213,Wyoming,MWC,-3.78,101.3,248,105.1,173,67.5,244,11/29/24 0:00
214,Georgia Southern,SB,-3.82,101.7,240,105.5,179,74.1,3,11/29/24 0:00
215,Tulsa,Amer,-3.84,102.9,216,106.7,199,69.3,140,11/29/24 0:00
216,Austin Peay,ASun,-3.94,100.4,267,104.4,153,65,345,11/29/24 0:00
217,Nicholls,Slnd,-4.13,101.7,242,105.8,186,68.2,211,11/29/24 0:00
218,Indiana St.,MVC,-4.26,104.9,180,109.2,261,73.7,7,11/29/24 0:00
219,Georgia St.,SB,-4.44,103.2,211,107.7,218,69.1,155,11/29/24 0:00
220,Colgate,PL,-4.46,101.1,253,105.5,178,67.4,250,11/29/24 0:00
221,Tulane,Amer,-4.47,102.9,214,107.4,212,69.3,142,11/29/24 0:00
222,Brown,Ivy,-4.61,105,177,109.7,280,66.5,296,11/29/24 0:00
223,Quinnipiac,MAAC,-4.67,98.2,305,102.9,118,71.3,55,11/29/24 0:00
224,Grambling St.,SWAC,-4.72,100.9,257,105.6,180,68.4,193,11/29/24 0:00
225,Bucknell,PL,-4.75,100.1,273,104.9,164,68.9,170,11/29/24 0:00
226,Oakland,Horz,-4.78,101.6,243,106.4,193,65.3,340,11/29/24 0:00
227,Delaware,CAA,-4.84,104.1,192,109,260,72,35,11/29/24 0:00
228,Abilene Christian,WAC,-4.99,102.7,221,107.7,219,68.1,221,11/29/24 0:00
229,Weber St.,BSky,-5.02,103.8,201,108.8,255,67.7,238,11/29/24 0:00
230,Presbyterian,BSth,-5.25,103.7,202,108.9,258,65.7,330,11/29/24 0:00
231,Idaho St.,BSky,-5.33,101.2,251,106.5,195,65.9,320,11/29/24 0:00
232,Cleveland St.,Horz,-5.34,97.6,314,102.9,120,68.3,206,11/29/24 0:00
233,Southeastern Louisiana,Slnd,-5.42,99.5,283,104.9,165,68.8,174,11/29/24 0:00
234,Duquesne,A10,-5.47,98.7,295,104.2,148,68.3,207,11/29/24 0:00
235,Albany,AE,-5.5,102.1,236,107.7,216,70.1,97,11/29/24 0:00
236,Alabama St.,SWAC,-5.63,102.8,217,108.5,242,70.1,95,11/29/24 0:00
237,Kansas City,Sum,-5.75,100,275,105.8,185,67.2,261,11/29/24 0:00
238,Robert Morris,Horz,-5.75,98.7,294,104.5,155,68.4,195,11/29/24 0:00
239,San Jose St.,MWC,-5.85,103.6,204,109.5,274,65.4,338,11/29/24 0:00
240,Valparaiso,MVC,-5.97,104.3,187,110.3,292,69.4,139,11/29/24 0:00
,,,,,Strength of Schedule,NCSOS,,,,11/29/24 0:00
Rk,Team,Conf,NetRtg,ORtg,DRtg,AdjT,Luck,NetRtg,ORtg,11/29/24 0:00
241,Mercer,SC,-6.07,103.2,210,109.3,270,71.9,37,11/29/24 0:00
242,Merrimack,MAAC,-6.22,95.4,344,101.6,96,67,275,11/29/24 0:00
243,Marist,MAAC,-6.32,101.7,239,108.1,230,66,315,11/29/24 0:00
244,Cal Poly,BW,-6.35,101.3,247,107.7,220,73.4,10,11/29/24 0:00
245,American,PL,-6.36,104.6,183,111,301,64.1,358,11/29/24 0:00
246,Rider,MAAC,-6.52,100,276,106.5,196,65.9,321,11/29/24 0:00
247,Cal St. Bakersfield,BW,-6.58,102.6,224,109.2,263,65.1,342,11/29/24 0:00
248,Portland St.,BSky,-6.66,102.9,215,109.5,276,72.8,18,11/29/24 0:00
249,Evansville,MVC,-6.72,102.5,230,109.2,264,69.8,117,11/29/24 0:00
250,Boston University,PL,-6.75,100.6,265,107.3,209,66,317,11/29/24 0:00
251,South Dakota,Sum,-6.79,106.9,141,113.7,344,73.3,12,11/29/24 0:00
252,FIU,CUSA,-6.98,97.3,318,104.3,150,71.3,51,11/29/24 0:00
253,Army,PL,-7.63,104.1,195,111.7,316,66.7,294,11/29/24 0:00
254,Howard,MEAC,-7.71,103.8,199,111.6,315,67.2,260,11/29/24 0:00
255,UTSA,Amer,-7.76,102.5,231,110.2,291,72.8,19,11/29/24 0:00
256,Green Bay,Horz,-7.87,105.6,167,113.5,341,70.9,65,11/29/24 0:00
257,Eastern Washington,BSky,-7.91,103.5,206,111.5,309,70.4,83,11/29/24 0:00
258,Youngstown St.,Horz,-8.07,96,337,104.1,143,69.4,136,11/29/24 0:00
259,UMBC,AE,-8.09,105.2,173,113.3,338,71.4,47,11/29/24 0:00
260,Fresno St.,MWC,-8.13,96.3,333,104.5,154,74.6,2,11/29/24 0:00
261,Louisiana,SB,-8.23,104.2,190,112.4,328,69.9,113,11/29/24 0:00
262,North Carolina A&T,CAA,-8.23,101.4,244,109.6,278,73,17,11/29/24 0:00
263,SIUE,OVC,-8.23,98.6,298,106.8,201,67.1,264,11/29/24 0:00
264,Southern,SWAC,-8.27,97.2,319,105.5,177,68.7,180,11/29/24 0:00
265,Iona,MAAC,-8.32,99,292,107.3,208,69.5,127,11/29/24 0:00
266,Harvard,Ivy,-8.32,99.6,280,107.9,225,68.1,222,11/29/24 0:00
267,Southern Miss,SB,-8.34,100.1,274,108.4,240,72.3,27,11/29/24 0:00
268,Hampton,CAA,-8.38,100.9,258,109.3,267,65.7,328,11/29/24 0:00
269,Northwestern St.,Slnd,-8.39,100.1,272,108.5,243,66.7,291,11/29/24 0:00
270,Mount St. Mary's,MAAC,-8.43,98.6,297,107,205,67.9,230,11/29/24 0:00
271,Lafayette,PL,-8.45,99.4,284,107.8,222,66.2,309,11/29/24 0:00
272,Central Connecticut,NEC,-8.59,97.2,321,105.7,183,66.2,310,11/29/24 0:00
273,Sacramento St.,BSky,-8.82,97.7,312,106.5,198,66.5,302,11/29/24 0:00
274,Air Force,MWC,-8.87,102.6,226,111.4,308,62.7,362,11/29/24 0:00
275,Queens,ASun,-8.94,98.4,301,107.4,211,71.4,49,11/29/24 0:00
276,Pacific,WCC,-9.1,99.6,278,108.7,254,69.3,146,11/29/24 0:00
277,Bowling Green,MAC,-9.11,103.2,212,112.3,327,69.5,128,11/29/24 0:00
278,Northern Arizona,BSky,-9.14,102.3,233,111.4,306,66.8,284,11/29/24 0:00
279,Cal St. Fullerton,BW,-9.14,98.2,308,107.3,210,66.2,311,11/29/24 0:00
280,Oral Roberts,Sum,-9.17,104.1,193,113.2,337,70.1,98,11/29/24 0:00
,,,,,Strength of Schedule,NCSOS,,,,11/29/24 0:00
Rk,Team,Conf,NetRtg,ORtg,DRtg,AdjT,Luck,NetRtg,ORtg,11/29/24 0:00
281,North Carolina Central,MEAC,-9.19,104,198,113.2,336,66.9,280,11/29/24 0:00
282,Bethune Cookman,SWAC,-9.28,96.6,325,105.9,187,70.5,81,11/29/24 0:00
283,Pepperdine,WCC,-9.37,100.6,264,109.9,285,68.4,192,11/29/24 0:00
284,Ball St.,MAC,-9.46,99.2,288,108.6,248,68.3,205,11/29/24 0:00
285,Incarnate Word,Slnd,-9.48,106,162,115.5,356,68.2,215,11/29/24 0:00
286,Southern Indiana,OVC,-9.51,100.9,256,110.4,293,68.2,214,11/29/24 0:00
287,North Dakota,Sum,-9.55,100.2,271,109.7,281,69.5,133,11/29/24 0:00
288,Penn,Ivy,-9.71,104.4,186,114.1,351,65.6,333,11/29/24 0:00
289,Lamar,Slnd,-9.72,101.1,252,110.8,298,68.7,179,11/29/24 0:00
290,Eastern Michigan,MAC,-9.73,98.5,299,108.3,236,67.6,240,11/29/24 0:00
291,Nebraska Omaha,Sum,-9.8,102,238,111.8,318,68.5,186,11/29/24 0:00
292,San Diego,WCC,-9.92,94.8,350,104.7,160,72.7,21,11/29/24 0:00
293,Texas Southern,SWAC,-9.93,98.2,307,108.1,231,70,100,11/29/24 0:00
294,Campbell,CAA,-10.03,98.3,303,108.3,237,67.2,257,11/29/24 0:00
295,Western Carolina,SC,-10.1,97.9,310,108,227,70.6,75,11/29/24 0:00
296,Utah Tech,WAC,-10.18,99.6,281,109.7,282,69.3,148,11/29/24 0:00
297,Fairfield,MAAC,-10.37,98.3,302,108.7,251,67.3,254,11/29/24 0:00
298,Tarleton St.,WAC,-10.62,97.2,320,107.8,223,68.7,181,11/29/24 0:00
299,Lehigh,PL,-10.75,102.7,220,113.5,342,68.3,203,11/29/24 0:00
300,Monmouth,CAA,-10.77,100.7,262,111.4,307,69.3,147,11/29/24 0:00
301,Coastal Carolina,SB,-10.83,98.5,300,109.3,269,64.6,351,11/29/24 0:00
302,Western Michigan,MAC,-10.85,100.2,270,111.1,303,68.1,223,11/29/24 0:00
303,South Carolina St.,MEAC,-10.86,97.5,316,108.4,239,69.3,143,11/29/24 0:00
304,Tennessee St.,OVC,-10.96,99.2,287,110.2,290,72.2,28,11/29/24 0:00
305,Manhattan,MAAC,-11.42,100.6,263,112,323,69.6,124,11/29/24 0:00
306,Morehead St.,OVC,-11.44,98.2,306,109.6,279,67,273,11/29/24 0:00
307,Tennessee Tech,OVC,-11.49,100.5,266,112,321,68.2,212,11/29/24 0:00
308,Siena,MAAC,-11.53,96.5,326,108,229,66.3,305,11/29/24 0:00
309,Wagner,NEC,-11.57,92.4,360,103.9,137,62.5,364,11/29/24 0:00
310,Portland,WCC,-11.89,97.9,311,109.8,283,70.8,71,11/29/24 0:00
311,Southeast Missouri,OVC,-12.04,96.5,328,108.5,244,71.3,50,11/29/24 0:00
312,Navy,PL,-12.17,100.8,259,113,332,68.3,200,11/29/24 0:00
313,Bellarmine,ASun,-12.35,101.2,250,113.6,343,66.8,286,11/29/24 0:00
314,Detroit Mercy,Horz,-12.47,96.2,334,108.7,249,67.1,266,11/29/24 0:00
315,Idaho,BSky,-12.47,101.3,249,113.7,345,66.2,308,11/29/24 0:00
316,Niagara,MAAC,-12.5,101.4,246,113.9,348,66.9,278,11/29/24 0:00
317,LIU,NEC,-12.74,99.5,282,112.2,326,69.7,123,11/29/24 0:00
318,Loyola MD,PL,-12.95,96.5,327,109.4,273,68.2,216,11/29/24 0:00
319,Holy Cross,PL,-12.96,102.6,223,115.6,357,66,314,11/29/24 0:00
320,Charleston Southern,BSth,-13.13,97.6,313,110.7,297,69.9,111,11/29/24 0:00
,,,,,Strength of Schedule,NCSOS,,,,11/29/24 0:00
Rk,Team,Conf,NetRtg,ORtg,DRtg,AdjT,Luck,NetRtg,ORtg,11/29/24 0:00
321,Sacred Heart,MAAC,-13.37,100.4,268,113.7,346,69.2,151,11/29/24 0:00
322,Saint Francis,NEC,-13.53,96.5,329,110,286,69.7,120,11/29/24 0:00
323,Louisiana Monroe,SB,-13.59,95.1,346,108.7,253,68.3,204,11/29/24 0:00
324,Central Arkansas,ASun,-13.76,96.4,330,110.1,289,68.5,189,11/29/24 0:00
325,The Citadel,SC,-13.8,96.3,332,110.1,288,66.4,303,11/29/24 0:00
326,Tennessee Martin,OVC,-13.84,93.8,356,107.7,217,69.9,109,11/29/24 0:00
327,Buffalo,MAC,-14.01,99.7,277,113.7,347,71.3,53,11/29/24 0:00
328,Western Illinois,OVC,-14.04,98.6,296,112.7,330,64.5,353,11/29/24 0:00
329,Old Dominion,SB,-14.33,97,322,111.3,305,69.4,135,11/29/24 0:00
330,Stony Brook,CAA,-14.51,97.6,315,112.1,324,68.3,202,11/29/24 0:00
331,Denver,Sum,-14.89,97,323,111.8,319,69.9,110,11/29/24 0:00
332,Binghamton,AE,-14.95,98,309,113,334,66,316,11/29/24 0:00
333,Jackson St.,SWAC,-15.01,95.7,342,110.7,295,70.6,77,11/29/24 0:00
334,Northern Illinois,MAC,-15.09,95.6,343,110.7,296,69.9,106,11/29/24 0:00
335,Stonehill,NEC,-15.16,94.2,353,109.4,271,67.1,270,11/29/24 0:00
336,Eastern Illinois,OVC,-15.51,95.8,341,111.3,304,67.1,269,11/29/24 0:00
337,Le Moyne,NEC,-15.59,95.9,339,111.5,314,69.1,157,11/29/24 0:00
338,Stetson,ASun,-15.66,99.1,291,114.7,354,69.2,152,11/29/24 0:00
339,Morgan St.,MEAC,-15.68,97.3,317,113,333,71.6,40,11/29/24 0:00
340,West Georgia,ASun,-15.75,95.2,345,111,300,68.4,197,11/29/24 0:00
341,VMI,SC,-15.94,96,338,112,322,70.5,80,11/29/24 0:00
342,Long Beach St.,BW,-16.06,96.7,324,112.8,331,65.6,332,11/29/24 0:00
343,USC Upstate,BSth,-16.43,100.9,255,117.3,361,72.7,20,11/29/24 0:00
344,Prairie View A&M,SWAC,-16.73,99.2,289,115.9,358,73.8,5,11/29/24 0:00
345,Fairleigh Dickinson,NEC,-16.85,100.3,269,117.2,360,71.8,38,11/29/24 0:00
346,Dartmouth,Ivy,-17.09,93.7,357,110.8,299,69.7,121,11/29/24 0:00
347,New Orleans,Slnd,-17.27,96.1,335,113.4,340,70.7,72,11/29/24 0:00
348,Delaware St.,MEAC,-17.65,93.9,355,111.5,313,68.9,169,11/29/24 0:00
349,East Texas A&M,Slnd,-17.77,93.7,358,111.5,310,69.5,130,11/29/24 0:00
350,Lindenwood,OVC,-17.9,95.1,348,113,335,68.8,175,11/29/24 0:00
351,NJIT,AE,-18.27,94.1,354,112.4,329,65.8,324,11/29/24 0:00
352,Houston Christian,Slnd,-18.45,96.1,336,114.5,353,67.6,243,11/29/24 0:00
353,Florida A&M,SWAC,-18.77,93,359,111.7,317,69.5,129,11/29/24 0:00
354,Alabama A&M,SWAC,-18.92,95.1,347,114.1,350,71.6,42,11/29/24 0:00
355,Canisius,MAAC,-19.11,99.2,286,118.4,362,67.4,252,11/29/24 0:00
356,Alcorn St.,SWAC,-19.33,94.9,349,114.3,352,65.5,334,11/29/24 0:00
357,Mercyhurst,NEC,-19.73,94.3,352,114,349,64.8,348,11/29/24 0:00
358,New Hampshire,AE,-19.87,91.6,362,111.5,312,68.4,198,11/29/24 0:00
359,IU Indy,Horz,-20.11,98.2,304,118.4,363,67.5,246,11/29/24 0:00
360,Maryland Eastern Shore,MEAC,-21.53,94.5,351,116,359,68.1,220,11/29/24 0:00
,,,,,Strength of Schedule,NCSOS,,,,11/29/24 0:00
Rk,Team,Conf,NetRtg,ORtg,DRtg,AdjT,Luck,NetRtg,ORtg,11/29/24 0:00
361,Chicago St.,NEC,-21.7,91.7,361,113.4,339,70.3,85,11/29/24 0:00
362,Arkansas Pine Bluff,SWAC,-23.15,96.4,331,119.5,364,71.3,52,11/29/24 0:00
363,Coppin St.,MEAC,-25.65,86.3,364,111.9,320,68.5,188,11/29/24 0:00
364,Mississippi Valley St.,SWAC,-27.72,87.4,363,115.1,355,65.8,323,11/29/24 0:00
1,Auburn,SEC,32.27,125.1,1,92.9,6,68.9,160,11/30/24 0:00
2,Tennessee,SEC,31.04,119.6,10,88.6,2,66.5,290,11/30/24 0:00
3,Gonzaga,WCC,29.82,124.1,2,94.3,17,71,60,11/30/24 0:00
4,Houston,B12,29.66,118.5,14,88.9,3,64.3,354,11/30/24 0:00
5,Duke,ACC,29.59,116.9,26,87.3,1,67.9,222,11/30/24 0:00
6,Iowa St.,B12,27.22,121,4,93.8,12,70.1,91,11/30/24 0:00
7,Florida,SEC,25.43,120.1,9,94.7,22,69.5,127,11/30/24 0:00
8,Kansas,B12,25.01,119.1,12,94.1,14,70.4,76,11/30/24 0:00
9,Alabama,SEC,24.88,122.4,3,97.5,46,73.7,5,11/30/24 0:00
10,Cincinnati,B12,24.34,117,24,92.6,5,66.9,269,11/30/24 0:00
11,Marquette,BE,23.78,116.9,25,93.2,9,69.9,99,11/30/24 0:00
12,Kentucky,SEC,23.34,119.3,11,95.9,30,73.8,4,11/30/24 0:00
13,Pittsburgh,ACC,23.31,118.8,13,95.5,27,68.7,175,11/30/24 0:00
14,Purdue,B10,22.66,120.7,5,98,53,65.1,337,11/30/24 0:00
15,Illinois,B10,22.39,117.6,19,95.2,23,71.8,37,11/30/24 0:00
16,St. John's,BE,22.28,116.4,30,94.1,15,69.7,119,11/30/24 0:00
17,North Carolina,ACC,21.78,120.5,7,98.7,67,73.5,8,11/30/24 0:00
18,UCLA,B10,21.75,113.7,45,92,4,67.2,255,11/30/24 0:00
19,Ohio St.,B10,21.49,118,17,96.5,33,68.6,178,11/30/24 0:00
20,Texas Tech,B12,21.45,118.4,16,97,39,67.1,256,11/30/24 0:00
21,Michigan,B10,21.35,114.7,38,93.3,10,69.7,113,11/30/24 0:00
22,Baylor,B12,21.07,120.5,6,99.4,73,66.4,297,11/30/24 0:00
23,Oregon,B10,20.64,117.3,21,96.7,35,68.7,172,11/30/24 0:00
24,Dayton,A10,20.18,118,18,97.8,50,67.6,239,11/30/24 0:00
25,Clemson,ACC,20.09,115.5,34,95.4,26,66.5,292,11/30/24 0:00
26,Connecticut,BE,20.05,120.4,8,100.3,83,66.1,309,11/30/24 0:00
27,Texas A&M,SEC,19.93,115.4,37,95.5,28,67,267,11/30/24 0:00
28,Wisconsin,B10,19.76,118.4,15,98.6,66,69.2,148,11/30/24 0:00
29,Mississippi St.,SEC,19.74,116.7,27,96.9,38,69.7,115,11/30/24 0:00
30,Arizona,B12,19.07,116.5,28,97.4,45,72.4,24,11/30/24 0:00
31,Memphis,Amer,18.73,117.3,22,98.6,63,69.9,103,11/30/24 0:00
32,BYU,B12,18.62,116.4,29,97.8,49,69.4,130,11/30/24 0:00
33,Maryland,B10,18.5,113.9,42,95.4,25,68.6,180,11/30/24 0:00
34,Saint Mary's,WCC,18.42,115.4,36,97,40,65,339,11/30/24 0:00
35,Texas,SEC,18.4,112.8,51,94.4,18,68.7,174,11/30/24 0:00
36,Nevada,MWC,17.86,116.2,31,98.3,57,65,341,11/30/24 0:00
37,Penn St.,B10,17.37,115.5,35,98.1,54,72.5,20,11/30/24 0:00
38,Louisville,ACC,17.34,112,57,94.7,21,70.2,84,11/30/24 0:00
39,Michigan St.,B10,17.24,111.5,66,94.3,16,68.1,206,11/30/24 0:00
40,Oklahoma,SEC,16.79,114.1,40,97.3,44,67.9,225,11/30/24 0:00
,,,,,Strength of Schedule,NCSOS,,,,11/30/24 0:00
Rk,Team,Conf,NetRtg,ORtg,DRtg,AdjT,Luck,NetRtg,ORtg,11/30/24 0:00
41,Mississippi,SEC,16.78,117.1,23,100.4,85,68.2,204,11/30/24 0:00
42,VCU,A10,16.56,110.3,81,93.8,13,68.4,195,11/30/24 0:00
43,Arkansas,SEC,16.14,110.7,76,94.5,19,71.2,50,11/30/24 0:00
44,Utah St.,MWC,15.76,113.6,46,97.8,51,70.9,64,11/30/24 0:00
45,Iowa,B10,15.41,113.9,43,98.4,60,72.4,25,11/30/24 0:00
46,San Diego St.,MWC,15.35,109.1,103,93.8,11,66.7,282,11/30/24 0:00
47,Utah,B12,14.95,112.1,56,97.1,41,71.2,54,11/30/24 0:00
48,Boise St.,MWC,14.76,114,41,99.2,70,69,153,11/30/24 0:00
49,LSU,SEC,14.74,112,59,97.2,43,69,156,11/30/24 0:00
50,West Virginia,B12,14.62,111.5,67,96.9,37,67.3,249,11/30/24 0:00
51,Creighton,BE,14.55,112.2,54,97.7,48,70,93,11/30/24 0:00
52,Indiana,B10,14.43,113.4,48,98.9,68,70.7,67,11/30/24 0:00
53,Nebraska,B10,14.27,110.2,84,95.9,29,69.9,104,11/30/24 0:00
54,UC Irvine,BW,14.17,107.1,137,92.9,7,69.6,120,11/30/24 0:00
55,New Mexico,MWC,14.12,111.8,61,97.7,47,74.9,1,11/30/24 0:00
56,Missouri,SEC,14.08,113.8,44,99.7,76,69,158,11/30/24 0:00
57,Xavier,BE,13.98,112.5,53,98.5,62,69.5,129,11/30/24 0:00
58,Butler,BE,13.93,113.3,49,99.4,72,68.3,197,11/30/24 0:00
59,Florida St.,ACC,13.84,109.2,102,95.3,24,72.3,26,11/30/24 0:00
60,Arizona St.,B12,13.75,112.1,55,98.4,58,69.4,132,11/30/24 0:00
61,Georgia,SEC,13.67,111.6,65,97.9,52,68.6,181,11/30/24 0:00
62,Villanova,BE,13.53,115.7,32,102.2,108,66,312,11/30/24 0:00
63,Northwestern,B10,12.72,108.9,107,96.2,31,65.2,334,11/30/24 0:00
64,SMU,ACC,12.65,115.6,33,102.9,122,69.7,116,11/30/24 0:00
65,San Francisco,WCC,12.5,111.1,72,98.6,64,67.9,219,11/30/24 0:00
66,Liberty,CUSA,12.33,109.5,97,97.1,42,63.9,359,11/30/24 0:00
67,North Texas,Amer,11.94,106.6,145,94.6,20,63.4,360,11/30/24 0:00
68,N.C. State,ACC,11.66,110.1,85,98.5,61,68.9,161,11/30/24 0:00
69,Kansas St.,B12,11.4,109.8,92,98.4,59,68.5,187,11/30/24 0:00
70,Vanderbilt,SEC,11.05,113.4,47,102.4,112,71,58,11/30/24 0:00
71,Rutgers,B10,10.83,111.4,68,100.6,87,70.2,83,11/30/24 0:00
72,Stanford,ACC,10.63,111.2,69,100.6,89,67,265,11/30/24 0:00
73,Notre Dame,ACC,10.58,112.8,52,102.2,107,66.4,298,11/30/24 0:00
74,Miami FL,ACC,10.32,117.3,20,107,210,66.8,278,11/30/24 0:00
75,Drake,MVC,10.06,109.8,93,99.7,77,65.9,314,11/30/24 0:00
76,Washington,B10,9.97,106.8,140,96.9,36,69.7,114,11/30/24 0:00
77,Loyola Chicago,A10,9.75,108.8,108,99,69,69.3,136,11/30/24 0:00
78,South Carolina,SEC,9.75,109.2,101,99.4,74,67.4,244,11/30/24 0:00
79,UCF,B12,9.5,109.7,94,100.2,82,70.3,81,11/30/24 0:00
80,Colorado,B12,9.25,109.4,99,100.1,81,68,216,11/30/24 0:00
,,,,,Strength of Schedule,NCSOS,,,,11/30/24 0:00
Rk,Team,Conf,NetRtg,ORtg,DRtg,AdjT,Luck,NetRtg,ORtg,11/30/24 0:00
81,Grand Canyon,WAC,8.95,110.9,74,102,103,71.6,39,11/30/24 0:00
82,TCU,B12,8.87,105.1,169,96.3,32,69.6,122,11/30/24 0:00
83,McNeese,Slnd,8.84,110.3,82,101.5,96,66.8,273,11/30/24 0:00
84,Louisiana Tech,CUSA,8.57,110.2,83,101.7,101,66.7,280,11/30/24 0:00
85,Santa Clara,WCC,8.53,110,88,101.5,97,68.9,164,11/30/24 0:00
86,George Mason,A10,8.49,107.1,136,98.6,65,66.7,279,11/30/24 0:00
87,Bradley,MVC,8.47,113,50,104.5,160,66.5,289,11/30/24 0:00
88,Rhode Island,A10,8.37,111.2,70,102.8,121,72,32,11/30/24 0:00
89,Oregon St.,WCC,8.31,108.2,117,99.8,78,65.4,329,11/30/24 0:00
90,Saint Joseph's,A10,8,108.6,112,100.6,88,69.8,105,11/30/24 0:00
91,Wichita St.,Amer,7.96,108,120,100.1,80,70.6,70,11/30/24 0:00
92,Florida Atlantic,Amer,7.94,111.7,63,103.8,136,71.9,35,11/30/24 0:00
93,St. Bonaventure,A10,7.83,108.2,116,100.4,86,66.2,302,11/30/24 0:00
94,Oklahoma St.,B12,7.72,109,104,101.3,95,72.4,23,11/30/24 0:00
95,UC San Diego,BW,7.67,109.3,100,101.6,99,66.3,301,11/30/24 0:00
96,Murray St.,MVC,7.25,110.5,77,103.2,125,67.1,262,11/30/24 0:00
97,Wake Forest,ACC,7.2,105.5,164,98.3,56,67.9,227,11/30/24 0:00
98,Yale,Ivy,7.15,114.6,39,107.4,217,67.9,220,11/30/24 0:00
99,Providence,BE,7.04,107.4,132,100.3,84,65.3,333,11/30/24 0:00
100,DePaul,BE,6.97,110.3,80,103.4,127,68.1,214,11/30/24 0:00
101,Minnesota,B10,6.82,103.4,204,96.6,34,62.9,361,11/30/24 0:00
102,Virginia,ACC,6.79,105,177,98.2,55,62.1,364,11/30/24 0:00
103,Syracuse,ACC,6.72,110.9,73,104.2,150,70.6,72,11/30/24 0:00
104,Arkansas St.,SB,6.63,107.6,124,101,93,69.4,134,11/30/24 0:00
105,Georgetown,BE,6.61,109,105,102.4,114,68.4,191,11/30/24 0:00
106,Seton Hall,BE,6.48,99.5,278,93,8,64,358,11/30/24 0:00
107,Washington St.,WCC,6.46,108.7,110,102.2,109,71.3,46,11/30/24 0:00
108,UNLV,MWC,6.23,109.7,95,103.4,130,67,266,11/30/24 0:00
109,USC,B10,5.67,109.4,98,103.8,134,67.8,233,11/30/24 0:00
110,Georgia Tech,ACC,5.58,108,119,102.5,115,71.9,33,11/30/24 0:00
111,Colorado St.,MWC,5.56,106.3,148,100.8,91,67.8,231,11/30/24 0:00
112,UC Santa Barbara,BW,5.18,109.5,96,104.3,154,66,311,11/30/24 0:00
113,Princeton,Ivy,5.02,112,58,107,208,67.9,223,11/30/24 0:00
114,Davidson,A10,4.53,109.8,90,105.3,175,68.7,176,11/30/24 0:00
115,Temple,Amer,4.5,109,106,104.5,159,68.9,159,11/30/24 0:00
116,Furman,SC,4.43,105.1,172,100.7,90,67.1,259,11/30/24 0:00
117,California,ACC,4.09,107.9,122,103.8,135,70.6,73,11/30/24 0:00
118,South Dakota St.,Sum,3.54,108.4,113,104.8,167,70.2,85,11/30/24 0:00
119,Kent St.,MAC,3.31,103.2,208,99.9,79,65.3,331,11/30/24 0:00
120,UAB,Amer,3.3,111.8,62,108.5,249,70.5,74,11/30/24 0:00
,,,,,Strength of Schedule,NCSOS,,,,11/30/24 0:00
Rk,Team,Conf,NetRtg,ORtg,DRtg,AdjT,Luck,NetRtg,ORtg,11/30/24 0:00
121,East Carolina,Amer,3.28,107.6,127,104.3,153,65.4,327,11/30/24 0:00
122,Troy,SB,3.24,104.9,178,101.7,102,68.5,186,11/30/24 0:00
123,Sam Houston St.,CUSA,3.2,107.9,121,104.7,162,69.5,128,11/30/24 0:00
124,Western Kentucky,CUSA,3.04,102.2,227,99.2,71,72.9,15,11/30/24 0:00
125,UMass Lowell,AE,2.95,111.1,71,108.2,238,71,61,11/30/24 0:00
126,Seattle,WAC,2.87,105.5,163,102.6,118,67.6,237,11/30/24 0:00
127,Boston College,ACC,2.85,106.2,151,103.4,126,67.5,240,11/30/24 0:00
128,Lipscomb,ASun,2.7,106.8,141,104.1,147,68.2,202,11/30/24 0:00
129,Samford,SC,2.67,111.9,60,109.3,273,73.3,9,11/30/24 0:00
130,Akron,MAC,2.63,108.7,109,106.1,193,69.9,101,11/30/24 0:00
131,Purdue Fort Wayne,Horz,2.51,110.8,75,108.3,243,69.3,141,11/30/24 0:00
132,East Tennessee St.,SC,2.47,107.8,123,105.3,176,67.3,250,11/30/24 0:00
133,La Salle,A10,2.25,105.9,156,103.6,132,70.1,90,11/30/24 0:00
134,George Washington,A10,2.2,107.5,130,105.3,174,69.7,118,11/30/24 0:00
135,Saint Louis,A10,2.19,109.8,91,107.6,222,71.4,43,11/30/24 0:00
136,Belmont,MVC,2.03,108.4,114,106.3,199,71.2,52,11/30/24 0:00
137,Appalachian St.,SB,2,103.6,198,101.6,98,65.4,326,11/30/24 0:00
138,High Point,BSth,1.96,111.7,64,109.7,284,65.2,335,11/30/24 0:00
139,Virginia Tech,ACC,1.96,104.3,185,102.3,111,66.6,286,11/30/24 0:00
140,Wright St.,Horz,1.85,108.6,111,106.8,205,68,217,11/30/24 0:00
141,Charleston,CAA,1.74,106.6,144,104.8,168,70.7,66,11/30/24 0:00
142,South Florida,Amer,1.67,107.2,134,105.6,180,69.8,108,11/30/24 0:00
143,Northern Colorado,BSky,1.66,107.6,125,106,192,71,62,11/30/24 0:00
144,Columbia,Ivy,1.64,110.1,87,108.5,248,68.8,167,11/30/24 0:00
145,Northern Iowa,MVC,1.46,105.8,159,104.4,156,66.9,270,11/30/24 0:00
146,Montana St.,BSky,1.42,107.2,135,105.7,187,68.1,212,11/30/24 0:00
147,Southern Illinois,MVC,1.33,103.3,206,102,104,71.5,42,11/30/24 0:00
148,Texas St.,SB,1.18,105,175,103.8,138,66.8,277,11/30/24 0:00
149,James Madison,SB,1.09,107.5,129,106.4,203,67.4,243,11/30/24 0:00
150,Norfolk St.,MEAC,0.91,106,154,105,172,66.5,288,11/30/24 0:00
151,Loyola Marymount,WCC,0.9,105.1,173,104.2,148,67.9,226,11/30/24 0:00
152,Hofstra,CAA,0.65,103,210,102.4,113,66.2,303,11/30/24 0:00
153,Toledo,MAC,0.51,110.4,78,109.9,288,70.9,63,11/30/24 0:00
154,St. Thomas,Sum,0.43,106.7,142,106.3,198,67.7,234,11/30/24 0:00
155,Marshall,SB,0.4,103.4,202,103,123,69.9,100,11/30/24 0:00
156,Jacksonville,ASun,0.34,103.8,196,103.4,131,68.5,183,11/30/24 0:00
157,Middle Tennessee,CUSA,0.3,105,176,104.7,164,68.8,169,11/30/24 0:00
158,Vermont,AE,0.29,102.8,211,102.5,116,64.4,352,11/30/24 0:00
159,Massachusetts,A10,0.22,104.2,187,104,143,70.4,78,11/30/24 0:00
160,UC Riverside,BW,0.08,104.9,179,104.8,166,68.9,162,11/30/24 0:00
,,,,,Strength of Schedule,NCSOS,,,,11/30/24 0:00
Rk,Team,Conf,NetRtg,ORtg,DRtg,AdjT,Luck,NetRtg,ORtg,11/30/24 0:00
161,Northeastern,CAA,0.04,103.4,201,103.4,128,67.3,253,11/30/24 0:00
162,Towson,CAA,-0.29,102.5,220,102.8,119,64.2,355,11/30/24 0:00
163,Winthrop,BSth,-0.38,102.4,223,102.8,120,72.2,28,11/30/24 0:00
164,Kennesaw St.,CUSA,-0.5,105.3,165,105.8,190,72.4,22,11/30/24 0:00
165,Wofford,SC,-0.52,110.4,79,110.9,301,65,340,11/30/24 0:00
166,CSUN,BW,-0.56,104.3,184,104.9,169,73.1,13,11/30/24 0:00
167,Cal Baptist,WAC,-0.6,108.3,115,108.9,261,65.7,320,11/30/24 0:00
168,UNC Greensboro,SC,-0.73,102.3,225,103,124,66.4,299,11/30/24 0:00
169,Jacksonville St.,CUSA,-0.91,106.4,147,107.3,216,66.6,285,11/30/24 0:00
170,Chattanooga,SC,-0.91,107.6,126,108.5,250,68.8,165,11/30/24 0:00
171,North Florida,ASun,-0.91,110.1,86,111,304,70.1,87,11/30/24 0:00
172,Radford,BSth,-0.93,107,139,107.9,232,64.9,343,11/30/24 0:00
173,UTEP,CUSA,-1.18,100.9,256,102.1,106,70,97,11/30/24 0:00
174,Milwaukee,Horz,-1.45,106.5,146,107.9,233,70.1,89,11/30/24 0:00
175,Ohio,MAC,-1.48,108,118,109.5,277,70,94,11/30/24 0:00
176,Cornell,Ivy,-1.48,107.1,138,108.6,253,72.5,21,11/30/24 0:00
177,UC Davis,BW,-1.53,99.5,277,101,94,72,31,11/30/24 0:00
178,Missouri St.,MVC,-1.55,100.4,262,102,105,67.8,232,11/30/24 0:00
179,Miami OH,MAC,-1.63,104,191,105.6,183,69.3,144,11/30/24 0:00
180,Utah Valley,WAC,-1.63,103.9,192,105.5,179,69.7,111,11/30/24 0:00
181,Longwood,BSth,-1.66,102.4,224,104.1,146,69.2,145,11/30/24 0:00
182,UT Rio Grande Valley,Slnd,-1.68,107.4,131,109.1,268,71.4,44,11/30/24 0:00
183,Maine,AE,-1.72,99.1,286,100.9,92,68.1,207,11/30/24 0:00
184,UT Arlington,WAC,-1.74,107.3,133,109.1,265,71.2,53,11/30/24 0:00
185,Rice,Amer,-1.78,101.6,240,103.4,129,66.4,295,11/30/24 0:00
186,Hawaii,BW,-1.8,104,190,105.8,191,65.6,324,11/30/24 0:00
187,Southern Utah,WAC,-1.89,105.9,157,107.8,226,68.8,166,11/30/24 0:00
188,Central Michigan,MAC,-1.9,102,232,104,142,68.8,168,11/30/24 0:00
189,Bryant,AE,-1.92,104.5,183,106.4,201,73.2,11,11/30/24 0:00
190,North Dakota St.,Sum,-1.98,110,89,111.9,323,64.6,350,11/30/24 0:00
191,Richmond,A10,-1.98,101.7,238,103.7,133,66.8,275,11/30/24 0:00
192,Illinois St.,MVC,-2.1,105.1,170,107.2,214,66.8,274,11/30/24 0:00
193,North Alabama,ASun,-2.15,106,153,108.1,237,68.4,193,11/30/24 0:00
194,Drexel,CAA,-2.19,106.1,152,108.2,240,64.9,344,11/30/24 0:00
195,Little Rock,OVC,-2.35,102.1,230,104.5,158,68.3,199,11/30/24 0:00
196,UNC Wilmington,CAA,-2.36,105.2,168,107.6,221,67.3,248,11/30/24 0:00
197,New Mexico St.,CUSA,-2.5,102,234,104.5,161,68.1,213,11/30/24 0:00
198,Elon,CAA,-2.53,106.2,150,108.8,258,66.5,291,11/30/24 0:00
199,Illinois Chicago,MVC,-2.71,105.9,155,108.6,255,71.3,47,11/30/24 0:00
200,William & Mary,CAA,-2.72,107.5,128,110.2,293,72.1,29,11/30/24 0:00
,,,,,Strength of Schedule,NCSOS,,,,11/30/24 0:00
Rk,Team,Conf,NetRtg,ORtg,DRtg,AdjT,Luck,NetRtg,ORtg,11/30/24 0:00
201,Gardner Webb,BSth,-2.77,102.2,228,105,171,70.3,80,11/30/24 0:00
202,Florida Gulf Coast,ASun,-2.8,101.4,247,104.2,149,64.5,351,11/30/24 0:00
203,Montana,BSky,-2.84,105.3,166,108.1,236,68.9,163,11/30/24 0:00
204,Charlotte,Amer,-2.92,104.8,180,107.8,227,64.8,346,11/30/24 0:00
205,UNC Asheville,BSth,-2.93,106.3,149,109.3,272,67.7,236,11/30/24 0:00
206,Stephen F. Austin,Slnd,-2.98,96.6,325,99.5,75,66.7,283,11/30/24 0:00
207,South Alabama,SB,-3.05,102.4,221,105.5,178,65.3,332,11/30/24 0:00
208,Texas A&M Corpus Chris,Slnd,-3.11,105.9,158,109,262,71.1,56,11/30/24 0:00
209,Eastern Kentucky,ASun,-3.12,105.6,161,108.7,256,68.6,182,11/30/24 0:00
210,Saint Peter's,MAAC,-3.28,100.6,258,103.9,141,64,356,11/30/24 0:00
211,Northern Kentucky,Horz,-3.5,98.8,292,102.3,110,67.1,257,11/30/24 0:00
212,Wyoming,MWC,-3.7,101.2,249,104.9,170,67.4,242,11/30/24 0:00
213,Austin Peay,ASun,-3.73,100.3,265,104,145,64.7,348,11/30/24 0:00
214,Fordham,A10,-3.78,102,235,105.8,189,69.3,139,11/30/24 0:00
215,Tulsa,Amer,-3.87,102.7,215,106.6,204,69.2,149,11/30/24 0:00
216,Georgia Southern,SB,-3.88,101.7,239,105.6,181,74,3,11/30/24 0:00
217,Indiana St.,MVC,-4.02,105.5,162,109.6,280,73.7,7,11/30/24 0:00
218,Nicholls,Slnd,-4.16,101.5,243,105.7,186,68.3,196,11/30/24 0:00
219,Quinnipiac,MAAC,-4.28,98.3,300,102.5,117,71,59,11/30/24 0:00
220,Merrimack,MAAC,-4.37,97.3,315,101.6,100,66.4,296,11/30/24 0:00
221,Tulane,Amer,-4.47,102.7,214,107.2,213,69.3,142,11/30/24 0:00
222,Brown,Ivy,-4.47,105.1,174,109.5,278,66.4,294,11/30/24 0:00
223,Grambling St.,SWAC,-4.53,100.7,257,105.2,173,68.5,189,11/30/24 0:00
224,Delaware,CAA,-4.61,104.2,188,108.8,257,71.9,34,11/30/24 0:00
225,Georgia St.,SB,-4.68,103.3,207,108,234,69.5,126,11/30/24 0:00
226,Bucknell,PL,-4.72,100,271,104.7,163,68.7,173,11/30/24 0:00
227,Oakland,Horz,-4.8,101.4,245,106.2,195,65.2,336,11/30/24 0:00
228,Abilene Christian,WAC,-4.95,102.6,218,107.5,219,68.2,205,11/30/24 0:00
229,Weber St.,BSky,-5.03,103.4,205,108.4,246,67.8,230,11/30/24 0:00
230,Albany,AE,-5.2,102,233,107.2,215,69.8,106,11/30/24 0:00
231,Idaho St.,BSky,-5.26,101.1,252,106.4,200,65.8,315,11/30/24 0:00
232,Presbyterian,BSth,-5.34,103.5,199,108.9,259,65.8,316,11/30/24 0:00
233,Duquesne,A10,-5.46,98.6,295,104,144,68.1,209,11/30/24 0:00
234,Southeastern Louisiana,Slnd,-5.64,99.1,285,104.8,165,68.7,177,11/30/24 0:00
235,San Jose St.,MWC,-5.73,103.5,200,109.2,271,65.4,330,11/30/24 0:00
236,Alabama St.,SWAC,-5.73,102.7,213,108.4,247,70,95,11/30/24 0:00
237,Kansas City,Sum,-5.74,99.9,273,105.6,184,67,263,11/30/24 0:00
238,Robert Morris,Horz,-5.78,98.6,294,104.3,155,68.3,200,11/30/24 0:00
239,Mercer,SC,-6.01,103.1,209,109.1,267,71.8,36,11/30/24 0:00
240,Marist,MAAC,-6.11,101.6,241,107.7,223,65.8,317,11/30/24 0:00
,,,,,Strength of Schedule,NCSOS,,,,11/30/24 0:00
Rk,Team,Conf,NetRtg,ORtg,DRtg,AdjT,Luck,NetRtg,ORtg,11/30/24 0:00
241,Rider,MAAC,-6.28,99.9,274,106.2,194,65.7,322,11/30/24 0:00
242,American,PL,-6.35,104.5,182,110.8,299,64,357,11/30/24 0:00
243,Cal Poly,BW,-6.36,101.4,248,107.8,225,73.1,12,11/30/24 0:00
244,Boston University,PL,-6.41,100.5,261,106.9,207,65.7,318,11/30/24 0:00
245,Portland St.,BSky,-6.63,102.7,212,109.4,276,72.7,18,11/30/24 0:00
246,Cal St. Bakersfield,BW,-6.65,102.4,222,109.1,266,65,342,11/30/24 0:00
247,Cleveland St.,Horz,-6.73,97.1,318,103.9,139,68.4,190,11/30/24 0:00
248,Valparaiso,MVC,-6.77,104.5,181,111.3,309,69.1,152,11/30/24 0:00
249,South Dakota,Sum,-6.81,106.7,143,113.5,345,73.2,10,11/30/24 0:00
250,Evansville,MVC,-6.85,102.3,226,109.1,269,69.8,109,11/30/24 0:00
251,Colgate,PL,-6.94,100,270,107,209,66.8,276,11/30/24 0:00
252,Lafayette,PL,-7.04,99.3,282,106.3,197,66.1,308,11/30/24 0:00
253,Iona,MAAC,-7.07,98.7,293,105.7,188,68.8,170,11/30/24 0:00
254,FIU,CUSA,-7.07,97.2,317,104.3,152,71.2,51,11/30/24 0:00
255,Pepperdine,WCC,-7.31,101.6,242,108.9,260,69.3,138,11/30/24 0:00
256,Army,PL,-7.67,103.9,193,111.6,316,66.5,293,11/30/24 0:00
257,Howard,MEAC,-7.69,103.7,197,111.4,313,67.1,260,11/30/24 0:00
258,UTSA,Amer,-7.74,102.1,229,109.8,286,72.7,17,11/30/24 0:00
259,UMBC,AE,-7.9,105.1,171,113,336,71.2,48,11/30/24 0:00
260,Eastern Washington,BSky,-7.92,103.4,203,111.3,311,70.3,79,11/30/24 0:00
261,Green Bay,Horz,-8.06,105.2,167,113.3,341,70.8,65,11/30/24 0:00
262,Fresno St.,MWC,-8.07,96.2,336,104.2,151,74.6,2,11/30/24 0:00
263,Youngstown St.,Horz,-8.09,95.8,341,103.9,140,69.4,133,11/30/24 0:00
264,Southern,SWAC,-8.33,97.1,319,105.4,177,68.5,184,11/30/24 0:00
265,Southern Miss,SB,-8.35,99.9,272,108.3,242,72.2,27,11/30/24 0:00
266,Louisiana,SB,-8.37,104.3,186,112.6,331,69.9,102,11/30/24 0:00
267,SIUE,OVC,-8.38,97.9,308,106.3,196,67.3,245,11/30/24 0:00
268,Mount St. Mary's,MAAC,-8.42,98.4,298,106.8,206,67.7,235,11/30/24 0:00
269,Harvard,Ivy,-8.44,99.3,281,107.7,224,68,218,11/30/24 0:00
270,Air Force,MWC,-8.55,102.7,216,111.2,306,62.5,362,11/30/24 0:00
271,Hampton,CAA,-8.59,100.5,260,109.1,263,65.7,319,11/30/24 0:00
272,Queens,ASun,-8.63,98.4,297,107.1,212,71.4,45,11/30/24 0:00
273,Northwestern St.,Slnd,-8.7,99.2,284,107.8,230,67,268,11/30/24 0:00
274,Central Connecticut,NEC,-8.73,96.9,322,105.6,182,66.2,305,11/30/24 0:00
275,Sacramento St.,BSky,-8.9,97.5,311,106.4,202,66.4,300,11/30/24 0:00
276,Cal St. Fullerton,BW,-8.97,98.1,305,107.1,211,65.9,313,11/30/24 0:00
277,Pacific,WCC,-9.12,99.5,275,108.6,254,69.1,151,11/30/24 0:00
278,North Carolina Central,MEAC,-9.22,103.9,194,113.1,338,66.6,284,11/30/24 0:00
279,Bethune Cookman,SWAC,-9.23,96.5,327,105.7,185,70.3,82,11/30/24 0:00
280,Oral Roberts,Sum,-9.23,103.9,195,113.1,337,69.9,98,11/30/24 0:00
,,,,,Strength of Schedule,NCSOS,,,,11/30/24 0:00
Rk,Team,Conf,NetRtg,ORtg,DRtg,AdjT,Luck,NetRtg,ORtg,11/30/24 0:00
281,Northern Arizona,BSky,-9.24,102.1,231,111.3,310,66.7,281,11/30/24 0:00
282,Bowling Green,MAC,-9.26,102.5,219,111.8,318,69.5,123,11/30/24 0:00
283,Ball St.,MAC,-9.44,98.9,289,108.4,245,68.1,211,11/30/24 0:00
284,North Dakota,Sum,-9.47,100.1,268,109.6,282,69.3,140,11/30/24 0:00
285,Southern Indiana,OVC,-9.47,100.6,259,110.1,292,68,215,11/30/24 0:00
286,North Carolina A&T,CAA,-9.51,101.5,244,111,303,73.1,14,11/30/24 0:00
287,Incarnate Word,Slnd,-9.52,105.8,160,115.3,355,68.1,210,11/30/24 0:00
288,San Diego,WCC,-9.64,94.8,349,104.4,157,72.6,19,11/30/24 0:00
289,Campbell,CAA,-9.75,98.2,301,108,235,67.1,261,11/30/24 0:00
290,Texas Southern,SWAC,-9.86,98,306,107.9,231,70,96,11/30/24 0:00
291,Lamar,Slnd,-9.91,100.9,255,110.8,298,68.6,179,11/30/24 0:00
292,Eastern Michigan,MAC,-9.95,98.2,302,108.2,239,67.5,241,11/30/24 0:00
293,Nebraska Omaha,Sum,-9.95,101.9,236,111.8,320,68.5,188,11/30/24 0:00
294,Western Carolina,SC,-9.97,97.9,309,107.8,228,70.5,75,11/30/24 0:00
295,Utah Tech,WAC,-10.36,99.3,280,109.7,283,69,154,11/30/24 0:00
296,Fairfield,MAAC,-10.38,98.2,303,108.5,252,67.1,258,11/30/24 0:00
297,Morehead St.,OVC,-10.43,98.9,290,109.3,275,67.3,254,11/30/24 0:00
298,Lehigh,PL,-10.68,102.6,217,113.3,342,68.2,201,11/30/24 0:00
299,Coastal Carolina,SB,-10.71,98.4,299,109.1,264,64.6,349,11/30/24 0:00
300,Western Michigan,MAC,-10.71,100.2,267,110.9,300,67.8,229,11/30/24 0:00
301,South Carolina St.,MEAC,-10.87,97.4,314,108.3,241,69.2,147,11/30/24 0:00
302,Tennessee St.,OVC,-10.93,99.1,287,110.1,291,72.1,30,11/30/24 0:00
303,Navy,PL,-11.04,101.8,237,112.8,334,69,157,11/30/24 0:00
304,Monmouth,CAA,-11.06,100.4,263,111.5,315,69.2,150,11/30/24 0:00
305,Penn,Ivy,-11.29,104.1,189,115.4,356,66,310,11/30/24 0:00
306,Siena,MAAC,-11.45,96.4,329,107.8,229,66.1,307,11/30/24 0:00
307,Wagner,NEC,-11.58,92.2,360,103.8,137,62.4,363,11/30/24 0:00
308,Portland,WCC,-11.8,97.7,310,109.5,279,70.7,68,11/30/24 0:00
309,Southeast Missouri,OVC,-11.99,96.4,331,108.4,244,71.2,49,11/30/24 0:00
310,Manhattan,MAAC,-12.3,100.3,264,112.6,330,70.1,88,11/30/24 0:00
311,Detroit Mercy,Horz,-12.31,96.2,334,108.5,251,67,264,11/30/24 0:00
312,Idaho,BSky,-12.34,101.2,250,113.5,346,66.1,306,11/30/24 0:00
313,Tennessee Tech,OVC,-12.35,99.5,276,111.8,319,68.4,194,11/30/24 0:00
314,Tarleton St.,WAC,-12.38,95.2,346,107.5,220,67.9,228,11/30/24 0:00
315,Bellarmine,ASun,-12.42,101.1,253,113.5,344,66.9,272,11/30/24 0:00
316,Niagara,MAAC,-12.47,101.2,251,113.7,348,66.5,287,11/30/24 0:00
317,Charleston Southern,BSth,-13.07,97.5,312,110.6,296,69.8,107,11/30/24 0:00
318,Loyola MD,PL,-13.13,96.2,337,109.3,274,68.1,208,11/30/24 0:00
319,Sacred Heart,MAAC,-13.27,100.2,266,113.5,343,69,155,11/30/24 0:00
320,Saint Francis,NEC,-13.52,96.3,333,109.8,285,69.6,121,11/30/24 0:00
,,,,,Strength of Schedule,NCSOS,,,,11/30/24 0:00
Rk,Team,Conf,NetRtg,ORtg,DRtg,AdjT,Luck,NetRtg,ORtg,11/30/24 0:00
321,Central Arkansas,ASun,-13.66,96.3,332,110,290,68.4,192,11/30/24 0:00
322,Tennessee Martin,OVC,-13.82,93.7,357,107.5,218,69.7,112,11/30/24 0:00
323,Holy Cross,PL,-13.9,101.4,246,115.3,354,65.7,321,11/30/24 0:00
324,The Citadel,SC,-14.08,95.8,340,109.9,289,66.2,304,11/30/24 0:00
325,Western Illinois,OVC,-14.09,98.5,296,112.6,328,64.3,353,11/30/24 0:00
326,Buffalo,MAC,-14.17,99.4,279,113.6,347,71.1,57,11/30/24 0:00
327,Eastern Illinois,OVC,-14.19,95.4,344,109.6,281,67.3,252,11/30/24 0:00
328,Dartmouth,Ivy,-14.22,96.4,330,110.6,297,70.6,71,11/30/24 0:00
329,LIU,NEC,-14.28,98,307,112.2,326,69.7,117,11/30/24 0:00
330,Louisiana Monroe,SB,-14.3,95.6,342,109.9,287,67.6,238,11/30/24 0:00
331,Stony Brook,CAA,-14.47,97.5,313,111.9,322,68.2,203,11/30/24 0:00
332,Le Moyne,NEC,-14.52,96.5,326,111,302,69.5,125,11/30/24 0:00
333,Old Dominion,SB,-14.6,96.6,324,111.2,307,69.3,143,11/30/24 0:00
334,Denver,Sum,-14.86,96.9,321,111.7,317,69.8,110,11/30/24 0:00
335,Jackson St.,SWAC,-14.95,95.5,343,110.5,294,70.4,77,11/30/24 0:00
336,Stonehill,NEC,-15.29,93.9,355,109.2,270,66.9,271,11/30/24 0:00
337,Binghamton,AE,-15.37,97.3,316,112.6,332,65.5,325,11/30/24 0:00
338,Stetson,ASun,-15.6,98.9,291,114.5,352,69.2,146,11/30/24 0:00
339,VMI,SC,-15.86,96.4,328,112.3,327,69.4,135,11/30/24 0:00
340,Long Beach St.,BW,-15.94,96.7,323,112.6,329,65.4,328,11/30/24 0:00
341,Morgan St.,MEAC,-16.01,97,320,113,335,71.6,38,11/30/24 0:00
342,USC Upstate,BSth,-16.23,101,254,117.2,361,72.7,16,11/30/24 0:00
343,West Georgia,ASun,-16.54,94.6,350,111.1,305,67.9,224,11/30/24 0:00
344,Northern Illinois,MAC,-16.59,93.9,354,110.5,295,70.2,86,11/30/24 0:00
345,Prairie View A&M,SWAC,-16.76,99,288,115.7,357,73.7,6,11/30/24 0:00
346,Fairleigh Dickinson,NEC,-17.05,100,269,117.1,360,71.6,40,11/30/24 0:00
347,Delaware St.,MEAC,-17.18,94.2,352,111.3,312,69.5,124,11/30/24 0:00
348,New Orleans,Slnd,-17.39,95.8,339,113.2,339,70.6,69,11/30/24 0:00
349,East Texas A&M,Slnd,-17.72,93.6,358,111.3,308,69.4,131,11/30/24 0:00
350,Lindenwood,OVC,-17.99,94.8,348,112.8,333,68.8,171,11/30/24 0:00
351,NJIT,AE,-18.42,93.8,356,112.2,325,65.6,323,11/30/24 0:00
352,Houston Christian,Slnd,-18.46,96.1,338,114.5,353,67.3,247,11/30/24 0:00
353,Florida A&M,SWAC,-18.63,93.4,359,112,324,69.3,137,11/30/24 0:00
354,Alcorn St.,SWAC,-18.82,95.3,345,114.2,351,64.8,345,11/30/24 0:00
355,Alabama A&M,SWAC,-18.98,95,347,113.9,350,71.5,41,11/30/24 0:00
356,Canisius,MAAC,-19.05,99.2,283,118.2,363,67.3,251,11/30/24 0:00
357,Mercyhurst,NEC,-19.87,94,353,113.9,349,64.7,347,11/30/24 0:00
358,New Hampshire,AE,-19.92,91.5,362,111.4,314,68.3,198,11/30/24 0:00
359,IU Indy,Horz,-20.09,98.1,304,118.2,362,67.3,246,11/30/24 0:00
360,Chicago St.,NEC,-21.71,91.5,361,113.2,340,70,92,11/30/24 0:00
,,,,,Strength of Schedule,NCSOS,,,,11/30/24 0:00
Rk,Team,Conf,NetRtg,ORtg,DRtg,AdjT,Luck,NetRtg,ORtg,11/30/24 0:00
361,Maryland Eastern Shore,MEAC,-21.72,94.2,351,115.9,358,67.9,221,11/30/24 0:00
362,Arkansas Pine Bluff,SWAC,-23.18,96.2,335,119.4,364,71.2,55,11/30/24 0:00
363,Coppin St.,MEAC,-25.55,86.4,364,111.9,321,68.5,185,11/30/24 0:00
364,Mississippi Valley St.,SWAC,-29.05,87.1,363,116.1,359,65.1,338,11/30/24 0:00
1,Auburn,SEC,32.14,125,1,92.9,7,68.8,160,12/1/24 0:00
2,Tennessee,SEC,30.98,119.6,11,88.6,2,66.3,291,12/1/24 0:00
3,Gonzaga,WCC,29.98,124.2,2,94.2,14,70.9,56,12/1/24 0:00
4,Duke,ACC,29.68,117,23,87.3,1,67.8,223,12/1/24 0:00
5,Houston,B12,27.79,118.6,14,90.8,3,63.6,358,12/1/24 0:00
6,Iowa St.,B12,27.08,121,4,93.9,11,69.8,98,12/1/24 0:00
7,Kansas,B12,26.81,120,10,93.2,9,70.1,89,12/1/24 0:00
8,Florida,SEC,25.35,120.1,9,94.7,22,69.4,125,12/1/24 0:00
9,Cincinnati,B12,24.49,116.9,26,92.4,5,66.8,266,12/1/24 0:00
10,Alabama,SEC,24.16,122,3,97.8,49,73.6,6,12/1/24 0:00
11,Marquette,BE,24.12,116.9,25,92.7,6,70.5,70,12/1/24 0:00
12,Kentucky,SEC,23.42,119.4,12,95.9,30,73.6,5,12/1/24 0:00
13,Pittsburgh,ACC,23.27,118.8,13,95.5,28,68.6,171,12/1/24 0:00
14,Purdue,B10,22.71,120.6,6,97.9,51,64.8,342,12/1/24 0:00
15,Illinois,B10,22.68,117.7,18,95.1,23,71.7,34,12/1/24 0:00
16,North Carolina,ACC,21.97,120.6,7,98.6,65,73.4,8,12/1/24 0:00
17,UCLA,B10,21.73,113.7,45,92,4,67.1,258,12/1/24 0:00
18,Ohio St.,B10,21.53,118.2,16,96.6,34,68.3,189,12/1/24 0:00
19,Texas Tech,B12,21.48,118.5,15,97,39,67,263,12/1/24 0:00
20,St. John's,BE,21.46,115.8,32,94.4,17,69.6,111,12/1/24 0:00
21,Oregon,B10,21.45,117.5,20,96.1,31,68.7,168,12/1/24 0:00
22,Michigan,B10,21.4,114.8,38,93.3,10,69.6,109,12/1/24 0:00
23,Baylor,B12,21.08,120.4,8,99.4,73,66.3,296,12/1/24 0:00
24,Connecticut,BE,20.45,120.6,5,100.2,82,66.2,298,12/1/24 0:00
25,Clemson,ACC,20.33,115.7,33,95.3,25,66.3,292,12/1/24 0:00
26,Dayton,A10,20.19,118.1,17,97.9,50,67.4,246,12/1/24 0:00
27,Texas A&M,SEC,19.75,115,37,95.2,24,67.7,231,12/1/24 0:00
28,Mississippi St.,SEC,19.56,116.4,28,96.9,37,69.5,116,12/1/24 0:00
29,Wisconsin,B10,19.05,117.7,19,98.7,67,68.8,156,12/1/24 0:00
30,Arizona,B12,19.03,116.5,27,97.5,45,72.2,20,12/1/24 0:00
31,Memphis,Amer,18.85,117.3,21,98.5,62,69.7,106,12/1/24 0:00
32,Saint Mary's,WCC,18.62,115.5,36,96.9,36,64.8,343,12/1/24 0:00
33,BYU,B12,18.53,116.2,29,97.7,47,69.4,121,12/1/24 0:00
34,Maryland,B10,18.49,113.9,43,95.4,27,68.3,190,12/1/24 0:00
35,Texas,SEC,18.48,112.8,53,94.4,18,68.7,167,12/1/24 0:00
36,Nevada,MWC,17.79,116.2,30,98.4,59,64.8,341,12/1/24 0:00
37,Michigan St.,B10,17.59,111.9,63,94.3,15,68,202,12/1/24 0:00
38,Penn St.,B10,17.46,115.6,35,98.1,54,72.5,17,12/1/24 0:00
39,Louisville,ACC,17.28,111.9,62,94.7,21,70,92,12/1/24 0:00
40,San Diego St.,MWC,16.99,111,74,94,12,65.8,308,12/1/24 0:00
,,,,,Strength of Schedule,NCSOS,,,,12/1/24 0:00
Rk,Team,Conf,NetRtg,ORtg,DRtg,AdjT,Luck,NetRtg,ORtg,12/1/24 0:00
41,Mississippi,SEC,16.76,117.2,22,100.5,87,68,205,12/1/24 0:00
42,Oklahoma,SEC,16.73,114.1,41,97.4,44,67.8,222,12/1/24 0:00
43,Arkansas,SEC,16.29,110.9,75,94.6,20,71,52,12/1/24 0:00
44,VCU,A10,15.91,109.9,90,94,13,68.2,192,12/1/24 0:00
45,Utah St.,MWC,15.81,113.6,47,97.8,48,70.7,67,12/1/24 0:00
46,Georgia,SEC,15.78,113.1,52,97.3,43,68.5,175,12/1/24 0:00
47,Iowa,B10,15.43,113.9,42,98.5,63,72.3,19,12/1/24 0:00
48,Boise St.,MWC,15.39,114.3,40,98.9,69,69,149,12/1/24 0:00
49,LSU,SEC,14.9,112,60,97.1,42,68.8,157,12/1/24 0:00
50,Creighton,BE,14.55,112.5,56,98,52,70.2,81,12/1/24 0:00
51,West Virginia,B12,14.54,111.5,67,96.9,38,67.1,256,12/1/24 0:00
52,Indiana,B10,14.44,113.4,48,99,71,70.5,68,12/1/24 0:00
53,Nebraska,B10,14.31,110.2,85,95.9,29,69.7,104,12/1/24 0:00
54,Missouri,SEC,14.23,113.9,44,99.6,77,68.8,159,12/1/24 0:00
55,New Mexico,MWC,14.21,111.8,64,97.6,46,74.8,1,12/1/24 0:00
56,Xavier,BE,14.11,112.5,55,98.4,60,69.4,123,12/1/24 0:00
57,UC Irvine,BW,14.09,107.1,138,93,8,69.7,105,12/1/24 0:00
58,Arizona St.,B12,13.89,112.2,58,98.3,55,69.1,140,12/1/24 0:00
59,Florida St.,ACC,13.87,109.2,102,95.3,26,71.9,29,12/1/24 0:00
60,Butler,BE,13.78,113.3,49,99.5,75,68.1,200,12/1/24 0:00
61,Villanova,BE,13.7,115.9,31,102.2,106,65.9,307,12/1/24 0:00
62,Utah,B12,13.6,112.8,54,99.2,72,70.8,60,12/1/24 0:00
63,San Francisco,WCC,12.8,111.2,71,98.4,58,67.7,226,12/1/24 0:00
64,SMU,ACC,12.62,115.6,34,103,123,69.5,117,12/1/24 0:00
65,Northwestern,B10,12.6,109,106,96.4,33,65.2,328,12/1/24 0:00
66,Liberty,CUSA,12.2,109.3,100,97.1,41,63.8,356,12/1/24 0:00
67,North Texas,Amer,12.15,106.6,144,94.4,19,63.3,360,12/1/24 0:00
68,N.C. State,ACC,11.71,110.2,83,98.5,64,68.8,161,12/1/24 0:00
69,Kansas St.,B12,11.41,109.9,91,98.4,61,68.3,187,12/1/24 0:00
70,Rutgers,B10,11.18,111.5,68,100.3,85,71.1,48,12/1/24 0:00
71,Vanderbilt,SEC,10.88,113.6,46,102.8,116,70.9,58,12/1/24 0:00
72,Oregon St.,WCC,10.77,110.5,80,99.7,78,64.9,336,12/1/24 0:00
73,Notre Dame,ACC,10.44,113.1,51,102.6,112,66.4,287,12/1/24 0:00
74,Drake,MVC,10.11,108.1,121,98,53,65,334,12/1/24 0:00
75,Loyola Chicago,A10,9.94,108.9,107,99,70,69.1,142,12/1/24 0:00
76,South Carolina,SEC,9.77,109.2,101,99.5,74,67.2,253,12/1/24 0:00
77,Washington,B10,9.71,106.7,143,97,40,69.5,115,12/1/24 0:00
78,Colorado,B12,9.38,109.5,98,100.1,81,67.9,214,12/1/24 0:00
79,UCF,B12,9.36,109.6,95,100.3,84,70.2,82,12/1/24 0:00
80,TCU,B12,8.92,105.1,171,96.2,32,69.5,119,12/1/24 0:00
,,,,,Strength of Schedule,NCSOS,,,,12/1/24 0:00
Rk,Team,Conf,NetRtg,ORtg,DRtg,AdjT,Luck,NetRtg,ORtg,12/1/24 0:00
81,McNeese,Slnd,8.82,110.3,81,101.5,92,66.6,274,12/1/24 0:00
82,Bradley,MVC,8.68,113.2,50,104.5,160,66.3,295,12/1/24 0:00
83,George Mason,A10,8.51,107.2,136,98.7,66,66.5,284,12/1/24 0:00
84,Rhode Island,A10,8.49,111.3,70,102.8,118,71.7,30,12/1/24 0:00
85,Grand Canyon,WAC,8.43,110.5,79,102,100,71.3,40,12/1/24 0:00
86,Georgetown,BE,8.21,110,89,101.8,95,69,146,12/1/24 0:00
87,Saint Joseph's,A10,8.2,108.7,109,100.5,88,69.6,107,12/1/24 0:00
88,Wichita St.,Amer,8.13,108.1,122,100,80,70.5,71,12/1/24 0:00
89,St. Bonaventure,A10,8.06,108.3,117,100.3,83,66.1,301,12/1/24 0:00
90,Santa Clara,WCC,8.04,109.6,94,101.6,93,68.7,166,12/1/24 0:00
91,Stanford,ACC,7.94,111.3,69,103.4,129,67.4,242,12/1/24 0:00
92,Miami FL,ACC,7.3,116.9,24,109.6,281,66.7,272,12/1/24 0:00
93,Murray St.,MVC,7.24,110.5,78,103.3,128,66.9,265,12/1/24 0:00
94,Yale,Ivy,7.21,114.6,39,107.4,221,67.9,213,12/1/24 0:00
95,Oklahoma St.,B12,7.18,108.6,113,101.4,91,72.2,22,12/1/24 0:00
96,Wake Forest,ACC,7.17,105.5,165,98.3,57,67.5,237,12/1/24 0:00
97,UC San Diego,BW,7.05,109.1,105,102.1,102,66.1,302,12/1/24 0:00
98,Providence,BE,7,107.4,132,100.4,86,65.1,329,12/1/24 0:00
99,DePaul,BE,6.85,110.3,82,103.5,130,67.9,212,12/1/24 0:00
100,Syracuse,ACC,6.81,110.9,76,104.1,144,70.4,74,12/1/24 0:00
101,Virginia,ACC,6.79,105.1,174,98.3,56,61.8,364,12/1/24 0:00
102,Minnesota,B10,6.73,103.5,204,96.8,35,62.8,361,12/1/24 0:00
103,Washington St.,WCC,6.68,108.7,111,102,98,71.3,41,12/1/24 0:00
104,Louisiana Tech,CUSA,6.4,109.2,103,102.8,117,67,262,12/1/24 0:00
105,Florida Atlantic,Amer,6.31,112.4,57,106.1,191,71.7,33,12/1/24 0:00
106,Georgia Tech,ACC,6.28,109.4,99,103.2,127,71.2,44,12/1/24 0:00
107,UNLV,MWC,5.88,109.8,93,103.9,139,66.8,268,12/1/24 0:00
108,USC,B10,5.72,109.5,97,103.8,137,67.6,233,12/1/24 0:00
109,Colorado St.,MWC,5.32,106.2,151,100.8,89,67.6,234,12/1/24 0:00
110,UC Santa Barbara,BW,5.31,109.5,96,104.2,150,65.9,306,12/1/24 0:00
111,Princeton,Ivy,5.07,112.1,59,107,211,67.7,230,12/1/24 0:00
112,Arkansas St.,SB,4.87,106.7,142,101.9,97,69.4,120,12/1/24 0:00
113,Davidson,A10,4.75,110.1,87,105.3,178,68.5,177,12/1/24 0:00
114,Lipscomb,ASun,4.41,106.6,145,102.2,105,68.1,198,12/1/24 0:00
115,California,ACC,4.23,107.9,123,103.7,134,70.3,80,12/1/24 0:00
116,Temple,Amer,4.21,108.4,116,104.2,151,69.9,94,12/1/24 0:00
117,East Tennessee St.,SC,4.03,108.7,110,104.7,164,67.5,238,12/1/24 0:00
118,Kent St.,MAC,3.83,102.7,217,98.8,68,65.1,330,12/1/24 0:00
119,South Dakota St.,Sum,3.62,108.5,115,104.8,168,70.1,87,12/1/24 0:00
120,Furman,SC,3.46,104.4,187,101,90,66.6,278,12/1/24 0:00
,,,,,Strength of Schedule,NCSOS,,,,12/1/24 0:00
Rk,Team,Conf,NetRtg,ORtg,DRtg,AdjT,Luck,NetRtg,ORtg,12/1/24 0:00
121,Purdue Fort Wayne,Horz,3.45,111.1,72,107.7,229,68.7,169,12/1/24 0:00
122,Western Kentucky,CUSA,3.36,103.3,206,100,79,73.4,7,12/1/24 0:00
123,UAB,Amer,3.34,111.8,65,108.4,247,70.4,78,12/1/24 0:00
124,East Carolina,Amer,3.33,107.7,126,104.3,157,65.3,323,12/1/24 0:00
125,Seattle,WAC,3.1,105.5,166,102.4,108,67.4,240,12/1/24 0:00
126,Sam Houston St.,CUSA,3.01,109.2,104,106.2,194,69.3,126,12/1/24 0:00
127,Seton Hall,BE,2.96,97.2,316,94.3,16,63.4,359,12/1/24 0:00
128,Troy,SB,2.91,104.8,180,101.8,96,68.4,181,12/1/24 0:00
129,La Salle,A10,2.89,105.8,159,102.9,120,70.9,59,12/1/24 0:00
130,UMass Lowell,AE,2.88,111.1,73,108.2,241,70.8,61,12/1/24 0:00
131,Boston College,ACC,2.8,106.3,149,103.5,131,67.2,252,12/1/24 0:00
132,Samford,SC,2.72,112,61,109.2,267,73.2,11,12/1/24 0:00
133,George Washington,A10,2.34,107.5,130,105.2,174,69.6,114,12/1/24 0:00
134,Akron,MAC,2.28,108.7,112,106.4,200,69.7,101,12/1/24 0:00
135,Saint Louis,A10,2.14,109.8,92,107.7,231,71.3,42,12/1/24 0:00
136,Belmont,MVC,2.04,108.6,114,106.5,206,71,51,12/1/24 0:00
137,Wright St.,Horz,2,108.1,120,106.1,193,67.9,211,12/1/24 0:00
138,High Point,BSth,1.94,111.7,66,109.7,283,65.1,331,12/1/24 0:00
139,Columbia,Ivy,1.82,110.2,84,108.4,246,68.7,164,12/1/24 0:00
140,South Florida,Amer,1.72,107.3,133,105.6,181,69.6,110,12/1/24 0:00
141,Virginia Tech,ACC,1.71,104.2,188,102.5,109,66.3,288,12/1/24 0:00
142,Charleston,CAA,1.66,106.4,147,104.7,165,70.5,69,12/1/24 0:00
143,Northern Colorado,BSky,1.56,107.5,131,105.9,186,70.8,66,12/1/24 0:00
144,Northern Iowa,MVC,1.45,105.9,157,104.4,159,66.8,267,12/1/24 0:00
145,Texas St.,SB,1.37,105.1,173,103.7,136,66.5,280,12/1/24 0:00
146,Southern Illinois,MVC,1.09,103.2,210,102.1,104,71.3,43,12/1/24 0:00
147,James Madison,SB,1.07,107.5,129,106.4,204,67.2,251,12/1/24 0:00
148,Montana St.,BSky,0.91,106.1,152,105.2,176,67.3,249,12/1/24 0:00
149,Loyola Marymount,WCC,0.9,105.1,175,104.2,149,67.7,229,12/1/24 0:00
150,Oakland,Horz,0.79,103.9,197,103.1,126,64.3,350,12/1/24 0:00
151,Middle Tennessee,CUSA,0.61,105.2,168,104.6,162,68.6,170,12/1/24 0:00
152,Norfolk St.,MEAC,0.39,105.6,163,105.2,175,66.3,290,12/1/24 0:00
153,Vermont,AE,0.34,102.4,226,102.1,101,64.8,344,12/1/24 0:00
154,CSUN,BW,0.29,103.8,198,103.5,132,72.4,18,12/1/24 0:00
155,St. Thomas,Sum,0.26,106.8,141,106.5,207,67.7,228,12/1/24 0:00
156,Northeastern,CAA,0.14,103.1,211,103,122,67.7,232,12/1/24 0:00
157,Appalachian St.,SB,0.13,103.1,212,103,121,64.9,335,12/1/24 0:00
158,Towson,CAA,0.01,102.5,222,102.5,110,64.3,351,12/1/24 0:00
159,Massachusetts,A10,-0.05,104.2,189,104.2,152,70.1,88,12/1/24 0:00
160,Marshall,SB,-0.26,104,193,104.2,153,70.4,79,12/1/24 0:00
,,,,,Strength of Schedule,NCSOS,,,,12/1/24 0:00
Rk,Team,Conf,NetRtg,ORtg,DRtg,AdjT,Luck,NetRtg,ORtg,12/1/24 0:00
161,Rice,Amer,-0.31,102.3,229,102.6,111,66.7,273,12/1/24 0:00
162,Wofford,SC,-0.4,110.6,77,111,304,65,333,12/1/24 0:00
163,North Florida,ASun,-0.45,110.2,86,110.6,296,70,90,12/1/24 0:00
164,UNC Wilmington,CAA,-0.45,106.9,139,107.4,222,66.9,264,12/1/24 0:00
165,Winthrop,BSth,-0.49,102.5,223,103,124,72.1,26,12/1/24 0:00
166,Ohio,MAC,-0.58,108.8,108,109.4,272,70,91,12/1/24 0:00
167,UNC Greensboro,SC,-0.59,102.3,230,102.9,119,66.3,297,12/1/24 0:00
168,Kennesaw St.,CUSA,-0.7,104.6,182,105.3,177,72.1,23,12/1/24 0:00
169,Cal Baptist,WAC,-0.76,108.2,119,108.9,260,65.6,313,12/1/24 0:00
170,Radford,BSth,-0.8,107.1,137,107.9,236,64.9,338,12/1/24 0:00
171,Chattanooga,SC,-0.84,107.8,125,108.6,252,68.5,174,12/1/24 0:00
172,Hofstra,CAA,-0.95,102.1,232,103.1,125,65.7,310,12/1/24 0:00
173,UTEP,CUSA,-1.14,101,251,102.1,103,69.8,99,12/1/24 0:00
174,Jacksonville St.,CUSA,-1.17,106.4,148,107.5,225,66.5,282,12/1/24 0:00
175,Southern Utah,WAC,-1.34,105.8,158,107.2,214,69,147,12/1/24 0:00
176,Texas A&M Corpus Chris,Slnd,-1.4,107.8,124,109.2,265,70.8,63,12/1/24 0:00
177,Florida Gulf Coast,ASun,-1.4,103.6,202,105,172,64,354,12/1/24 0:00
178,Cornell,Ivy,-1.42,107.3,134,108.7,255,72.2,21,12/1/24 0:00
179,UT Rio Grande Valley,Slnd,-1.47,107.5,127,109,261,71.2,46,12/1/24 0:00
180,Hawaii,BW,-1.51,104.4,186,105.9,187,65.4,322,12/1/24 0:00
181,Missouri St.,MVC,-1.58,100.4,257,102,99,67.6,235,12/1/24 0:00
182,Jacksonville,ASun,-1.61,103.2,209,104.8,167,68.8,158,12/1/24 0:00
183,Utah Valley,WAC,-1.63,103.9,194,105.6,180,69.6,113,12/1/24 0:00
184,Longwood,BSth,-1.63,102.5,220,104.2,147,69.2,137,12/1/24 0:00
185,Miami OH,MAC,-1.65,104,192,105.6,182,69.2,136,12/1/24 0:00
186,Bryant,AE,-1.72,104.5,185,106.2,196,73.1,12,12/1/24 0:00
187,Milwaukee,Horz,-1.76,106,154,107.8,235,69.1,145,12/1/24 0:00
188,Central Michigan,MAC,-1.89,102.1,233,104,143,68.6,173,12/1/24 0:00
189,Illinois St.,MVC,-1.99,105.2,167,107.2,216,66.6,276,12/1/24 0:00
190,Drexel,CAA,-2.02,106.2,150,108.2,242,64.6,346,12/1/24 0:00
191,North Dakota St.,Sum,-2.04,110,88,112,326,64.4,349,12/1/24 0:00
192,UT Arlington,WAC,-2.09,107.2,135,109.3,270,70.9,57,12/1/24 0:00
193,UC Riverside,BW,-2.14,104.6,181,106.8,209,68.5,178,12/1/24 0:00
194,North Alabama,ASun,-2.16,106.1,153,108.2,244,68.2,191,12/1/24 0:00
195,Elon,CAA,-2.51,105.2,170,107.7,230,66.4,286,12/1/24 0:00
196,Little Rock,OVC,-2.53,102,235,104.5,161,68.1,199,12/1/24 0:00
197,Richmond,A10,-2.57,101.3,246,103.9,140,66.6,275,12/1/24 0:00
198,UNC Asheville,BSth,-2.64,106.5,146,109.1,263,67.4,243,12/1/24 0:00
199,Illinois Chicago,MVC,-2.65,106,155,108.6,253,71,55,12/1/24 0:00
200,Montana,BSky,-2.68,105.5,164,108.2,240,68.8,155,12/1/24 0:00
,,,,,Strength of Schedule,NCSOS,,,,12/1/24 0:00
Rk,Team,Conf,NetRtg,ORtg,DRtg,AdjT,Luck,NetRtg,ORtg,12/1/24 0:00
201,Northern Kentucky,Horz,-2.76,100,267,102.7,114,67.5,239,12/1/24 0:00
202,Gardner Webb,BSth,-2.76,102.3,231,105,173,70.2,85,12/1/24 0:00
203,Stephen F. Austin,Slnd,-2.79,96.8,326,99.6,76,66.6,277,12/1/24 0:00
204,Charlotte,Amer,-2.82,105,178,107.8,234,64.6,347,12/1/24 0:00
205,William & Mary,CAA,-2.92,107.5,128,110.4,293,72,28,12/1/24 0:00
206,South Alabama,SB,-3.11,102.4,228,105.5,179,65.2,326,12/1/24 0:00
207,Eastern Kentucky,ASun,-3.12,105.6,162,108.8,257,68.3,184,12/1/24 0:00
208,Abilene Christian,WAC,-3.2,102.7,218,105.9,185,68,204,12/1/24 0:00
209,New Mexico St.,CUSA,-3.25,100.4,258,103.6,133,67.8,219,12/1/24 0:00
210,Weber St.,BSky,-3.26,102.7,214,106,188,67.8,216,12/1/24 0:00
211,Cal Poly,BW,-3.6,104.1,190,107.7,228,73.8,3,12/1/24 0:00
212,Saint Peter's,MAAC,-3.62,100.5,254,104.2,148,63.8,355,12/1/24 0:00
213,Toledo,MAC,-3.63,108.3,118,111.9,321,70.4,77,12/1/24 0:00
214,UC Davis,BW,-3.67,99,288,102.6,113,71.7,35,12/1/24 0:00
215,Wyoming,MWC,-3.7,101.3,248,104.9,171,67.3,248,12/1/24 0:00
216,Tulsa,Amer,-3.78,102.6,219,106.4,202,68.9,150,12/1/24 0:00
217,Maine,AE,-3.81,98.4,295,102.2,107,68,207,12/1/24 0:00
218,Delaware,CAA,-3.97,104.9,179,108.9,259,71.2,45,12/1/24 0:00
219,Georgia Southern,SB,-3.98,100.3,262,104.2,154,73.3,9,12/1/24 0:00
220,Nicholls,Slnd,-4.04,102.4,227,106.4,203,67.6,236,12/1/24 0:00
221,Fordham,A10,-4.05,102,234,106.1,190,69.2,134,12/1/24 0:00
222,Grambling St.,SWAC,-4.23,100.7,253,104.9,170,68.2,197,12/1/24 0:00
223,Indiana St.,MVC,-4.32,105.9,156,110.2,290,73.6,4,12/1/24 0:00
224,Merrimack,MAAC,-4.46,97.2,317,101.7,94,66.1,300,12/1/24 0:00
225,Quinnipiac,MAAC,-4.5,98.3,300,102.8,115,70.8,64,12/1/24 0:00
226,Brown,Ivy,-4.5,105,177,109.5,278,66.3,289,12/1/24 0:00
227,Tulane,Amer,-4.55,102.7,215,107.3,218,69.1,139,12/1/24 0:00
228,Georgia St.,SB,-4.85,103.2,208,108.1,238,69.3,127,12/1/24 0:00
229,Presbyterian,BSth,-5.02,103.7,200,108.8,256,65.6,312,12/1/24 0:00
230,Austin Peay,ASun,-5.27,99.4,274,104.6,163,64.8,339,12/1/24 0:00
231,Idaho St.,BSky,-5.33,101.2,249,106.5,205,65.7,311,12/1/24 0:00
232,Duquesne,A10,-5.35,98.8,293,104.1,145,68,203,12/1/24 0:00
233,Southeastern Louisiana,Slnd,-5.63,99.2,282,104.8,166,68.5,176,12/1/24 0:00
234,San Jose St.,MWC,-5.63,103.6,201,109.2,266,65.2,327,12/1/24 0:00
235,Alabama St.,SWAC,-6,102.7,216,108.7,254,69.9,97,12/1/24 0:00
236,Southern,SWAC,-6.05,98.3,299,104.3,156,68.8,154,12/1/24 0:00
237,Lafayette,PL,-6.11,97.9,307,104,142,66.1,303,12/1/24 0:00
238,Mercer,SC,-6.21,103,213,109.2,264,71.6,36,12/1/24 0:00
239,American,PL,-6.44,104.6,184,111,303,63.6,357,12/1/24 0:00
240,Eastern Washington,BSky,-6.46,105.1,172,111.6,314,69.7,102,12/1/24 0:00
,,,,,Strength of Schedule,NCSOS,,,,12/1/24 0:00
Rk,Team,Conf,NetRtg,ORtg,DRtg,AdjT,Luck,NetRtg,ORtg,12/1/24 0:00
241,Boston University,PL,-6.53,100.5,256,107,212,65.4,320,12/1/24 0:00
242,Colgate,PL,-6.61,101.5,245,108.1,239,66.5,285,12/1/24 0:00
243,Robert Morris,Horz,-6.63,98.3,298,104.9,169,68.3,188,12/1/24 0:00
244,South Dakota,Sum,-6.64,106.9,140,113.5,345,73,13,12/1/24 0:00
245,Evansville,MVC,-6.76,102.5,224,109.3,269,69.5,118,12/1/24 0:00
246,Cleveland St.,Horz,-6.77,97.1,319,103.8,138,68.2,193,12/1/24 0:00
247,Valparaiso,MVC,-6.77,104.6,183,111.3,311,68.9,151,12/1/24 0:00
248,Cal St. Bakersfield,BW,-6.79,102,236,108.8,258,65.1,332,12/1/24 0:00
249,Bucknell,PL,-6.8,99.2,279,106,189,68.3,185,12/1/24 0:00
250,Albany,AE,-6.81,101.6,243,108.4,245,70.4,75,12/1/24 0:00
251,FIU,CUSA,-6.86,97.3,315,104.2,146,70.8,65,12/1/24 0:00
252,Marist,MAAC,-6.87,101.6,241,108.5,250,65.5,317,12/1/24 0:00
253,Portland St.,BSky,-6.89,102.5,221,109.4,275,72.1,27,12/1/24 0:00
254,Iona,MAAC,-7.2,99.1,285,106.3,197,68.7,165,12/1/24 0:00
255,Rider,MAAC,-7.29,99.9,269,107.2,215,64.8,340,12/1/24 0:00
256,Mount St. Mary's,MAAC,-7.49,98.9,290,106.4,199,68.3,186,12/1/24 0:00
257,Harvard,Ivy,-7.59,99.6,271,107.1,213,67.8,215,12/1/24 0:00
258,Youngstown St.,Horz,-7.7,96,339,103.7,135,69.3,129,12/1/24 0:00
259,Southern Miss,SB,-7.92,100.1,266,108,237,71.2,47,12/1/24 0:00
260,Army,PL,-7.93,103.7,199,111.7,315,66.2,299,12/1/24 0:00
261,UMBC,AE,-8.03,105.1,176,113.1,339,71,54,12/1/24 0:00
262,Monmouth,CAA,-8.07,101.8,240,109.9,286,68.4,180,12/1/24 0:00
263,UTSA,Amer,-8.21,102.5,225,110.7,298,72.1,25,12/1/24 0:00
264,Pacific,WCC,-8.27,99.2,281,107.4,224,68.8,153,12/1/24 0:00
265,Fresno St.,MWC,-8.37,96,338,104.4,158,74.3,2,12/1/24 0:00
266,Campbell,CAA,-8.45,97.9,305,106.4,201,67.2,250,12/1/24 0:00
267,SIUE,OVC,-8.45,97.9,306,106.4,198,67.1,255,12/1/24 0:00
268,Louisiana,SB,-8.49,105.2,169,113.7,348,69.3,131,12/1/24 0:00
269,Bowling Green,MAC,-8.52,101.9,237,110.4,292,69.2,133,12/1/24 0:00
270,Northwestern St.,Slnd,-8.54,99.3,277,107.8,233,66.7,270,12/1/24 0:00
271,Kansas City,Sum,-8.57,97.5,312,106.1,192,67.7,224,12/1/24 0:00
272,Hampton,CAA,-8.59,100.5,255,109.1,262,65.5,316,12/1/24 0:00
273,Howard,MEAC,-8.59,103.3,205,111.9,322,67.7,225,12/1/24 0:00
274,Central Connecticut,NEC,-8.67,97,321,105.7,183,66,305,12/1/24 0:00
275,Queens,ASun,-8.92,98.3,297,107.2,217,71.1,50,12/1/24 0:00
276,Air Force,MWC,-9,101.9,238,110.9,301,62.4,362,12/1/24 0:00
277,Pepperdine,WCC,-9.03,99.4,273,108.5,249,69.3,128,12/1/24 0:00
278,Green Bay,Horz,-9.07,103.9,195,113,337,71.1,49,12/1/24 0:00
279,Bethune Cookman,SWAC,-9.19,96.5,333,105.7,184,70.2,83,12/1/24 0:00
280,Oral Roberts,Sum,-9.23,103.9,196,113.1,340,69.8,100,12/1/24 0:00
,,,,,Strength of Schedule,NCSOS,,,,12/1/24 0:00
Rk,Team,Conf,NetRtg,ORtg,DRtg,AdjT,Luck,NetRtg,ORtg,12/1/24 0:00
281,North Carolina Central,MEAC,-9.27,104,191,113.3,341,66.5,281,12/1/24 0:00
282,Penn,Ivy,-9.34,105.7,160,115,354,65.7,309,12/1/24 0:00
283,Coastal Carolina,SB,-9.39,98,304,107.4,223,64.2,353,12/1/24 0:00
284,Ball St.,MAC,-9.43,98.8,292,108.2,243,67.8,218,12/1/24 0:00
285,Northern Arizona,BSky,-9.44,101.9,239,111.3,309,66.5,283,12/1/24 0:00
286,North Carolina A&T,CAA,-9.48,101.5,244,111,305,72.9,14,12/1/24 0:00
287,North Dakota,Sum,-9.49,100.1,265,109.6,280,69.1,143,12/1/24 0:00
288,San Diego,WCC,-9.53,94.7,349,104.3,155,72.6,16,12/1/24 0:00
289,Siena,MAAC,-9.59,97.7,309,107.3,219,65.4,321,12/1/24 0:00
290,Southeast Missouri,OVC,-9.61,96.6,331,106.2,195,72.1,24,12/1/24 0:00
291,Texas Southern,SWAC,-9.63,98.1,303,107.7,232,69.9,95,12/1/24 0:00
292,Southern Indiana,OVC,-9.71,100.3,260,110,289,67.8,220,12/1/24 0:00
293,Incarnate Word,Slnd,-9.72,105.7,161,115.4,355,67.9,209,12/1/24 0:00
294,Lehigh,PL,-9.79,103.6,203,113.4,343,67.8,221,12/1/24 0:00
295,Cal St. Fullerton,BW,-9.97,96.9,324,106.9,210,65.5,318,12/1/24 0:00
296,Western Carolina,SC,-10.1,97.5,310,107.6,227,71.4,38,12/1/24 0:00
297,Utah Tech,WAC,-10.12,99.3,276,109.4,273,68.4,182,12/1/24 0:00
298,Idaho,BSky,-10.17,103.3,207,113.5,344,65.6,314,12/1/24 0:00
299,Lamar,Slnd,-10.18,100.8,252,111,302,68.4,183,12/1/24 0:00
300,Fairfield,MAAC,-10.24,98.3,296,108.5,251,66.8,269,12/1/24 0:00
301,Charleston Southern,BSth,-10.54,99.3,275,109.8,285,69.9,96,12/1/24 0:00
302,Western Michigan,MAC,-10.55,100.4,259,110.9,300,67.7,227,12/1/24 0:00
303,Morehead St.,OVC,-10.57,98.9,289,109.5,276,67.1,261,12/1/24 0:00
304,Navy,PL,-10.89,101,250,111.9,319,69.1,141,12/1/24 0:00
305,Eastern Michigan,MAC,-10.91,99.1,284,110,288,68.1,201,12/1/24 0:00
306,Sacramento St.,BSky,-10.95,96.6,329,107.6,226,66.3,294,12/1/24 0:00
307,Tennessee St.,OVC,-11.14,99.1,283,110.3,291,71.7,31,12/1/24 0:00
308,Detroit Mercy,Horz,-11.21,98.2,301,109.4,274,67.4,241,12/1/24 0:00
309,Tarleton St.,WAC,-11.25,95.3,345,106.6,208,67.4,247,12/1/24 0:00
310,South Carolina St.,MEAC,-11.27,97.2,318,108.4,248,68.8,152,12/1/24 0:00
311,Portland,WCC,-11.65,97.8,308,109.5,277,70.5,72,12/1/24 0:00
312,Nebraska Omaha,Sum,-11.75,100.1,264,111.9,317,68.2,195,12/1/24 0:00
313,Wagner,NEC,-11.83,92.1,360,104,141,62,363,12/1/24 0:00
314,Tennessee Tech,OVC,-12.15,99.6,270,111.7,316,68.2,194,12/1/24 0:00
315,Manhattan,MAAC,-12.35,100.3,261,112.7,333,70,93,12/1/24 0:00
316,Niagara,MAAC,-12.96,99.1,286,112.1,327,66.6,279,12/1/24 0:00
317,Saint Francis,NEC,-13.08,96.6,332,109.7,282,69.3,130,12/1/24 0:00
318,Loyola MD,PL,-13.12,96.2,337,109.3,271,68,208,12/1/24 0:00
319,Bellarmine,ASun,-13.24,101.6,242,114.8,351,67.1,260,12/1/24 0:00
320,Sacred Heart,MAAC,-13.32,100.2,263,113.6,346,68.7,163,12/1/24 0:00
,,,,,Strength of Schedule,NCSOS,,,,12/1/24 0:00
Rk,Team,Conf,NetRtg,ORtg,DRtg,AdjT,Luck,NetRtg,ORtg,12/1/24 0:00
321,Tennessee Martin,OVC,-13.63,93.7,356,107.3,220,69.6,112,12/1/24 0:00
322,Central Arkansas,ASun,-13.9,97.4,313,111.3,308,67.4,244,12/1/24 0:00
323,Holy Cross,PL,-14.13,101.3,247,115.4,356,65.6,315,12/1/24 0:00
324,Buffalo,MAC,-14.13,99.5,272,113.6,347,70.8,62,12/1/24 0:00
325,The Citadel,SC,-14.15,95.8,340,110,287,66,304,12/1/24 0:00
326,Louisiana Monroe,SB,-14.15,95.7,342,109.8,284,67.4,245,12/1/24 0:00
327,Eastern Illinois,OVC,-14.17,95.4,344,109.6,279,67.1,257,12/1/24 0:00
328,Le Moyne,NEC,-14.24,96.7,328,110.9,299,69.4,124,12/1/24 0:00
329,Western Illinois,OVC,-14.36,98.5,294,112.8,334,64.2,352,12/1/24 0:00
330,Stony Brook,CAA,-14.44,97.5,311,111.9,323,67.9,210,12/1/24 0:00
331,Dartmouth,Ivy,-14.47,96.2,336,110.7,297,70.4,76,12/1/24 0:00
332,Old Dominion,SB,-14.61,96.6,330,111.2,307,69.1,144,12/1/24 0:00
333,LIU,NEC,-14.79,97.4,314,112.2,330,69.4,122,12/1/24 0:00
334,Jackson St.,SWAC,-14.85,95.6,343,110.5,294,70.2,84,12/1/24 0:00
335,Denver,Sum,-14.97,96.9,322,111.9,318,69.7,103,12/1/24 0:00
336,Binghamton,AE,-15.01,96.9,323,111.9,320,65.2,325,12/1/24 0:00
337,Stonehill,NEC,-15.42,93.9,354,109.3,268,66.7,271,12/1/24 0:00
338,VMI,SC,-15.66,96.4,334,112.1,328,69.1,138,12/1/24 0:00
339,Morgan St.,MEAC,-15.83,97.1,320,112.9,336,71.4,37,12/1/24 0:00
340,Long Beach St.,BW,-15.9,96.7,327,112.6,332,65.3,324,12/1/24 0:00
341,Stetson,ASun,-16.11,98.8,291,114.9,353,69,148,12/1/24 0:00
342,Northern Illinois,MAC,-16.34,94.3,351,110.6,295,70.1,86,12/1/24 0:00
343,West Georgia,ASun,-16.52,94.7,350,111.2,306,67.8,217,12/1/24 0:00
344,Delaware St.,MEAC,-17.09,94.2,352,111.3,310,69.2,132,12/1/24 0:00
345,Fairleigh Dickinson,NEC,-17.32,99.9,268,117.2,360,71.4,39,12/1/24 0:00
346,New Orleans,Slnd,-17.51,95.8,341,113.3,342,70.4,73,12/1/24 0:00
347,USC Upstate,BSth,-17.61,99.2,280,116.8,359,72.7,15,12/1/24 0:00
348,Mercyhurst,NEC,-17.92,95.1,346,113.1,338,64.5,348,12/1/24 0:00
349,Houston Christian,Slnd,-18.04,96.8,325,114.9,352,66.3,293,12/1/24 0:00
350,Lindenwood,OVC,-18.08,94.8,348,112.9,335,68.6,172,12/1/24 0:00
351,NJIT,AE,-18.4,93.7,355,112.2,329,65.5,319,12/1/24 0:00
352,East Texas A&M,Slnd,-18.43,92.9,359,111.4,312,68.8,162,12/1/24 0:00
353,Prairie View A&M,SWAC,-18.61,99.1,287,117.7,361,73.3,10,12/1/24 0:00
354,Florida A&M,SWAC,-18.62,93.4,357,112,325,69.2,135,12/1/24 0:00
355,Canisius,MAAC,-18.93,99.2,278,118.2,362,67.1,254,12/1/24 0:00
356,Alcorn St.,SWAC,-19.1,95.1,347,114.2,350,64.7,345,12/1/24 0:00
357,New Hampshire,AE,-19.98,91.5,361,111.5,313,68.2,196,12/1/24 0:00
358,IU Indy,Horz,-20.25,98.1,302,118.3,363,67.1,259,12/1/24 0:00
359,Alabama A&M,SWAC,-20.74,93.2,358,114,349,71.7,32,12/1/24 0:00
360,Chicago St.,NEC,-21.18,91.3,362,112.5,331,69.6,108,12/1/24 0:00
,,,,,Strength of Schedule,NCSOS,,,,12/1/24 0:00
Rk,Team,Conf,NetRtg,ORtg,DRtg,AdjT,Luck,NetRtg,ORtg,12/1/24 0:00
361,Maryland Eastern Shore,MEAC,-22.1,94,353,116.1,357,68,206,12/1/24 0:00
362,Arkansas Pine Bluff,SWAC,-23.09,96.3,335,119.4,364,71,53,12/1/24 0:00
363,Coppin St.,MEAC,-25.79,86.2,364,112,324,68.4,179,12/1/24 0:00
364,Mississippi Valley St.,SWAC,-29.09,87.1,363,116.2,358,64.9,337,12/1/24 0:00
1,Auburn,SEC,32.09,125.1,1,93,7,68.5,165,12/2/24 0:00
2,Tennessee,SEC,30.97,119.6,11,88.7,2,66.1,289,12/2/24 0:00
3,Gonzaga,WCC,29.9,124.2,2,94.3,15,70.7,59,12/2/24 0:00
4,Duke,ACC,29.81,117.1,23,87.3,1,67.5,225,12/2/24 0:00
5,Houston,B12,27.86,118.7,14,90.9,3,63.4,358,12/2/24 0:00
6,Iowa St.,B12,27.08,121.1,4,94,11,69.7,96,12/2/24 0:00
7,Kansas,B12,26.83,120,10,93.2,9,69.9,91,12/2/24 0:00
8,Florida,SEC,25.34,120.2,9,94.8,22,69.2,124,12/2/24 0:00
9,Cincinnati,B12,24.45,116.9,25,92.5,5,66.6,269,12/2/24 0:00
10,Alabama,SEC,24.24,122.1,3,97.9,48,73.4,5,12/2/24 0:00
11,Marquette,BE,24.2,116.9,26,92.7,6,70.3,74,12/2/24 0:00
12,Kentucky,SEC,23.45,119.4,12,96,30,73.4,4,12/2/24 0:00
13,Pittsburgh,ACC,23.35,118.9,13,95.5,29,68.4,172,12/2/24 0:00
14,Purdue,B10,22.71,120.7,7,98,52,64.6,343,12/2/24 0:00
15,Illinois,B10,22.69,117.8,19,95.1,23,71.5,32,12/2/24 0:00
16,North Carolina,ACC,22.08,120.8,5,98.7,64,73.2,7,12/2/24 0:00
17,UCLA,B10,21.62,113.8,45,92.2,4,66.9,259,12/2/24 0:00
18,Ohio St.,B10,21.56,118.3,16,96.7,34,68.1,191,12/2/24 0:00
19,Oregon,B10,21.51,117.5,20,96,31,68.5,171,12/2/24 0:00
20,Texas Tech,B12,21.43,118.4,15,97,38,66.7,264,12/2/24 0:00
21,St. John's,BE,21.34,115.7,32,94.4,17,69.4,112,12/2/24 0:00
22,Michigan,B10,21.05,114.7,38,93.7,10,69.4,109,12/2/24 0:00
23,Baylor,B12,20.99,120.5,8,99.5,74,66.1,292,12/2/24 0:00
24,Connecticut,BE,20.52,120.8,6,100.2,83,66,299,12/2/24 0:00
25,Clemson,ACC,20.41,115.6,36,95.2,24,66.2,287,12/2/24 0:00
26,Dayton,A10,20.2,118.1,17,97.9,51,67.2,243,12/2/24 0:00
27,Texas A&M,SEC,19.83,115.2,37,95.4,25,67.4,233,12/2/24 0:00
28,Mississippi St.,SEC,19.55,116.5,28,97,36,69.3,116,12/2/24 0:00
29,Wisconsin,B10,19.11,117.9,18,98.8,66,68.6,158,12/2/24 0:00
30,Arizona,B12,19.06,116.6,27,97.6,45,72.1,19,12/2/24 0:00
31,Memphis,Amer,18.93,117.4,21,98.5,59,69.5,106,12/2/24 0:00
32,Maryland,B10,18.82,114.3,40,95.5,27,68.9,140,12/2/24 0:00
33,Saint Mary's,WCC,18.72,115.6,35,96.9,35,64.5,344,12/2/24 0:00
34,BYU,B12,18.53,116.3,29,97.7,47,69.3,120,12/2/24 0:00
35,Texas,SEC,18.48,112.9,53,94.4,18,68.5,169,12/2/24 0:00
36,Nevada,MWC,17.77,116.2,30,98.5,57,64.6,340,12/2/24 0:00
37,Michigan St.,B10,17.65,112,61,94.4,16,67.9,203,12/2/24 0:00
38,Penn St.,B10,17.48,115.7,34,98.2,54,71.9,28,12/2/24 0:00
39,Louisville,ACC,17.28,112,62,94.7,21,69.8,93,12/2/24 0:00
40,San Diego St.,MWC,17.02,111.1,72,94,12,65.7,307,12/2/24 0:00
,,,,,Strength of Schedule,NCSOS,,,,12/2/24 0:00
Rk,Team,Conf,NetRtg,ORtg,DRtg,AdjT,Luck,NetRtg,ORtg,12/2/24 0:00
41,Oklahoma,SEC,16.77,114.2,42,97.5,44,67.6,223,12/2/24 0:00
42,Mississippi,SEC,16.67,117.3,22,100.6,87,68,197,12/2/24 0:00
43,Arkansas,SEC,16.31,110.9,75,94.6,20,70.8,54,12/2/24 0:00
44,VCU,A10,15.93,110,89,94.1,13,68.1,193,12/2/24 0:00
45,Utah St.,MWC,15.78,113.7,47,97.9,49,70.5,66,12/2/24 0:00
46,Georgia,SEC,15.66,113.1,52,97.4,42,68.3,180,12/2/24 0:00
47,Nebraska,B10,15.58,111.1,71,95.5,28,70.1,81,12/2/24 0:00
48,Boise St.,MWC,15.46,114.4,39,98.9,67,68.7,155,12/2/24 0:00
49,Iowa,B10,15.45,114,43,98.6,61,72.1,18,12/2/24 0:00
50,LSU,SEC,14.95,112.2,59,97.2,40,68.5,170,12/2/24 0:00
51,Creighton,BE,14.73,112.7,55,97.9,50,70,88,12/2/24 0:00
52,West Virginia,B12,14.52,111.5,67,97,37,66.9,255,12/2/24 0:00
53,Indiana,B10,14.46,113.5,48,99.1,70,70.4,68,12/2/24 0:00
54,Missouri,SEC,14.2,113.9,44,99.7,78,68.6,164,12/2/24 0:00
55,New Mexico,MWC,14.12,111.8,64,97.7,46,74.7,1,12/2/24 0:00
56,UC Irvine,BW,14.1,107.2,140,93.1,8,69.5,107,12/2/24 0:00
57,Arizona St.,B12,13.91,112.2,57,98.3,55,69,138,12/2/24 0:00
58,Florida St.,ACC,13.79,109.2,102,95.4,26,71.7,30,12/2/24 0:00
59,Butler,BE,13.79,113.3,50,99.5,75,68,194,12/2/24 0:00
60,Utah,B12,13.57,112.8,54,99.3,73,70.6,62,12/2/24 0:00
61,Villanova,BE,13.5,115.8,31,102.3,104,65.6,310,12/2/24 0:00
62,San Francisco,WCC,13.32,111.9,63,98.6,60,67.6,217,12/2/24 0:00
63,Northwestern,B10,12.6,109.1,105,96.5,33,65,330,12/2/24 0:00
64,SMU,ACC,12.51,115.7,33,103.2,124,69.3,118,12/2/24 0:00
65,Liberty,CUSA,12.25,109.3,99,97.1,39,63.5,356,12/2/24 0:00
66,North Texas,Amer,12.18,106.6,146,94.4,19,63.1,360,12/2/24 0:00
67,Xavier,BE,11.9,111,74,99.1,71,69.6,100,12/2/24 0:00
68,Kansas St.,B12,11.83,110.5,80,98.7,63,68.9,146,12/2/24 0:00
69,N.C. State,ACC,11.73,110.3,83,98.6,62,68.6,160,12/2/24 0:00
70,Rutgers,B10,11.2,111.5,66,100.3,85,70.9,51,12/2/24 0:00
71,Vanderbilt,SEC,10.88,113.7,46,102.8,117,70.7,58,12/2/24 0:00
72,Oregon St.,WCC,10.78,110.5,79,99.8,79,64.8,337,12/2/24 0:00
73,Notre Dame,ACC,10.75,113.3,51,102.6,111,66.3,283,12/2/24 0:00
74,Drake,MVC,10.14,108.2,121,98.1,53,64.8,335,12/2/24 0:00
75,Loyola Chicago,A10,9.96,109,108,99,69,68.9,141,12/2/24 0:00
76,UCF,B12,9.78,109,107,99.2,72,70.4,69,12/2/24 0:00
77,South Carolina,SEC,9.62,109.3,100,99.7,77,66.8,260,12/2/24 0:00
78,Washington,B10,9.57,106.8,145,97.2,41,69.2,123,12/2/24 0:00
79,Colorado,B12,9.39,109.5,97,100.1,82,67.7,212,12/2/24 0:00
80,Bradley,MVC,8.94,113.4,49,104.5,158,66.1,290,12/2/24 0:00
,,,,,Strength of Schedule,NCSOS,,,,12/2/24 0:00
Rk,Team,Conf,NetRtg,ORtg,DRtg,AdjT,Luck,NetRtg,ORtg,12/2/24 0:00
81,TCU,B12,8.94,105.2,172,96.3,32,69.3,122,12/2/24 0:00
82,McNeese,Slnd,8.83,110.4,81,101.6,92,66.5,272,12/2/24 0:00
83,Grand Canyon,WAC,8.5,110.6,78,102.1,98,71.2,41,12/2/24 0:00
84,George Mason,A10,8.47,107.2,138,98.8,65,66.3,281,12/2/24 0:00
85,Rhode Island,A10,8.38,111.2,69,102.8,118,71.5,34,12/2/24 0:00
86,Georgetown,BE,8.16,110,90,101.8,94,68.9,147,12/2/24 0:00
87,Saint Joseph's,A10,8.12,108.9,109,100.8,88,69.5,104,12/2/24 0:00
88,Wichita St.,Amer,8.11,108.1,122,100,80,70.3,72,12/2/24 0:00
89,St. Bonaventure,A10,8.07,108.4,118,100.3,86,66,300,12/2/24 0:00
90,Santa Clara,WCC,8,109.7,92,101.7,93,68.5,167,12/2/24 0:00
91,Stanford,ACC,7.97,111.4,68,103.4,129,67.3,242,12/2/24 0:00
92,Murray St.,MVC,7.43,110.7,77,103.3,127,66.7,266,12/2/24 0:00
93,Miami FL,ACC,7.41,117,24,109.6,276,66.5,275,12/2/24 0:00
94,Providence,BE,7.25,107.6,131,100.3,84,64.9,333,12/2/24 0:00
95,Oklahoma St.,B12,7.23,108.7,112,101.5,91,72,20,12/2/24 0:00
96,UC San Diego,BW,7.06,109.2,101,102.2,101,65.9,301,12/2/24 0:00
97,Wake Forest,ACC,6.98,105.4,167,98.5,58,67.3,240,12/2/24 0:00
98,Yale,Ivy,6.91,114.2,41,107.3,218,67.8,208,12/2/24 0:00
99,DePaul,BE,6.9,110.4,82,103.5,131,67.7,211,12/2/24 0:00
100,Minnesota,B10,6.86,104.3,187,97.5,43,62.6,361,12/2/24 0:00
101,Syracuse,ACC,6.81,111,73,104.2,145,70.2,75,12/2/24 0:00
102,Virginia,ACC,6.77,105.2,173,98.4,56,61.7,364,12/2/24 0:00
103,Washington St.,WCC,6.69,108.7,111,102,97,71.1,42,12/2/24 0:00
104,Florida Atlantic,Amer,6.45,112.5,56,106.1,190,71.5,35,12/2/24 0:00
105,Louisiana Tech,CUSA,6.36,109.1,103,102.8,116,66.8,262,12/2/24 0:00
106,Georgia Tech,ACC,6.11,109.4,98,103.3,128,71,46,12/2/24 0:00
107,UNLV,MWC,5.89,109.8,91,104,139,66.7,268,12/2/24 0:00
108,USC,B10,5.71,109.6,96,103.8,138,67.5,231,12/2/24 0:00
109,UC Santa Barbara,BW,5.36,109.6,95,104.2,148,65.7,306,12/2/24 0:00
110,Princeton,Ivy,5.2,112.2,58,107,212,67.5,228,12/2/24 0:00
111,Colorado St.,MWC,5.14,106.1,157,100.9,89,67.4,234,12/2/24 0:00
112,Davidson,A10,4.78,110.1,86,105.4,175,68.3,182,12/2/24 0:00
113,Lipscomb,ASun,4.55,106.8,144,102.3,103,67.9,199,12/2/24 0:00
114,Temple,Amer,4.28,108.5,116,104.2,147,69.7,95,12/2/24 0:00
115,Arkansas St.,SB,4.25,106.2,154,102,96,69.4,113,12/2/24 0:00
116,California,ACC,4.19,107.9,124,103.7,135,70.1,83,12/2/24 0:00
117,East Tennessee St.,SC,4.01,108.7,113,104.7,161,67.3,241,12/2/24 0:00
118,Kent St.,MAC,3.9,102.9,215,99,68,65,328,12/2/24 0:00
119,South Dakota St.,Sum,3.68,108.5,115,104.8,165,70,85,12/2/24 0:00
120,Purdue Fort Wayne,Horz,3.56,111.2,70,107.6,227,68.5,168,12/2/24 0:00
,,,,,Strength of Schedule,NCSOS,,,,12/2/24 0:00
Rk,Team,Conf,NetRtg,ORtg,DRtg,AdjT,Luck,NetRtg,ORtg,12/2/24 0:00
121,Furman,SC,3.47,104.5,184,101.1,90,66.4,278,12/2/24 0:00
122,Western Kentucky,CUSA,3.39,103.4,206,100,81,73.2,8,12/2/24 0:00
123,East Carolina,Amer,3.33,107.7,127,104.4,155,65.1,325,12/2/24 0:00
124,Troy,SB,3.26,105.7,163,102.4,107,68.4,178,12/2/24 0:00
125,Seattle,WAC,3.11,105.6,165,102.4,108,67.3,238,12/2/24 0:00
126,Seton Hall,BE,3.06,97.4,317,94.3,14,63.2,359,12/2/24 0:00
127,Boston College,ACC,2.86,106.4,152,103.5,130,67.1,248,12/2/24 0:00
128,Sam Houston St.,CUSA,2.85,109.1,104,106.3,197,69.2,125,12/2/24 0:00
129,La Salle,A10,2.8,105.8,160,103,120,70.7,60,12/2/24 0:00
130,Samford,SC,2.46,112,60,109.6,275,73,12,12/2/24 0:00
131,Texas St.,SB,2.39,105.6,164,103.2,125,66.1,288,12/2/24 0:00
132,George Washington,A10,2.35,107.5,133,105.1,173,69.3,119,12/2/24 0:00
133,Akron,MAC,2.23,108.7,110,106.5,203,69.5,103,12/2/24 0:00
134,Middle Tennessee,CUSA,2.07,105.7,162,103.6,133,68.4,176,12/2/24 0:00
135,Wright St.,Horz,2.03,108.2,120,106.2,195,67.7,210,12/2/24 0:00
136,Belmont,MVC,2,108.5,114,106.5,205,70.9,50,12/2/24 0:00
137,South Florida,Amer,1.86,107.5,134,105.6,181,69.3,117,12/2/24 0:00
138,High Point,BSth,1.85,111.7,65,109.9,282,65,332,12/2/24 0:00
139,UAB,Amer,1.84,110.8,76,109,259,70.1,79,12/2/24 0:00
140,Saint Louis,A10,1.81,109.7,93,107.9,232,71.1,45,12/2/24 0:00
141,UMass Lowell,AE,1.68,109.7,94,108,234,71.1,44,12/2/24 0:00
142,Virginia Tech,ACC,1.68,104.2,189,102.5,110,66.2,286,12/2/24 0:00
143,Charleston,CAA,1.67,106.5,147,104.8,164,70.4,70,12/2/24 0:00
144,Columbia,Ivy,1.62,110.2,84,108.6,248,68.6,162,12/2/24 0:00
145,Northern Colorado,BSky,1.51,107.6,129,106.1,192,70.5,64,12/2/24 0:00
146,Northern Iowa,MVC,1.48,106,158,104.5,157,66.7,267,12/2/24 0:00
147,Wofford,SC,1.26,110.1,85,108.9,257,65.1,326,12/2/24 0:00
148,James Madison,SB,1.15,107.6,130,106.4,202,67.1,250,12/2/24 0:00
149,Southern Illinois,MVC,1.08,103.2,211,102.1,99,71.1,43,12/2/24 0:00
150,Norfolk St.,MEAC,0.95,106.4,149,105.4,177,66,297,12/2/24 0:00
151,Montana St.,BSky,0.88,106.2,155,105.3,174,67.1,246,12/2/24 0:00
152,Loyola Marymount,WCC,0.85,105.1,174,104.3,152,67.5,227,12/2/24 0:00
153,Oakland,Horz,0.82,104,196,103.2,122,64.2,350,12/2/24 0:00
154,St. Thomas,Sum,0.46,107.1,141,106.6,207,67.5,229,12/2/24 0:00
155,CSUN,BW,0.22,103.8,200,103.6,132,72.2,17,12/2/24 0:00
156,Vermont,AE,0.18,102.4,227,102.2,102,64.6,341,12/2/24 0:00
157,Appalachian St.,SB,0.13,103.2,212,103.1,121,64.8,336,12/2/24 0:00
158,Northeastern,CAA,0.11,103.3,209,103.2,123,67.4,235,12/2/24 0:00
159,Towson,CAA,0.01,102.6,222,102.6,112,64.1,351,12/2/24 0:00
160,Marshall,SB,-0.04,104.2,190,104.2,149,70.1,80,12/2/24 0:00
,,,,,Strength of Schedule,NCSOS,,,,12/2/24 0:00
Rk,Team,Conf,NetRtg,ORtg,DRtg,AdjT,Luck,NetRtg,ORtg,12/2/24 0:00
161,Radford,BSth,-0.19,108.5,117,108.7,250,64.5,346,12/2/24 0:00
162,Ohio,MAC,-0.2,109,106,109.2,265,69.8,92,12/2/24 0:00
163,Rice,Amer,-0.35,102.2,232,102.5,109,66.7,265,12/2/24 0:00
164,Hofstra,CAA,-0.4,102.2,231,102.6,113,65.5,311,12/2/24 0:00
165,UNC Wilmington,CAA,-0.46,107,142,107.5,223,66.7,263,12/2/24 0:00
166,Massachusetts,A10,-0.51,104.6,183,105.1,172,69.9,89,12/2/24 0:00
167,Winthrop,BSth,-0.55,102.6,220,103.2,126,71.9,21,12/2/24 0:00
168,UNC Greensboro,SC,-0.58,102.3,230,102.9,119,66.1,295,12/2/24 0:00
169,Kennesaw St.,CUSA,-0.7,104.7,180,105.4,176,71.9,26,12/2/24 0:00
170,Elon,CAA,-0.7,105.4,168,106.1,189,65.9,303,12/2/24 0:00
171,Chattanooga,SC,-0.93,107.8,126,108.7,251,68.3,179,12/2/24 0:00
172,UNC Asheville,BSth,-0.99,107.9,123,108.9,258,67.4,236,12/2/24 0:00
173,UTEP,CUSA,-1.12,101,251,102.2,100,69.6,99,12/2/24 0:00
174,Jacksonville St.,CUSA,-1.18,106.4,148,107.6,226,66.3,280,12/2/24 0:00
175,Missouri St.,MVC,-1.18,101.1,250,102.3,105,66.9,254,12/2/24 0:00
176,North Florida,ASun,-1.27,110.1,87,111.4,310,70.5,65,12/2/24 0:00
177,Cal Baptist,WAC,-1.28,107.3,136,108.5,247,65.8,305,12/2/24 0:00
178,Southern Utah,WAC,-1.36,105.9,159,107.3,214,68.8,151,12/2/24 0:00
179,UT Rio Grande Valley,Slnd,-1.36,107.7,128,109,260,70.9,49,12/2/24 0:00
180,Florida Gulf Coast,ASun,-1.39,103.7,203,105.1,170,63.8,354,12/2/24 0:00
181,Texas A&M Corpus Chris,Slnd,-1.41,107.9,125,109.3,267,70.6,61,12/2/24 0:00
182,Jacksonville,ASun,-1.48,103.4,205,104.9,166,68.6,163,12/2/24 0:00
183,Hawaii,BW,-1.5,104.5,185,106,185,65.2,321,12/2/24 0:00
184,Cornell,Ivy,-1.53,107.3,137,108.8,254,71.9,24,12/2/24 0:00
185,Milwaukee,Horz,-1.57,106.4,150,107.9,233,68.8,150,12/2/24 0:00
186,Longwood,BSth,-1.62,102.5,225,104.1,142,68.9,145,12/2/24 0:00
187,Utah Valley,WAC,-1.63,104,195,105.6,182,69.4,111,12/2/24 0:00
188,Bryant,AE,-1.65,104.4,186,106,186,73,11,12/2/24 0:00
189,Miami OH,MAC,-1.69,104,193,105.7,183,69,134,12/2/24 0:00
190,Central Michigan,MAC,-1.94,102,237,104,140,68.4,175,12/2/24 0:00
191,Drexel,CAA,-1.99,106.3,153,108.3,243,64.4,348,12/2/24 0:00
192,UT Arlington,WAC,-2.04,107.3,135,109.3,270,70.8,55,12/2/24 0:00
193,North Dakota St.,Sum,-2.07,110.1,88,112.1,323,64.2,349,12/2/24 0:00
194,Illinois St.,MVC,-2.1,105.3,169,107.4,219,66.5,273,12/2/24 0:00
195,UC Riverside,BW,-2.23,104.7,179,107,211,68.2,189,12/2/24 0:00
196,Richmond,A10,-2.59,101.4,247,104,141,66.5,274,12/2/24 0:00
197,Little Rock,OVC,-2.59,102.1,235,104.7,160,67.9,200,12/2/24 0:00
198,Gardner Webb,BSth,-2.64,102.4,229,105,169,70,84,12/2/24 0:00
199,Illinois Chicago,MVC,-2.67,106.1,156,108.8,253,70.8,57,12/2/24 0:00
200,Montana,BSky,-2.74,105.5,166,108.3,242,68.7,157,12/2/24 0:00
,,,,,Strength of Schedule,NCSOS,,,,12/2/24 0:00
Rk,Team,Conf,NetRtg,ORtg,DRtg,AdjT,Luck,NetRtg,ORtg,12/2/24 0:00
201,Northern Kentucky,Horz,-2.76,100,267,102.8,115,67.3,239,12/2/24 0:00
202,William & Mary,CAA,-2.82,107.5,132,110.3,290,71.9,27,12/2/24 0:00
203,Stephen F. Austin,Slnd,-2.83,96.9,327,99.7,76,66.4,277,12/2/24 0:00
204,Charlotte,Amer,-2.88,105.1,176,108,235,64.5,345,12/2/24 0:00
205,Abilene Christian,WAC,-2.95,102.9,214,105.9,184,67.9,204,12/2/24 0:00
206,South Alabama,SB,-3.16,102.4,228,105.6,180,65,331,12/2/24 0:00
207,Weber St.,BSky,-3.25,102.8,216,106,187,67.6,219,12/2/24 0:00
208,New Mexico St.,CUSA,-3.25,100.5,259,103.7,134,67.6,222,12/2/24 0:00
209,Eastern Kentucky,ASun,-3.26,106.4,151,109.6,281,68.2,185,12/2/24 0:00
210,Indiana St.,MVC,-3.37,107.2,139,110.6,293,73.3,6,12/2/24 0:00
211,Fordham,A10,-3.38,102.1,234,105.5,178,69.5,102,12/2/24 0:00
212,Cal Poly,BW,-3.56,104.1,191,107.7,229,73.6,3,12/2/24 0:00
213,Toledo,MAC,-3.58,108.3,119,111.9,320,70.2,78,12/2/24 0:00
214,UC Davis,BW,-3.6,99,286,102.6,114,71.5,33,12/2/24 0:00
215,Saint Peter's,MAAC,-3.68,100.6,256,104.3,153,63.6,355,12/2/24 0:00
216,Tulsa,Amer,-3.81,102.5,223,106.3,199,68.8,152,12/2/24 0:00
217,Wyoming,MWC,-3.86,101.2,249,105.1,171,67.1,247,12/2/24 0:00
218,North Alabama,ASun,-3.93,103.9,199,107.8,231,68.4,177,12/2/24 0:00
219,Maine,AE,-3.93,98.4,296,102.4,106,67.8,207,12/2/24 0:00
220,Georgia Southern,SB,-3.95,100.3,263,104.3,151,73.2,10,12/2/24 0:00
221,Delaware,CAA,-3.98,105.1,178,109,261,71,47,12/2/24 0:00
222,Nicholls,Slnd,-4.06,102.4,226,106.5,204,67.5,232,12/2/24 0:00
223,Grambling St.,SWAC,-4.24,100.7,255,105,168,68,198,12/2/24 0:00
224,Brown,Ivy,-4.47,105.1,175,109.6,278,66.1,291,12/2/24 0:00
225,Merrimack,MAAC,-4.52,97.3,320,101.8,95,65.9,302,12/2/24 0:00
226,Tulane,Amer,-4.6,102.7,219,107.3,216,68.9,144,12/2/24 0:00
227,Georgia St.,SB,-4.84,103.3,208,108.2,240,69.1,127,12/2/24 0:00
228,Presbyterian,BSth,-4.89,104,197,108.9,256,65.4,314,12/2/24 0:00
229,Austin Peay,ASun,-5.27,99.5,273,104.7,163,64.6,342,12/2/24 0:00
230,Duquesne,A10,-5.3,98.8,292,104.1,143,67.9,206,12/2/24 0:00
231,Idaho St.,BSky,-5.35,101.2,248,106.6,206,65.5,312,12/2/24 0:00
232,San Jose St.,MWC,-5.62,103.7,202,109.3,268,65,329,12/2/24 0:00
233,Southeastern Louisiana,Slnd,-5.77,99.2,282,105,167,68.3,181,12/2/24 0:00
234,Alabama St.,SWAC,-5.99,102.8,218,108.8,252,69.7,94,12/2/24 0:00
235,Southern,SWAC,-6,98.4,298,104.4,154,68.7,156,12/2/24 0:00
236,Mercer,SC,-6.21,103,213,109.2,266,71.5,37,12/2/24 0:00
237,Robert Morris,Horz,-6.38,98.3,303,104.7,162,68.2,188,12/2/24 0:00
238,American,PL,-6.46,104.6,182,111.1,302,63.4,357,12/2/24 0:00
239,Eastern Washington,BSky,-6.49,105.2,171,111.7,317,69.5,105,12/2/24 0:00
240,South Dakota,Sum,-6.52,107,143,113.5,343,72.7,14,12/2/24 0:00
,,,,,Strength of Schedule,NCSOS,,,,12/2/24 0:00
Rk,Team,Conf,NetRtg,ORtg,DRtg,AdjT,Luck,NetRtg,ORtg,12/2/24 0:00
241,Evansville,MVC,-6.57,102.6,221,109.2,264,69.3,115,12/2/24 0:00
242,Colgate,PL,-6.62,101.6,245,108.2,241,66.3,284,12/2/24 0:00
243,Valparaiso,MVC,-6.71,104.7,181,111.4,312,68.8,154,12/2/24 0:00
244,Cleveland St.,Horz,-6.73,97,323,103.8,136,67.9,201,12/2/24 0:00
245,Portland St.,BSky,-6.73,102.8,217,109.5,273,71.9,29,12/2/24 0:00
246,Bucknell,PL,-6.78,99.3,280,106,188,68.1,192,12/2/24 0:00
247,Cal St. Bakersfield,BW,-6.81,102,238,108.8,255,64.9,334,12/2/24 0:00
248,Albany,AE,-6.82,101.6,244,108.4,245,70.2,76,12/2/24 0:00
249,FIU,CUSA,-6.89,97.4,319,104.3,150,70.6,63,12/2/24 0:00
250,Marist,MAAC,-6.94,101.7,241,108.7,249,65.3,320,12/2/24 0:00
251,Quinnipiac,MAAC,-7.07,99.2,284,106.2,196,70.4,71,12/2/24 0:00
252,Iona,MAAC,-7.2,98.9,290,106.1,191,68.9,149,12/2/24 0:00
253,Lafayette,PL,-7.3,98.3,305,105.6,179,66.4,276,12/2/24 0:00
254,Rider,MAAC,-7.35,99.9,268,107.3,215,64.7,339,12/2/24 0:00
255,Central Connecticut,NEC,-7.42,96.7,329,104.2,144,66,298,12/2/24 0:00
256,Mount St. Mary's,MAAC,-7.53,98.9,291,106.4,200,68.1,190,12/2/24 0:00
257,Youngstown St.,Horz,-7.66,96.1,339,103.8,137,69.1,129,12/2/24 0:00
258,Harvard,Ivy,-7.67,99.5,271,107.2,213,67.7,215,12/2/24 0:00
259,Army,PL,-7.87,103.8,201,111.7,315,66.1,296,12/2/24 0:00
260,Southern Miss,SB,-7.98,100.1,265,108.1,236,71,48,12/2/24 0:00
261,Monmouth,CAA,-8.02,101.9,240,109.9,284,68.3,184,12/2/24 0:00
262,Boston University,PL,-8.15,99.3,278,107.4,220,65.6,309,12/2/24 0:00
263,UTSA,Amer,-8.17,102.5,224,110.7,296,71.9,23,12/2/24 0:00
264,UMBC,AE,-8.2,105.1,177,113.3,340,70.8,56,12/2/24 0:00
265,Pacific,WCC,-8.31,99.2,283,107.5,224,68.6,161,12/2/24 0:00
266,Fresno St.,MWC,-8.41,96.1,338,104.5,159,74.1,2,12/2/24 0:00
267,SIUE,OVC,-8.42,97.9,307,106.3,198,66.9,258,12/2/24 0:00
268,Bowling Green,MAC,-8.44,102.1,233,110.6,292,69.1,128,12/2/24 0:00
269,Campbell,CAA,-8.5,97.9,308,106.4,201,67.1,249,12/2/24 0:00
270,Hampton,CAA,-8.53,100.6,257,109.1,262,65.4,316,12/2/24 0:00
271,Kansas City,Sum,-8.53,97.6,311,106.1,193,67.6,224,12/2/24 0:00
272,Louisiana,SB,-8.61,105.2,170,113.9,347,69.1,130,12/2/24 0:00
273,Northwestern St.,Slnd,-8.72,99.4,274,108.1,239,66.5,270,12/2/24 0:00
274,Howard,MEAC,-8.9,103.3,210,112.2,324,67.5,230,12/2/24 0:00
275,Queens,ASun,-8.92,98.4,299,107.3,217,70.9,53,12/2/24 0:00
276,Green Bay,Horz,-9.01,104,194,113,339,70.9,52,12/2/24 0:00
277,Pepperdine,WCC,-9.02,99.5,272,108.5,246,69.1,126,12/2/24 0:00
278,North Carolina Central,MEAC,-9.26,104.1,192,113.3,341,66.3,282,12/2/24 0:00
279,Bethune Cookman,SWAC,-9.26,97.4,316,106.7,208,70,86,12/2/24 0:00
280,Air Force,MWC,-9.27,102,236,111.3,308,62.3,362,12/2/24 0:00
,,,,,Strength of Schedule,NCSOS,,,,12/2/24 0:00
Rk,Team,Conf,NetRtg,ORtg,DRtg,AdjT,Luck,NetRtg,ORtg,12/2/24 0:00
281,Ball St.,MAC,-9.34,98.8,293,108.1,238,67.6,220,12/2/24 0:00
282,Coastal Carolina,SB,-9.38,98.1,306,107.5,222,64,353,12/2/24 0:00
283,South Carolina St.,MEAC,-9.42,97.5,314,106.9,209,69,133,12/2/24 0:00
284,Southeast Missouri,OVC,-9.43,96.7,331,106.1,194,71.9,22,12/2/24 0:00
285,Northern Arizona,BSky,-9.44,101.9,239,111.4,309,66.3,279,12/2/24 0:00
286,North Carolina A&T,CAA,-9.46,101.6,243,111.1,303,72.8,13,12/2/24 0:00
287,North Dakota,Sum,-9.51,100.1,266,109.6,280,68.9,142,12/2/24 0:00
288,Southern Indiana,OVC,-9.59,100.4,262,110,285,67.7,214,12/2/24 0:00
289,San Diego,WCC,-9.68,94.8,350,104.4,156,72.3,16,12/2/24 0:00
290,Siena,MAAC,-9.7,97.7,310,107.4,221,65.2,322,12/2/24 0:00
291,Oral Roberts,Sum,-9.76,104.2,188,114,348,69,136,12/2/24 0:00
292,Incarnate Word,Slnd,-9.83,105.7,161,115.5,356,67.6,218,12/2/24 0:00
293,Lehigh,PL,-9.85,103.5,204,113.4,342,67.6,221,12/2/24 0:00
294,Cal St. Fullerton,BW,-9.97,97,325,106.9,210,65.3,318,12/2/24 0:00
295,Western Carolina,SC,-10.12,97.6,312,107.7,230,71.3,39,12/2/24 0:00
296,Utah Tech,WAC,-10.18,99.3,277,109.5,271,68.2,186,12/2/24 0:00
297,Idaho,BSky,-10.18,103.4,207,113.5,344,65.4,315,12/2/24 0:00
298,Lamar,Slnd,-10.18,100.8,254,111,301,68.2,187,12/2/24 0:00
299,Western Michigan,MAC,-10.52,100.5,260,111,300,67.5,226,12/2/24 0:00
300,Morehead St.,OVC,-10.56,98.9,289,109.5,272,66.9,251,12/2/24 0:00
301,Charleston Southern,BSth,-10.59,99.3,275,109.9,283,69.6,98,12/2/24 0:00
302,Fairfield,MAAC,-10.79,98.3,302,109.1,263,66.5,271,12/2/24 0:00
303,Eastern Michigan,MAC,-10.81,99.2,281,110,287,67.9,202,12/2/24 0:00
304,Texas Southern,SWAC,-10.97,97.4,318,108.4,244,69.4,110,12/2/24 0:00
305,Sacramento St.,BSky,-11.02,96.6,333,107.7,228,66.1,294,12/2/24 0:00
306,Detroit Mercy,Horz,-11.14,98.4,297,109.6,277,67.4,237,12/2/24 0:00
307,Penn,Ivy,-11.17,103.9,198,115.1,354,65.1,323,12/2/24 0:00
308,Portland,WCC,-11.19,98.4,300,109.5,274,70.4,67,12/2/24 0:00
309,Navy,PL,-11.23,101,252,112.3,326,69,137,12/2/24 0:00
310,Sacred Heart,MAAC,-11.61,100.8,253,112.5,328,68.9,148,12/2/24 0:00
311,Nebraska Omaha,Sum,-11.72,100.2,264,111.9,319,68,195,12/2/24 0:00
312,Wagner,NEC,-11.99,92.2,360,104.2,146,61.8,363,12/2/24 0:00
313,Niagara,MAAC,-12.03,98.3,304,110.3,291,65.6,308,12/2/24 0:00
314,Tennessee Tech,OVC,-12.11,99.7,269,111.8,318,68,196,12/2/24 0:00
315,Manhattan,MAAC,-12.22,100.4,261,112.7,333,69.6,97,12/2/24 0:00
316,Tarleton St.,WAC,-12.64,95.5,346,108.1,237,66.9,253,12/2/24 0:00
317,Tennessee St.,OVC,-12.78,98.9,287,111.7,316,71.9,25,12/2/24 0:00
318,Stonehill,NEC,-13.09,97.1,321,110.2,289,66.3,285,12/2/24 0:00
319,Loyola MD,PL,-13.11,96.2,337,109.3,269,67.8,209,12/2/24 0:00
320,Bellarmine,ASun,-13.2,101.7,242,114.9,351,66.9,256,12/2/24 0:00
,,,,,Strength of Schedule,NCSOS,,,,12/2/24 0:00
Rk,Team,Conf,NetRtg,ORtg,DRtg,AdjT,Luck,NetRtg,ORtg,12/2/24 0:00
321,Saint Francis,NEC,-13.43,97.5,315,110.9,298,69,132,12/2/24 0:00
322,Central Arkansas,ASun,-13.73,97.5,313,111.2,307,67.2,244,12/2/24 0:00
323,Tennessee Martin,OVC,-13.79,93.8,356,107.6,225,69.4,114,12/2/24 0:00
324,Binghamton,AE,-13.85,98.6,294,112.5,329,65.5,313,12/2/24 0:00
325,Buffalo,MAC,-13.89,99.7,270,113.6,345,70.3,73,12/2/24 0:00
326,Holy Cross,PL,-14.05,101.5,246,115.5,355,65.3,319,12/2/24 0:00
327,Eastern Illinois,OVC,-14.13,95.5,345,109.6,279,66.9,252,12/2/24 0:00
328,The Citadel,SC,-14.13,95.9,340,110,286,65.8,304,12/2/24 0:00
329,Le Moyne,NEC,-14.23,96.7,330,111,299,69.3,121,12/2/24 0:00
330,Louisiana Monroe,SB,-14.34,95.8,343,110.1,288,67.2,245,12/2/24 0:00
331,Western Illinois,OVC,-14.35,98.5,295,112.9,336,64,352,12/2/24 0:00
332,Dartmouth,Ivy,-14.51,96.3,336,110.8,297,70.1,82,12/2/24 0:00
333,Old Dominion,SB,-14.55,96.6,332,111.2,306,68.9,139,12/2/24 0:00
334,Jackson St.,SWAC,-14.98,95.6,344,110.6,294,69.9,90,12/2/24 0:00
335,Stony Brook,CAA,-15.09,97.8,309,112.9,335,67.7,213,12/2/24 0:00
336,Denver,Sum,-15.55,97,324,112.6,330,69.5,101,12/2/24 0:00
337,LIU,NEC,-15.63,95.9,341,111.5,313,68.5,166,12/2/24 0:00
338,VMI,SC,-15.65,96.5,335,112.2,325,69,135,12/2/24 0:00
339,Long Beach St.,BW,-15.83,96.8,328,112.6,331,65.1,327,12/2/24 0:00
340,Morgan St.,MEAC,-15.84,97.1,322,112.9,337,71.3,38,12/2/24 0:00
341,Stetson,ASun,-16.1,98.9,288,115,353,68.8,153,12/2/24 0:00
342,Northern Illinois,MAC,-16.12,94.5,352,110.6,295,70,87,12/2/24 0:00
343,West Georgia,ASun,-16.5,94.7,351,111.2,305,67.7,216,12/2/24 0:00
344,Fairleigh Dickinson,NEC,-16.84,100.5,258,117.3,360,71.2,40,12/2/24 0:00
345,Delaware St.,MEAC,-17.09,94.3,354,111.4,311,69,131,12/2/24 0:00
346,New Orleans,Slnd,-17.11,95.9,342,113,338,70.2,77,12/2/24 0:00
347,USC Upstate,BSth,-17.63,99.3,279,116.9,359,72.5,15,12/2/24 0:00
348,Lindenwood,OVC,-17.78,94.9,349,112.6,332,68.4,173,12/2/24 0:00
349,Houston Christian,Slnd,-18.02,96.9,326,114.9,352,66.1,293,12/2/24 0:00
350,East Texas A&M,Slnd,-18.17,92.9,359,111.1,304,68.6,159,12/2/24 0:00
351,NJIT,AE,-18.25,94.5,353,112.7,334,65.4,317,12/2/24 0:00
352,Mercyhurst,NEC,-18.28,95.4,347,113.6,346,64.4,347,12/2/24 0:00
353,Florida A&M,SWAC,-18.6,93.5,357,112.1,322,68.9,143,12/2/24 0:00
354,Prairie View A&M,SWAC,-18.63,99.1,285,117.8,361,73.2,9,12/2/24 0:00
355,Canisius,MAAC,-18.9,99.3,276,118.2,362,66.9,257,12/2/24 0:00
356,Alcorn St.,SWAC,-19.56,95,348,114.5,350,65.1,324,12/2/24 0:00
357,IU Indy,Horz,-20.17,98.3,301,118.5,363,66.8,261,12/2/24 0:00
358,New Hampshire,AE,-20.64,90.9,362,111.6,314,68.4,174,12/2/24 0:00
359,Alabama A&M,SWAC,-20.68,93.3,358,114,349,71.5,36,12/2/24 0:00
360,Chicago St.,NEC,-21.03,91.2,361,112.3,327,69.5,108,12/2/24 0:00
,,,,,Strength of Schedule,NCSOS,,,,12/2/24 0:00
Rk,Team,Conf,NetRtg,ORtg,DRtg,AdjT,Luck,NetRtg,ORtg,12/2/24 0:00
361,Maryland Eastern Shore,MEAC,-22.25,94.1,355,116.3,358,67.9,205,12/2/24 0:00
362,Arkansas Pine Bluff,SWAC,-23.75,96.6,334,120.3,364,71.6,31,12/2/24 0:00
363,Coppin St.,MEAC,-25.83,86.2,364,112,321,68.3,183,12/2/24 0:00
364,Mississippi Valley St.,SWAC,-29.08,87.1,363,116.2,357,64.7,338,12/2/24 0:00
1,Auburn,SEC,32.08,125.2,1,93.1,6,68.6,164,12/3/24 0:00
2,Tennessee,SEC,30.98,119.7,11,88.7,2,66.2,290,12/3/24 0:00
3,Gonzaga,WCC,29.9,124.3,2,94.4,15,70.8,58,12/3/24 0:00
4,Duke,ACC,29.82,117.2,23,87.3,1,67.6,224,12/3/24 0:00
5,Houston,B12,27.89,118.8,14,90.9,3,63.5,356,12/3/24 0:00
6,Iowa St.,B12,26.99,121.1,4,94.1,12,69.7,102,12/3/24 0:00
7,Kansas,B12,26.81,120.1,10,93.2,8,69.9,91,12/3/24 0:00
8,Florida,SEC,25.32,120.2,9,94.9,22,69.3,126,12/3/24 0:00
9,Marquette,BE,24.21,116.9,24,92.7,5,70.3,76,12/3/24 0:00
10,Alabama,SEC,24.16,122.1,3,98,51,73.4,5,12/3/24 0:00
11,Kentucky,SEC,23.49,119.5,12,96,30,73.5,4,12/3/24 0:00
12,Pittsburgh,ACC,23.35,118.9,13,95.5,29,68.5,172,12/3/24 0:00
13,Illinois,B10,22.71,117.9,19,95.2,23,71.6,37,12/3/24 0:00
14,Cincinnati,B12,22.68,116.2,30,93.5,9,66,300,12/3/24 0:00
15,Purdue,B10,22.68,120.8,7,98.1,52,64.6,343,12/3/24 0:00
16,North Carolina,ACC,22.08,120.8,5,98.8,64,73.3,7,12/3/24 0:00
17,UCLA,B10,21.64,113.9,44,92.2,4,66.9,257,12/3/24 0:00
18,Ohio St.,B10,21.56,118.3,16,96.7,34,68.2,189,12/3/24 0:00
19,Oregon,B10,21.5,117.6,20,96.1,31,68.5,169,12/3/24 0:00
20,Texas Tech,B12,21.44,118.5,15,97,37,66.8,264,12/3/24 0:00
21,St. John's,BE,21.33,115.7,32,94.4,16,69.4,114,12/3/24 0:00
22,Michigan,B10,21.11,114.8,37,93.7,10,69.5,110,12/3/24 0:00
23,Baylor,B12,20.98,120.5,8,99.5,76,66.2,291,12/3/24 0:00
24,Connecticut,BE,20.45,120.8,6,100.3,86,66,299,12/3/24 0:00
25,Clemson,ACC,20.4,115.6,35,95.2,24,66.3,284,12/3/24 0:00
26,Dayton,A10,20.19,118.1,17,98,50,67.3,243,12/3/24 0:00
27,Texas A&M,SEC,19.8,115.2,36,95.4,26,67.5,231,12/3/24 0:00
28,Mississippi St.,SEC,19.58,116.6,28,97,36,69.4,117,12/3/24 0:00
29,Wisconsin,B10,19.11,117.9,18,98.8,66,68.6,166,12/3/24 0:00
30,Arizona,B12,19.1,116.7,27,97.6,45,72.1,20,12/3/24 0:00
31,Maryland,B10,18.97,114.4,39,95.4,25,69.1,134,12/3/24 0:00
32,Memphis,Amer,18.92,117.4,21,98.5,59,69.6,107,12/3/24 0:00
33,Saint Mary's,WCC,18.74,115.6,34,96.9,35,64.6,344,12/3/24 0:00
34,BYU,B12,18.54,116.3,29,97.8,47,69.3,119,12/3/24 0:00
35,Texas,SEC,18.48,112.9,52,94.4,17,68.4,181,12/3/24 0:00
36,Michigan St.,B10,17.58,112,62,94.5,18,67.9,207,12/3/24 0:00
37,Penn St.,B10,17.43,115.7,33,98.3,55,71.9,29,12/3/24 0:00
38,Louisville,ACC,17.28,112,61,94.8,21,69.9,94,12/3/24 0:00
39,San Diego St.,MWC,17.02,111.1,71,94.1,11,65.7,307,12/3/24 0:00
40,Oklahoma,SEC,16.77,114.3,41,97.5,43,67.7,219,12/3/24 0:00
,,,,,Strength of Schedule,NCSOS,,,,12/3/24 0:00
Rk,Team,Conf,NetRtg,ORtg,DRtg,AdjT,Luck,NetRtg,ORtg,12/3/24 0:00
41,Mississippi,SEC,16.67,117.3,22,100.7,89,68,198,12/3/24 0:00
42,Arkansas,SEC,16.37,111,74,94.6,20,70.8,55,12/3/24 0:00
43,Utah St.,MWC,15.8,113.7,47,97.9,48,70.6,65,12/3/24 0:00
44,VCU,A10,15.76,110,89,94.3,13,68.2,190,12/3/24 0:00
45,Iowa,B10,15.7,114.3,40,98.6,60,72.1,21,12/3/24 0:00
46,Georgia,SEC,15.64,113.1,51,97.5,42,68.4,179,12/3/24 0:00
47,Nebraska,B10,15.57,111.1,70,95.5,28,70.2,83,12/3/24 0:00
48,Boise St.,MWC,15.46,114.4,38,98.9,67,68.8,154,12/3/24 0:00
49,Nevada,MWC,15.44,113.9,43,98.4,57,64.7,340,12/3/24 0:00
50,LSU,SEC,14.89,112.2,59,97.3,40,68.5,171,12/3/24 0:00
51,Villanova,BE,14.88,116.8,26,101.9,95,65.1,328,12/3/24 0:00
52,Creighton,BE,14.74,112.7,54,97.9,49,70,88,12/3/24 0:00
53,West Virginia,B12,14.53,111.6,66,97,38,67,254,12/3/24 0:00
54,Indiana,B10,14.49,113.6,49,99.1,71,70.4,71,12/3/24 0:00
55,Missouri,SEC,14.27,114,42,99.7,78,68.6,167,12/3/24 0:00
56,New Mexico,MWC,14.13,111.8,64,97.7,46,74.8,1,12/3/24 0:00
57,UC Irvine,BW,14.08,107.2,140,93.1,7,69.5,108,12/3/24 0:00
58,Arizona St.,B12,13.99,112.3,57,98.3,54,68.9,148,12/3/24 0:00
59,Florida St.,ACC,13.77,109.2,100,95.5,27,71.8,32,12/3/24 0:00
60,Utah,B12,13.58,112.9,53,99.3,73,70.7,61,12/3/24 0:00
61,Butler,BE,13.32,112.7,55,99.4,74,68.2,188,12/3/24 0:00
62,San Francisco,WCC,13.29,111.9,63,98.6,61,67.6,225,12/3/24 0:00
63,SMU,ACC,12.74,116,31,103.2,126,69.3,121,12/3/24 0:00
64,Northwestern,B10,12.61,109.2,102,96.6,33,65,331,12/3/24 0:00
65,Liberty,CUSA,12.15,109.3,97,97.1,39,63.6,355,12/3/24 0:00
66,North Texas,Amer,12.07,106.6,146,94.5,19,63.2,360,12/3/24 0:00
67,Xavier,BE,11.96,111,72,99.1,70,69.7,103,12/3/24 0:00
68,Kansas St.,B12,11.8,110.5,80,98.7,63,68.9,146,12/3/24 0:00
69,N.C. State,ACC,11.64,110.3,83,98.6,62,68.6,162,12/3/24 0:00
70,Rutgers,B10,11.19,111.5,67,100.3,85,71,52,12/3/24 0:00
71,Notre Dame,ACC,10.82,113.5,50,102.7,113,66.3,285,12/3/24 0:00
72,Oregon St.,WCC,10.76,110.6,79,99.8,80,64.8,336,12/3/24 0:00
73,Vanderbilt,SEC,10.72,113.8,46,103.1,121,70.9,54,12/3/24 0:00
74,Drake,MVC,10.09,108.2,121,98.1,53,64.9,335,12/3/24 0:00
75,Loyola Chicago,A10,9.96,109,107,99,68,68.8,152,12/3/24 0:00
76,UCF,B12,9.77,109,106,99.3,72,70.5,69,12/3/24 0:00
77,South Carolina,SEC,9.63,109.4,95,99.7,77,66.9,258,12/3/24 0:00
78,Washington,B10,9.43,106.8,145,97.4,41,69.3,125,12/3/24 0:00
79,Washington St.,WCC,9.22,108.7,112,99.5,75,71.4,40,12/3/24 0:00
80,Bradley,MVC,9.21,113.7,48,104.5,156,66.2,292,12/3/24 0:00
,,,,,Strength of Schedule,NCSOS,,,,12/3/24 0:00
Rk,Team,Conf,NetRtg,ORtg,DRtg,AdjT,Luck,NetRtg,ORtg,12/3/24 0:00
81,TCU,B12,9.02,105.3,172,96.3,32,69.3,122,12/3/24 0:00
82,Santa Clara,WCC,8.78,110.3,82,101.5,93,68.5,170,12/3/24 0:00
83,Rhode Island,A10,8.76,111,75,102.2,102,72.2,19,12/3/24 0:00
84,Georgetown,BE,8.75,109.1,104,100.4,88,69.8,96,12/3/24 0:00
85,Colorado,B12,8.64,108.9,109,100.3,83,68.1,194,12/3/24 0:00
86,Grand Canyon,WAC,8.51,110.6,78,102.1,98,71.2,43,12/3/24 0:00
87,George Mason,A10,8.42,107.2,141,98.8,65,66.5,275,12/3/24 0:00
88,Saint Joseph's,A10,8.21,108.9,108,100.7,90,69.7,97,12/3/24 0:00
89,St. Bonaventure,A10,8.14,108.5,116,100.4,87,66,298,12/3/24 0:00
90,Stanford,ACC,8.03,111.4,68,103.4,128,67.3,241,12/3/24 0:00
91,Wichita St.,Amer,8.03,108.1,122,100.1,82,70.4,70,12/3/24 0:00
92,McNeese,Slnd,7.62,110,90,102.4,106,66.4,282,12/3/24 0:00
93,Murray St.,MVC,7.52,110.8,77,103.3,127,66.7,268,12/3/24 0:00
94,Miami FL,ACC,7.33,116.9,25,109.6,277,66.6,269,12/3/24 0:00
95,Providence,BE,7.24,107.6,133,100.3,84,65,333,12/3/24 0:00
96,UC San Diego,BW,7.05,109.3,98,102.2,101,66,301,12/3/24 0:00
97,Oklahoma St.,B12,7.02,108.7,111,101.7,94,71.9,28,12/3/24 0:00
98,DePaul,BE,6.96,110.5,81,103.5,131,67.8,211,12/3/24 0:00
99,Wake Forest,ACC,6.94,105.4,169,98.5,58,67.4,238,12/3/24 0:00
100,Virginia,ACC,6.85,105.2,174,98.3,56,61.9,363,12/3/24 0:00
101,Minnesota,B10,6.85,104.4,187,97.5,44,62.6,361,12/3/24 0:00
102,Syracuse,ACC,6.79,111,73,104.2,146,70.3,73,12/3/24 0:00
103,Yale,Ivy,6.74,113.9,45,107.1,214,68.3,185,12/3/24 0:00
104,Louisiana Tech,CUSA,6.44,109.2,101,102.8,116,66.8,262,12/3/24 0:00
105,Florida Atlantic,Amer,6.42,112.5,56,106.1,190,71.6,35,12/3/24 0:00
106,Georgia Tech,ACC,5.93,109.4,96,103.4,130,71.2,48,12/3/24 0:00
107,UNLV,MWC,5.91,109.9,91,104,139,66.7,266,12/3/24 0:00
108,USC,B10,5.78,109.6,93,103.8,138,67.5,234,12/3/24 0:00
109,UC Santa Barbara,BW,5.4,109.6,94,104.2,144,65.8,306,12/3/24 0:00
110,Princeton,Ivy,5.2,112.3,58,107.1,213,67.6,228,12/3/24 0:00
111,Colorado St.,MWC,5.16,106.1,156,101,91,67.5,232,12/3/24 0:00
112,Davidson,A10,4.79,110.2,85,105.4,175,68.3,182,12/3/24 0:00
113,Lipscomb,ASun,4.62,106.9,144,102.3,104,68.1,195,12/3/24 0:00
114,Arkansas St.,SB,4.22,106.3,153,102,97,69.4,113,12/3/24 0:00
115,Temple,Amer,4.21,108.5,114,104.3,150,69.7,98,12/3/24 0:00
116,California,ACC,4.12,107.9,124,103.8,136,70.1,84,12/3/24 0:00
117,East Tennessee St.,SC,4.01,108.7,113,104.7,162,67.4,239,12/3/24 0:00
118,Kent St.,MAC,3.89,102.9,216,99,69,65.1,327,12/3/24 0:00
119,South Dakota St.,Sum,3.61,108.5,115,104.9,166,70.1,87,12/3/24 0:00
120,Purdue Fort Wayne,Horz,3.48,111.2,69,107.7,228,68.6,168,12/3/24 0:00
,,,,,Strength of Schedule,NCSOS,,,,12/3/24 0:00
Rk,Team,Conf,NetRtg,ORtg,DRtg,AdjT,Luck,NetRtg,ORtg,12/3/24 0:00
121,Western Kentucky,CUSA,3.45,103.5,206,100,81,73.3,6,12/3/24 0:00
122,Furman,SC,3.37,104.5,185,101.1,92,66.5,273,12/3/24 0:00
123,East Carolina,Amer,3.32,107.8,129,104.4,154,65.2,324,12/3/24 0:00
124,Troy,SB,3.25,105.7,162,102.5,108,68.4,177,12/3/24 0:00
125,Seattle,WAC,3.11,105.6,165,102.5,109,67.3,242,12/3/24 0:00
126,Seton Hall,BE,3.02,97.4,320,94.4,14,63.3,359,12/3/24 0:00
127,Boston College,ACC,2.98,106.4,151,103.4,129,67.2,246,12/3/24 0:00
128,La Salle,A10,2.74,105.8,160,103,119,70.7,59,12/3/24 0:00
129,Sam Houston St.,CUSA,2.63,109.2,103,106.5,202,69.2,127,12/3/24 0:00
130,Samford,SC,2.45,112.1,60,109.6,278,73.1,12,12/3/24 0:00
131,Texas St.,SB,2.43,105.6,163,103.2,123,66.2,287,12/3/24 0:00
132,George Washington,A10,2.35,107.5,134,105.2,173,69.3,124,12/3/24 0:00
133,Akron,MAC,2.21,108.8,110,106.6,203,69.6,106,12/3/24 0:00
134,Middle Tennessee,CUSA,2.11,105.8,161,103.7,133,68.5,176,12/3/24 0:00
135,Wright St.,Horz,2.06,108.3,120,106.2,193,67.8,210,12/3/24 0:00
136,High Point,BSth,1.94,111.7,65,109.8,282,65.2,325,12/3/24 0:00
137,UAB,Amer,1.9,110.9,76,109,260,70.2,79,12/3/24 0:00
138,South Florida,Amer,1.87,107.5,135,105.6,183,69.4,118,12/3/24 0:00
139,Belmont,MVC,1.83,108.5,117,106.6,206,71,51,12/3/24 0:00
140,Columbia,Ivy,1.79,110.3,84,108.5,244,68.7,159,12/3/24 0:00
141,Charleston,CAA,1.7,106.6,147,104.9,165,70.3,74,12/3/24 0:00
142,Northern Colorado,BSky,1.67,107.9,126,106.2,194,70.5,66,12/3/24 0:00
143,Virginia Tech,ACC,1.67,104.2,190,102.6,110,66.2,286,12/3/24 0:00
144,UMass Lowell,AE,1.59,109.6,92,108,234,71.2,44,12/3/24 0:00
145,Northern Iowa,MVC,1.5,106,157,104.5,158,66.7,265,12/3/24 0:00
146,Wofford,SC,1.28,110.2,86,108.9,257,65,330,12/3/24 0:00
147,James Madison,SB,1.13,107.6,132,106.5,201,67.1,249,12/3/24 0:00
148,Southern Illinois,MVC,1.07,103.2,211,102.2,99,71.2,47,12/3/24 0:00
149,Saint Louis,A10,0.99,109.2,99,108.3,240,70.5,68,12/3/24 0:00
150,Montana St.,BSky,0.88,106.2,154,105.3,174,67.2,247,12/3/24 0:00
151,Norfolk St.,MEAC,0.87,106.3,152,105.4,178,66.1,296,12/3/24 0:00
152,Oakland,Horz,0.82,104,195,103.2,122,64.2,350,12/3/24 0:00
153,Loyola Marymount,WCC,0.77,105.2,177,104.4,152,67.6,223,12/3/24 0:00
154,St. Thomas,Sum,0.61,107.5,136,106.8,209,68.8,156,12/3/24 0:00
155,CSUN,BW,0.22,103.9,198,103.6,132,72.3,17,12/3/24 0:00
156,Vermont,AE,0.2,102.4,227,102.2,103,64.7,341,12/3/24 0:00
157,Northeastern,CAA,0.11,103.3,210,103.2,124,67.5,233,12/3/24 0:00
158,Appalachian St.,SB,0.07,103.1,212,103.1,120,64.8,337,12/3/24 0:00
159,Towson,CAA,0,102.6,220,102.6,112,64.2,351,12/3/24 0:00
160,Marshall,SB,-0.04,104.2,189,104.3,147,70.2,80,12/3/24 0:00
,,,,,Strength of Schedule,NCSOS,,,,12/3/24 0:00
Rk,Team,Conf,NetRtg,ORtg,DRtg,AdjT,Luck,NetRtg,ORtg,12/3/24 0:00
161,Ohio,MAC,-0.2,109.1,105,109.3,266,69.9,93,12/3/24 0:00
162,Radford,BSth,-0.23,108.4,119,108.6,248,64.4,348,12/3/24 0:00
163,Hofstra,CAA,-0.41,102.3,231,102.7,115,65.6,309,12/3/24 0:00
164,Rice,Amer,-0.42,102.2,232,102.6,111,66.7,267,12/3/24 0:00
165,Massachusetts,A10,-0.51,104.6,184,105.1,172,70,90,12/3/24 0:00
166,UNC Wilmington,CAA,-0.51,107,143,107.5,222,66.8,263,12/3/24 0:00
167,UNC Greensboro,SC,-0.55,102.4,230,102.9,118,66.1,294,12/3/24 0:00
168,Winthrop,BSth,-0.66,102.6,221,103.2,125,72,22,12/3/24 0:00
169,Elon,CAA,-0.67,105.4,170,106.1,188,66,302,12/3/24 0:00
170,Kennesaw St.,CUSA,-0.7,104.7,181,105.4,177,71.9,27,12/3/24 0:00
171,Bryant,AE,-0.81,104.8,179,105.6,181,73.2,10,12/3/24 0:00
172,Chattanooga,SC,-0.84,107.9,127,108.7,250,68.4,180,12/3/24 0:00
173,Miami OH,MAC,-0.97,104.5,186,105.4,176,69,138,12/3/24 0:00
174,UNC Asheville,BSth,-0.98,108,123,108.9,259,67.5,235,12/3/24 0:00
175,UTEP,CUSA,-1.1,101.1,251,102.2,100,69.7,100,12/3/24 0:00
176,Missouri St.,MVC,-1.14,101.2,249,102.4,105,66.9,261,12/3/24 0:00
177,Jacksonville St.,CUSA,-1.24,106.4,148,107.7,225,66.4,277,12/3/24 0:00
178,Cal Baptist,WAC,-1.25,107.3,138,108.5,246,65.9,305,12/3/24 0:00
179,UT Arlington,WAC,-1.27,107.8,128,109.1,261,71.2,46,12/3/24 0:00
180,North Florida,ASun,-1.28,110.1,87,111.4,308,70.6,64,12/3/24 0:00
181,Southern Utah,WAC,-1.3,106,158,107.3,216,68.9,147,12/3/24 0:00
182,UT Rio Grande Valley,Slnd,-1.37,107.7,131,109.1,262,71,50,12/3/24 0:00
183,Florida Gulf Coast,ASun,-1.38,103.7,203,105.1,171,63.9,354,12/3/24 0:00
184,Texas A&M Corpus Chris,Slnd,-1.42,107.9,125,109.3,267,70.7,60,12/3/24 0:00
185,Hawaii,BW,-1.42,104.6,183,106,187,65.3,321,12/3/24 0:00
186,Jacksonville,ASun,-1.48,103.5,207,104.9,167,68.6,161,12/3/24 0:00
187,Cornell,Ivy,-1.53,107.3,137,108.8,254,72,23,12/3/24 0:00
188,Milwaukee,Horz,-1.53,106.4,149,108,231,68.8,155,12/3/24 0:00
189,Utah Valley,WAC,-1.61,104,193,105.7,184,69.5,112,12/3/24 0:00
190,Longwood,BSth,-1.73,102.5,225,104.2,143,69,142,12/3/24 0:00
191,Central Michigan,MAC,-1.95,102.1,237,104,141,68.5,175,12/3/24 0:00
192,North Dakota St.,Sum,-2.01,110.1,88,112.1,323,64.3,349,12/3/24 0:00
193,UC Riverside,BW,-2.12,104.8,178,106.9,211,68.2,187,12/3/24 0:00
194,Illinois St.,MVC,-2.19,105.2,173,107.4,220,66.6,270,12/3/24 0:00
195,Richmond,A10,-2.57,101.5,247,104.1,142,66.5,272,12/3/24 0:00
196,Gardner Webb,BSth,-2.59,102.5,224,105.1,169,70.1,86,12/3/24 0:00
197,Little Rock,OVC,-2.59,102.1,235,104.7,161,68,201,12/3/24 0:00
198,Illinois Chicago,MVC,-2.69,106.1,155,108.8,255,70.8,57,12/3/24 0:00
199,Montana,BSky,-2.73,105.6,166,108.3,242,68.7,158,12/3/24 0:00
200,Drexel,CAA,-2.84,105.9,159,108.7,251,64.5,346,12/3/24 0:00
,,,,,Strength of Schedule,NCSOS,,,,12/3/24 0:00
Rk,Team,Conf,NetRtg,ORtg,DRtg,AdjT,Luck,NetRtg,ORtg,12/3/24 0:00
201,Charlotte,Amer,-2.88,105.2,176,108,233,64.5,345,12/3/24 0:00
202,Abilene Christian,WAC,-2.91,103,215,105.9,185,67.9,206,12/3/24 0:00
203,Northern Kentucky,Horz,-2.91,100,267,102.9,117,67.4,237,12/3/24 0:00
204,Stephen F. Austin,Slnd,-2.93,96.9,329,99.8,79,66.4,276,12/3/24 0:00
205,South Alabama,SB,-3.18,102.4,226,105.6,182,65,332,12/3/24 0:00
206,New Mexico St.,CUSA,-3.25,100.5,260,103.7,134,67.7,218,12/3/24 0:00
207,Eastern Kentucky,ASun,-3.29,106.4,150,109.7,281,68.2,191,12/3/24 0:00
208,Indiana St.,MVC,-3.4,107.2,139,110.6,293,73.3,8,12/3/24 0:00
209,Weber St.,BSky,-3.42,102.8,217,106.3,195,67.7,216,12/3/24 0:00
210,Fordham,A10,-3.46,102.1,234,105.6,180,69.6,104,12/3/24 0:00
211,Cal Poly,BW,-3.54,104.2,191,107.7,226,73.7,3,12/3/24 0:00
212,Toledo,MAC,-3.58,108.4,118,112,319,70.3,78,12/3/24 0:00
213,UC Davis,BW,-3.6,99.1,286,102.7,114,71.6,36,12/3/24 0:00
214,Saint Peter's,MAAC,-3.76,100.7,255,104.5,157,63.5,358,12/3/24 0:00
215,Tulsa,Amer,-3.81,102.6,223,106.4,198,68.9,149,12/3/24 0:00
216,William & Mary,CAA,-3.86,107.7,130,111.6,311,72.2,18,12/3/24 0:00
217,Wyoming,MWC,-3.87,101.2,250,105.1,170,67.3,245,12/3/24 0:00
218,Delaware,CAA,-3.87,105.6,164,109.5,270,71.7,34,12/3/24 0:00
219,Maine,AE,-3.91,98.5,298,102.4,107,67.9,209,12/3/24 0:00
220,North Alabama,ASun,-4.07,103.8,200,107.9,230,68.4,178,12/3/24 0:00
221,Georgia Southern,SB,-4.08,100.3,264,104.3,151,73.2,11,12/3/24 0:00
222,Nicholls,Slnd,-4.19,102.4,228,106.6,204,67.6,229,12/3/24 0:00
223,Grambling St.,SWAC,-4.23,100.8,254,105,168,68,199,12/3/24 0:00
224,Brown,Ivy,-4.45,105.2,175,109.6,279,66.2,288,12/3/24 0:00
225,Merrimack,MAAC,-4.58,97.3,321,101.9,96,65.9,303,12/3/24 0:00
226,Southeastern Louisiana,Slnd,-4.84,99.8,269,104.7,160,68.1,193,12/3/24 0:00
227,Georgia St.,SB,-4.85,103.4,208,108.2,239,69.2,130,12/3/24 0:00
228,Presbyterian,BSth,-4.91,104,197,108.9,258,65.5,314,12/3/24 0:00
229,Duquesne,A10,-5.19,98.8,292,104,140,68,205,12/3/24 0:00
230,Austin Peay,ASun,-5.24,99.5,274,104.8,164,64.6,342,12/3/24 0:00
231,Idaho St.,BSky,-5.33,101.3,248,106.6,205,65.6,311,12/3/24 0:00
232,San Jose St.,MWC,-5.51,103.8,201,109.3,269,65.1,329,12/3/24 0:00
233,Tulane,Amer,-5.56,102.4,229,108,232,68.6,163,12/3/24 0:00
234,Southern,SWAC,-5.98,98.4,300,104.4,153,68.7,157,12/3/24 0:00
235,Alabama St.,SWAC,-6.1,102.7,218,108.8,253,69.9,95,12/3/24 0:00
236,Mercer,SC,-6.13,103.1,213,109.2,263,71.5,39,12/3/24 0:00
237,Eastern Washington,BSky,-6.34,105.4,168,111.8,317,69.5,109,12/3/24 0:00
238,Robert Morris,Horz,-6.37,98.3,305,104.7,163,68.2,192,12/3/24 0:00
239,American,PL,-6.45,104.7,182,111.1,300,63.5,357,12/3/24 0:00
240,South Dakota,Sum,-6.5,107,142,113.5,344,72.8,14,12/3/24 0:00
,,,,,Strength of Schedule,NCSOS,,,,12/3/24 0:00
Rk,Team,Conf,NetRtg,ORtg,DRtg,AdjT,Luck,NetRtg,ORtg,12/3/24 0:00
241,Portland St.,BSky,-6.52,103,214,109.5,272,71.8,31,12/3/24 0:00
242,Evansville,MVC,-6.58,102.7,219,109.3,264,69.4,115,12/3/24 0:00
243,Valparaiso,MVC,-6.62,104.8,180,111.4,309,68.8,153,12/3/24 0:00
244,Cleveland St.,Horz,-6.71,97.1,325,103.8,135,68,203,12/3/24 0:00
245,Bucknell,PL,-6.73,99.3,281,106,186,68.1,196,12/3/24 0:00
246,Colgate,PL,-6.74,101.5,246,108.3,241,66.4,279,12/3/24 0:00
247,Albany,AE,-6.75,101.8,241,108.5,245,70.2,82,12/3/24 0:00
248,Cal St. Bakersfield,BW,-6.78,102.1,236,108.9,256,65,334,12/3/24 0:00
249,FIU,CUSA,-6.9,97.4,318,104.3,148,70.7,62,12/3/24 0:00
250,Marist,MAAC,-6.93,101.8,242,108.7,249,65.3,316,12/3/24 0:00
251,Quinnipiac,MAAC,-7.14,99.2,284,106.3,196,70.4,72,12/3/24 0:00
252,Lafayette,PL,-7.19,98.4,303,105.6,179,66.5,274,12/3/24 0:00
253,Iona,MAAC,-7.19,98.9,291,106.1,189,68.9,150,12/3/24 0:00
254,Rider,MAAC,-7.28,99.9,268,107.2,215,64.8,338,12/3/24 0:00
255,Central Connecticut,NEC,-7.43,96.8,331,104.2,145,66,297,12/3/24 0:00
256,Mount St. Mary's,MAAC,-7.46,98.9,289,106.4,199,68,204,12/3/24 0:00
257,Pacific,WCC,-7.5,99.3,279,106.8,208,69,143,12/3/24 0:00
258,Youngstown St.,Horz,-7.71,96.1,339,103.8,137,69,136,12/3/24 0:00
259,Harvard,Ivy,-7.73,99.6,272,107.3,217,67.7,215,12/3/24 0:00
260,Army,PL,-7.87,103.8,199,111.7,314,66.1,295,12/3/24 0:00
261,Southern Miss,SB,-7.97,100.1,266,108.1,235,71,49,12/3/24 0:00
262,Monmouth,CAA,-8.05,101.9,239,110,284,68.3,183,12/3/24 0:00
263,UTSA,Amer,-8.16,102.6,222,110.7,295,72,25,12/3/24 0:00
264,Boston University,PL,-8.2,99.4,276,107.6,223,65.6,312,12/3/24 0:00
265,Fresno St.,MWC,-8.22,96.4,337,104.6,159,74.2,2,12/3/24 0:00
266,SIUE,OVC,-8.42,97.9,307,106.4,197,67,255,12/3/24 0:00
267,Bowling Green,MAC,-8.46,102.2,233,110.6,292,69.2,131,12/3/24 0:00
268,Campbell,CAA,-8.48,97.9,308,106.4,200,67.1,248,12/3/24 0:00
269,Kansas City,Sum,-8.53,97.6,312,106.2,192,67.7,222,12/3/24 0:00
270,Hampton,CAA,-8.57,100.7,256,109.3,265,65.3,317,12/3/24 0:00
271,Louisiana,SB,-8.63,105.3,171,113.9,347,69.1,132,12/3/24 0:00
272,UMBC,AE,-8.8,103.8,202,112.6,328,71.8,30,12/3/24 0:00
273,Northwestern St.,Slnd,-8.83,99.4,275,108.2,238,66.6,271,12/3/24 0:00
274,Queens,ASun,-8.93,98.4,299,107.3,218,70.9,53,12/3/24 0:00
275,Howard,MEAC,-8.96,103.4,209,112.3,325,67.5,236,12/3/24 0:00
276,Green Bay,Horz,-8.97,104,194,113,337,70.8,56,12/3/24 0:00
277,Pepperdine,WCC,-9,99.5,273,108.5,247,69.2,129,12/3/24 0:00
278,Bethune Cookman,SWAC,-9.34,97.4,319,106.7,207,70.1,85,12/3/24 0:00
279,Ball St.,MAC,-9.35,98.8,293,108.1,237,67.7,213,12/3/24 0:00
280,North Carolina Central,MEAC,-9.36,104,196,113.4,341,66.3,283,12/3/24 0:00
,,,,,Strength of Schedule,NCSOS,,,,12/3/24 0:00
Rk,Team,Conf,NetRtg,ORtg,DRtg,AdjT,Luck,NetRtg,ORtg,12/3/24 0:00
281,Coastal Carolina,SB,-9.39,98.1,306,107.5,221,64.1,353,12/3/24 0:00
282,Northern Arizona,BSky,-9.4,102,238,111.4,307,66.4,281,12/3/24 0:00
283,Southeast Missouri,OVC,-9.41,96.7,333,106.2,191,72,24,12/3/24 0:00
284,South Carolina St.,MEAC,-9.42,97.5,316,106.9,210,69,137,12/3/24 0:00
285,North Dakota,Sum,-9.42,100.2,265,109.6,275,69,140,12/3/24 0:00
286,North Carolina A&T,CAA,-9.45,101.7,244,111.1,301,72.9,13,12/3/24 0:00
287,Siena,MAAC,-9.56,97.8,309,107.4,219,65.3,320,12/3/24 0:00
288,Southern Indiana,OVC,-9.59,100.4,262,110,285,67.8,212,12/3/24 0:00
289,San Diego,WCC,-9.64,94.8,351,104.4,155,72.4,16,12/3/24 0:00
290,Oral Roberts,Sum,-9.77,104.3,188,114,348,69,139,12/3/24 0:00
291,Lehigh,PL,-9.79,103.7,204,113.5,342,67.6,227,12/3/24 0:00
292,Cal St. Fullerton,BW,-9.94,97.1,326,107,212,65.3,318,12/3/24 0:00
293,Air Force,MWC,-9.95,101.8,240,111.7,315,62.3,362,12/3/24 0:00
294,Idaho,BSky,-9.98,103.6,205,113.6,345,65.5,315,12/3/24 0:00
295,Western Carolina,SC,-10.12,97.6,313,107.7,229,71.3,42,12/3/24 0:00
296,Utah Tech,WAC,-10.16,99.3,280,109.5,271,68.3,184,12/3/24 0:00
297,Incarnate Word,Slnd,-10.23,105.5,167,115.8,356,67.7,217,12/3/24 0:00
298,Western Michigan,MAC,-10.56,100.5,259,111.1,299,67.6,226,12/3/24 0:00
299,Morehead St.,OVC,-10.62,98.9,290,109.6,274,67,251,12/3/24 0:00
300,Charleston Southern,BSth,-10.62,99.4,277,110,283,69.7,101,12/3/24 0:00
301,Lamar,Slnd,-10.68,100.6,257,111.3,305,68.3,186,12/3/24 0:00
302,Eastern Michigan,MAC,-10.8,99.3,282,110.1,286,68,202,12/3/24 0:00
303,Fairfield,MAAC,-10.8,98.5,297,109.3,268,66.4,278,12/3/24 0:00
304,Texas Southern,SWAC,-10.98,97.4,317,108.4,243,69.5,111,12/3/24 0:00
305,Penn,Ivy,-11.03,104,192,115.1,354,65.2,322,12/3/24 0:00
306,Sacramento St.,BSky,-11.08,96.6,335,107.7,227,66.2,293,12/3/24 0:00
307,Detroit Mercy,Horz,-11.11,98.5,296,109.6,280,67.3,240,12/3/24 0:00
308,Portland,WCC,-11.19,98.4,301,109.6,276,70.5,67,12/3/24 0:00
309,Navy,PL,-11.21,101.1,252,112.3,324,69,141,12/3/24 0:00
310,Nebraska Omaha,Sum,-11.36,100.4,263,111.7,316,68,197,12/3/24 0:00
311,Sacred Heart,MAAC,-11.62,100.9,253,112.5,326,68.9,145,12/3/24 0:00
312,Wagner,NEC,-11.94,92.3,360,104.3,149,61.8,364,12/3/24 0:00
313,Niagara,MAAC,-12.03,98.3,304,110.4,290,65.7,308,12/3/24 0:00
314,Tennessee Tech,OVC,-12.12,99.7,271,111.9,318,68,200,12/3/24 0:00
315,Manhattan,MAAC,-12.21,100.5,261,112.7,333,69.7,99,12/3/24 0:00
316,Loyola MD,PL,-12.28,97.3,322,109.5,273,67,252,12/3/24 0:00
317,Tarleton St.,WAC,-12.66,95.5,344,108.1,236,67,253,12/3/24 0:00
318,Tennessee St.,OVC,-12.71,99,287,111.7,313,71.9,26,12/3/24 0:00
319,Stonehill,NEC,-13.03,97.2,323,110.2,289,66.4,280,12/3/24 0:00
320,Bellarmine,ASun,-13.22,101.7,243,114.9,351,66.9,259,12/3/24 0:00
,,,,,Strength of Schedule,NCSOS,,,,12/3/24 0:00
Rk,Team,Conf,NetRtg,ORtg,DRtg,AdjT,Luck,NetRtg,ORtg,12/3/24 0:00
321,Saint Francis,NEC,-13.39,97.6,314,111,297,69.1,135,12/3/24 0:00
322,Eastern Illinois,OVC,-13.42,95.4,345,108.8,252,67.1,250,12/3/24 0:00
323,Old Dominion,SB,-13.6,97.7,311,111.3,306,69.2,128,12/3/24 0:00
324,Central Arkansas,ASun,-13.7,97.5,315,111.3,304,67.3,244,12/3/24 0:00
325,Buffalo,MAC,-13.73,99.8,270,113.5,343,70.3,75,12/3/24 0:00
326,Tennessee Martin,OVC,-13.82,93.8,356,107.7,224,69.4,116,12/3/24 0:00
327,Binghamton,AE,-13.87,98.7,295,112.5,327,65.5,313,12/3/24 0:00
328,Western Illinois,OVC,-13.97,98.8,294,112.7,334,64.1,352,12/3/24 0:00
329,Holy Cross,PL,-14.02,101.6,245,115.6,355,65.3,319,12/3/24 0:00
330,The Citadel,SC,-14.12,96,341,110.1,287,65.9,304,12/3/24 0:00
331,Jackson St.,SWAC,-14.17,96,340,110.2,288,69.3,120,12/3/24 0:00
332,Le Moyne,NEC,-14.23,96.8,332,111,298,69.3,123,12/3/24 0:00
333,Dartmouth,Ivy,-14.5,96.3,338,110.8,296,70.2,81,12/3/24 0:00
334,Stony Brook,CAA,-15.1,97.8,310,112.9,336,67.7,220,12/3/24 0:00
335,Louisiana Monroe,SB,-15.21,95.3,347,110.5,291,67.7,221,12/3/24 0:00
336,Denver,Sum,-15.54,97,327,112.6,329,69.6,105,12/3/24 0:00
337,VMI,SC,-15.57,96.5,336,112.1,322,69.1,133,12/3/24 0:00
338,LIU,NEC,-15.66,95.9,342,111.6,310,68.6,165,12/3/24 0:00
339,Long Beach St.,BW,-15.81,96.8,330,112.6,330,65.1,326,12/3/24 0:00
340,Morgan St.,MEAC,-15.88,97.2,324,113,339,71.2,45,12/3/24 0:00
341,Northern Illinois,MAC,-16.03,94.6,353,110.7,294,70,89,12/3/24 0:00
342,Stetson,ASun,-16.07,99,288,115.1,353,68.8,151,12/3/24 0:00
343,West Georgia,ASun,-16.52,94.7,352,111.2,303,67.7,214,12/3/24 0:00
344,Fairleigh Dickinson,NEC,-16.85,100.5,258,117.4,360,71.3,41,12/3/24 0:00
345,Delaware St.,MEAC,-17.15,94.9,350,112,320,69.9,92,12/3/24 0:00
346,New Orleans,Slnd,-17.19,95.9,343,113,338,70.3,77,12/3/24 0:00
347,USC Upstate,BSth,-17.62,99.3,283,116.9,359,72.6,15,12/3/24 0:00
348,Lindenwood,OVC,-17.77,94.9,349,112.7,332,68.5,174,12/3/24 0:00
349,Houston Christian,Slnd,-18.02,97,328,115,352,66.2,289,12/3/24 0:00
350,NJIT,AE,-18.11,94.5,354,112.6,331,65.6,310,12/3/24 0:00
351,East Texas A&M,Slnd,-18.16,93,359,111.1,302,68.7,160,12/3/24 0:00
352,Mercyhurst,NEC,-18.36,95.4,346,113.7,346,64.5,347,12/3/24 0:00
353,Florida A&M,SWAC,-18.58,93.5,357,112.1,321,69,144,12/3/24 0:00
354,Prairie View A&M,SWAC,-18.62,99.2,285,117.8,361,73.3,9,12/3/24 0:00
355,Canisius,MAAC,-18.9,99.3,278,118.2,362,66.9,256,12/3/24 0:00
356,Alcorn St.,SWAC,-19.65,95,348,114.6,350,65.2,323,12/3/24 0:00
357,IU Indy,Horz,-20.17,98.4,302,118.6,363,66.9,260,12/3/24 0:00
358,New Hampshire,AE,-20.63,91,362,111.6,312,68.5,173,12/3/24 0:00
359,Alabama A&M,SWAC,-20.67,93.4,358,114,349,71.5,38,12/3/24 0:00
360,Chicago St.,NEC,-21.32,91.5,361,112.8,335,70.6,63,12/3/24 0:00
,,,,,Strength of Schedule,NCSOS,,,,12/3/24 0:00
Rk,Team,Conf,NetRtg,ORtg,DRtg,AdjT,Luck,NetRtg,ORtg,12/3/24 0:00
361,Maryland Eastern Shore,MEAC,-22.1,94.1,355,116.2,357,67.9,208,12/3/24 0:00
362,Arkansas Pine Bluff,SWAC,-23.76,96.6,334,120.4,364,71.7,33,12/3/24 0:00
363,Coppin St.,MEAC,-26.68,86.5,364,113.2,340,67.5,230,12/3/24 0:00
364,Mississippi Valley St.,SWAC,-29.07,87.2,363,116.2,358,64.8,339,12/3/24 0:00
1,Auburn,SEC,31.94,125.1,1,93.2,8,68.6,161,12/4/24 0:00
2,Tennessee,SEC,31.26,120.6,8,89.3,2,66.4,280,12/4/24 0:00
3,Gonzaga,WCC,30.04,124.4,2,94.3,16,70.6,64,12/4/24 0:00
4,Duke,ACC,29.86,117.2,22,87.4,1,67.6,224,12/4/24 0:00
5,Houston,B12,27.72,118.8,15,91,3,63.6,356,12/4/24 0:00
6,Kansas,B12,26.96,120.3,10,93.3,9,69.9,96,12/4/24 0:00
7,Iowa St.,B12,26.81,120.9,4,94.1,13,69.7,101,12/4/24 0:00
8,Florida,SEC,25.08,120.2,11,95.2,23,69.2,130,12/4/24 0:00
9,Marquette,BE,24.53,117.2,23,92.7,6,70.4,76,12/4/24 0:00
10,Alabama,SEC,24.09,122.1,3,98,53,73.4,4,12/4/24 0:00
11,Kentucky,SEC,23.56,118.8,14,95.3,25,73.3,6,12/4/24 0:00
12,Pittsburgh,ACC,23.28,119,13,95.7,28,68.5,168,12/4/24 0:00
13,Purdue,B10,22.89,120.8,5,97.9,52,64.7,340,12/4/24 0:00
14,Illinois,B10,22.76,117.9,19,95.2,24,71.6,38,12/4/24 0:00
15,Cincinnati,B12,22.5,116,31,93.5,10,66,296,12/4/24 0:00
16,North Carolina,ACC,21.98,120.7,6,98.7,65,73.3,8,12/4/24 0:00
17,Michigan,B10,21.85,114.3,42,92.4,5,69.4,121,12/4/24 0:00
18,UCLA,B10,21.7,113.7,48,92,4,66.7,264,12/4/24 0:00
19,Ohio St.,B10,21.66,118.5,16,96.8,34,68.2,185,12/4/24 0:00
20,St. John's,BE,21.51,115.9,32,94.4,17,69.5,113,12/4/24 0:00
21,Oregon,B10,21.5,117.7,20,96.2,31,68.6,167,12/4/24 0:00
22,Texas Tech,B12,21.23,118.3,18,97.1,39,66.7,263,12/4/24 0:00
23,Baylor,B12,20.98,120.4,9,99.5,74,66.1,291,12/4/24 0:00
24,Clemson,ACC,20.88,115.1,36,94.3,14,65.9,300,12/4/24 0:00
25,Connecticut,BE,20.27,120.6,7,100.3,84,66,295,12/4/24 0:00
26,Texas A&M,SEC,19.95,113.7,46,93.8,11,67.2,246,12/4/24 0:00
27,Mississippi,SEC,19.8,119.1,12,99.3,72,67.9,206,12/4/24 0:00
28,Mississippi St.,SEC,19.67,116.6,29,96.9,35,69.4,120,12/4/24 0:00
29,Arizona,B12,19.11,116.8,27,97.7,47,72.2,22,12/4/24 0:00
30,Maryland,B10,19.07,114.5,40,95.4,26,69,142,12/4/24 0:00
31,Memphis,Amer,18.84,117.3,21,98.4,59,69.5,116,12/4/24 0:00
32,Dayton,A10,18.68,118.4,17,99.7,76,66.7,266,12/4/24 0:00
33,Wisconsin,B10,18.67,116.9,25,98.2,56,68.5,172,12/4/24 0:00
34,Texas,SEC,18.29,112.8,53,94.5,21,68.3,181,12/4/24 0:00
35,Michigan St.,B10,17.56,112,62,94.5,19,68,200,12/4/24 0:00
36,Penn St.,B10,17.5,115.8,33,98.3,58,71.9,28,12/4/24 0:00
37,Georgia,SEC,17.48,113.4,50,95.9,29,67.7,218,12/4/24 0:00
38,Saint Mary's,WCC,17.4,114.7,39,97.3,43,64.5,342,12/4/24 0:00
39,Oklahoma,SEC,17.33,114.4,41,97,37,67.3,243,12/4/24 0:00
40,San Diego St.,MWC,17,111,71,94,12,65.7,308,12/4/24 0:00
,,,,,Strength of Schedule,NCSOS,,,,12/4/24 0:00
Rk,Team,Conf,NetRtg,ORtg,DRtg,AdjT,Luck,NetRtg,ORtg,12/4/24 0:00
41,Arkansas,SEC,16.46,110.9,72,94.5,20,70.8,58,12/4/24 0:00
42,Utah St.,MWC,15.72,113.6,49,97.9,51,70.5,68,12/4/24 0:00
43,Indiana,B10,15.66,114.1,43,98.5,61,71.2,47,12/4/24 0:00
44,Boise St.,MWC,15.6,115.3,35,99.7,75,68.4,176,12/4/24 0:00
45,LSU,SEC,15.54,113,51,97.4,44,68.6,162,12/4/24 0:00
46,VCU,A10,15.53,110,90,94.5,18,68.2,189,12/4/24 0:00
47,BYU,B12,15.51,116,30,100.5,86,68.9,148,12/4/24 0:00
48,Nebraska,B10,15.47,111.1,70,95.6,27,70.1,84,12/4/24 0:00
49,Nevada,MWC,15.39,113.9,44,98.5,60,64.7,337,12/4/24 0:00
50,Iowa,B10,15.02,114.8,38,99.8,78,72.3,18,12/4/24 0:00
51,Villanova,BE,14.72,116.7,28,102,99,65.1,328,12/4/24 0:00
52,Arizona St.,B12,14.69,112.5,56,97.9,50,69,140,12/4/24 0:00
53,Creighton,BE,14.6,112.8,52,98.2,55,70.1,86,12/4/24 0:00
54,Louisville,ACC,14.59,110.9,74,96.3,32,69.6,110,12/4/24 0:00
55,West Virginia,B12,14.27,111.4,68,97.1,38,67,251,12/4/24 0:00
56,New Mexico,MWC,14.2,111.9,64,97.7,48,74.8,1,12/4/24 0:00
57,UC Irvine,BW,14.1,107.2,137,93.1,7,69.5,111,12/4/24 0:00
58,SMU,ACC,13.73,117,24,103.3,125,69.5,114,12/4/24 0:00
59,Butler,BE,13.51,112.6,55,99.1,68,68.2,187,12/4/24 0:00
60,Utah,B12,13.49,112.8,54,99.3,70,70.7,61,12/4/24 0:00
61,Missouri,SEC,13.49,115.3,34,101.9,96,69.3,122,12/4/24 0:00
62,San Francisco,WCC,13.35,112,63,98.6,62,67.7,216,12/4/24 0:00
63,Florida St.,ACC,13.16,109.4,100,96.2,30,72,24,12/4/24 0:00
64,Northwestern,B10,13.01,110.1,88,97,36,65.2,323,12/4/24 0:00
65,Xavier,BE,12.26,111.4,66,99.2,69,69.7,102,12/4/24 0:00
66,North Texas,Amer,12.14,106.7,141,94.6,22,63.2,359,12/4/24 0:00
67,Liberty,CUSA,12.1,109.3,102,97.2,40,63.6,355,12/4/24 0:00
68,South Carolina,SEC,12,109.8,93,97.8,49,66.9,257,12/4/24 0:00
69,Kansas St.,B12,11.83,110.5,77,98.7,63,68.9,151,12/4/24 0:00
70,Bradley,MVC,11.48,114.8,37,103.4,126,66.1,292,12/4/24 0:00
71,N.C. State,ACC,11.31,110.1,87,98.8,66,68.6,163,12/4/24 0:00
72,Rutgers,B10,11.1,111.6,65,100.5,88,71.2,50,12/4/24 0:00
73,Vanderbilt,SEC,10.78,113.7,47,102.9,116,70.8,59,12/4/24 0:00
74,Oregon St.,WCC,10.74,110.5,78,99.7,77,64.9,332,12/4/24 0:00
75,Loyola Chicago,A10,10.65,109.4,101,98.7,64,68.2,186,12/4/24 0:00
76,Drake,MVC,10.12,108.2,121,98.1,54,64.9,333,12/4/24 0:00
77,Providence,BE,10.1,110.1,86,100,80,64.5,344,12/4/24 0:00
78,UCF,B12,9.81,109.2,104,99.4,73,70.5,70,12/4/24 0:00
79,George Mason,A10,9.64,107.2,136,97.6,45,66.5,273,12/4/24 0:00
80,Washington,B10,9.46,106.7,142,97.2,42,69,145,12/4/24 0:00
,,,,,Strength of Schedule,NCSOS,,,,12/4/24 0:00
Rk,Team,Conf,NetRtg,ORtg,DRtg,AdjT,Luck,NetRtg,ORtg,12/4/24 0:00
81,Washington St.,WCC,9.44,108.8,112,99.3,71,71.3,43,12/4/24 0:00
82,TCU,B12,9.23,105.5,165,96.3,33,69.2,124,12/4/24 0:00
83,Notre Dame,ACC,9.12,112.1,60,103,119,65.6,310,12/4/24 0:00
84,Santa Clara,WCC,8.82,110.4,80,101.6,93,68.5,169,12/4/24 0:00
85,Rhode Island,A10,8.67,110.9,73,102.3,102,72.1,23,12/4/24 0:00
86,Colorado,B12,8.61,108.9,111,100.3,83,68.1,193,12/4/24 0:00
87,Georgetown,BE,8.61,109.1,108,100.5,87,69.9,95,12/4/24 0:00
88,Stanford,ACC,8.3,110.7,76,102.4,107,67.8,210,12/4/24 0:00
89,St. Bonaventure,A10,8.15,108.5,116,100.4,85,65.9,297,12/4/24 0:00
90,Wichita St.,Amer,8.01,108.1,122,100.1,82,70.5,71,12/4/24 0:00
91,Grand Canyon,WAC,7.99,109.8,94,101.8,94,72.2,21,12/4/24 0:00
92,McNeese,Slnd,7.6,110,89,102.4,106,66.3,283,12/4/24 0:00
93,Miami FL,ACC,7.24,116.9,26,109.7,275,66.4,277,12/4/24 0:00
94,UC San Diego,BW,7.07,109.4,99,102.3,103,65.8,303,12/4/24 0:00
95,DePaul,BE,6.96,110.4,79,103.5,128,67.9,208,12/4/24 0:00
96,Virginia,ACC,6.89,105.1,172,98.2,57,61.9,363,12/4/24 0:00
97,Oklahoma St.,B12,6.85,108.7,113,101.8,95,72,26,12/4/24 0:00
98,Minnesota,B10,6.85,104.5,184,97.7,46,62.7,361,12/4/24 0:00
99,Yale,Ivy,6.72,113.8,45,107.1,212,68.3,182,12/4/24 0:00
100,Saint Joseph's,A10,6.64,107.6,130,100.9,90,70,92,12/4/24 0:00
101,Wake Forest,ACC,6.56,103.8,199,97.2,41,67.1,250,12/4/24 0:00
102,Princeton,Ivy,6.55,112.5,58,106,188,67.8,209,12/4/24 0:00
103,Lipscomb,ASun,6.42,107.7,128,101.2,92,68,196,12/4/24 0:00
104,Florida Atlantic,Amer,6.4,112.5,57,106.1,191,71.6,39,12/4/24 0:00
105,Syracuse,ACC,6.26,111.4,67,105.1,173,70.5,69,12/4/24 0:00
106,Murray St.,MVC,6.21,109.2,105,103,118,66.3,284,12/4/24 0:00
107,Louisiana Tech,CUSA,6.19,109.1,107,102.9,117,66.8,261,12/4/24 0:00
108,UNLV,MWC,5.9,109.8,92,103.9,138,66.7,267,12/4/24 0:00
109,Georgia Tech,ACC,5.6,109.1,109,103.5,130,70.8,56,12/4/24 0:00
110,USC,B10,5.51,109.4,98,103.9,137,67.4,234,12/4/24 0:00
111,UC Santa Barbara,BW,5.4,109.6,97,104.2,144,65.8,304,12/4/24 0:00
112,Colorado St.,MWC,5.39,106.2,154,100.8,89,67.6,230,12/4/24 0:00
113,Davidson,A10,4.97,110.2,85,105.3,177,68.4,177,12/4/24 0:00
114,California,ACC,4.81,109.7,95,104.9,166,70.8,57,12/4/24 0:00
115,Arkansas St.,SB,4.28,106.2,153,101.9,98,69.5,115,12/4/24 0:00
116,Kent St.,MAC,3.89,102.9,218,99,67,65.1,327,12/4/24 0:00
117,Temple,Amer,3.86,108.4,120,104.5,155,69.6,106,12/4/24 0:00
118,Western Kentucky,CUSA,3.58,103.7,203,100.1,81,73.2,10,12/4/24 0:00
119,South Dakota St.,Sum,3.57,108.4,119,104.8,164,70.2,83,12/4/24 0:00
120,Furman,SC,3.53,104.5,185,100.9,91,66.5,272,12/4/24 0:00
,,,,,Strength of Schedule,NCSOS,,,,12/4/24 0:00
Rk,Team,Conf,NetRtg,ORtg,DRtg,AdjT,Luck,NetRtg,ORtg,12/4/24 0:00
121,Purdue Fort Wayne,Horz,3.48,111.2,69,107.7,225,68.6,166,12/4/24 0:00
122,Troy,SB,3.36,105.8,160,102.4,105,68.4,173,12/4/24 0:00
123,Seattle,WAC,3.13,105.6,162,102.5,109,67.4,236,12/4/24 0:00
124,Seton Hall,BE,3.04,97.4,320,94.3,15,63.4,358,12/4/24 0:00
125,East Tennessee St.,SC,2.91,107.5,133,104.6,156,67.3,238,12/4/24 0:00
126,Akron,MAC,2.84,110.3,83,107.4,220,69.6,109,12/4/24 0:00
127,Texas St.,SB,2.73,105.8,159,103.1,121,66.2,288,12/4/24 0:00
128,Samford,SC,2.36,112.1,61,109.7,277,73,13,12/4/24 0:00
129,George Washington,A10,2.34,107.6,131,105.2,176,69.2,125,12/4/24 0:00
130,Wright St.,Horz,2.25,108.5,117,106.2,196,67.8,211,12/4/24 0:00
131,James Madison,SB,2.23,107.6,129,105.4,179,67.2,244,12/4/24 0:00
132,Middle Tennessee,CUSA,2.13,105.9,157,103.8,135,68.5,170,12/4/24 0:00
133,Belmont,MVC,2.02,108.6,114,106.6,205,71,52,12/4/24 0:00
134,Virginia Tech,ACC,2.01,104.5,186,102.5,108,66.2,289,12/4/24 0:00
135,Sam Houston St.,CUSA,1.87,109,110,107.1,214,69.8,99,12/4/24 0:00
136,UNC Wilmington,CAA,1.87,106.6,145,104.7,162,67.3,242,12/4/24 0:00
137,Columbia,Ivy,1.8,110.3,84,108.5,247,68.7,159,12/4/24 0:00
138,UAB,Amer,1.72,110.7,75,109,259,70.3,78,12/4/24 0:00
139,UMass Lowell,AE,1.7,109.7,96,108,232,71.3,44,12/4/24 0:00
140,Northern Colorado,BSky,1.68,107.9,123,106.2,197,70.5,67,12/4/24 0:00
141,La Salle,A10,1.59,104.8,177,103.2,124,71.6,36,12/4/24 0:00
142,High Point,BSth,1.55,112.3,59,110.8,298,64.7,338,12/4/24 0:00
143,Northern Iowa,MVC,1.51,106,155,104.5,154,66.7,262,12/4/24 0:00
144,Northeastern,CAA,1.38,103.5,205,102.1,100,68.3,179,12/4/24 0:00
145,Wofford,SC,1.34,110.3,82,109,258,65,331,12/4/24 0:00
146,Charleston,CAA,1.28,106.3,149,105.1,172,70.4,77,12/4/24 0:00
147,East Carolina,Amer,1.12,105.1,173,104,140,65.5,316,12/4/24 0:00
148,Norfolk St.,MEAC,1.03,106.6,146,105.5,183,65.9,301,12/4/24 0:00
149,Saint Louis,A10,1.02,109.3,103,108.2,239,70.4,72,12/4/24 0:00
150,Montana St.,BSky,0.88,106.2,152,105.3,178,67.2,245,12/4/24 0:00
151,Boston College,ACC,0.87,104.6,181,103.7,132,67.3,240,12/4/24 0:00
152,Oakland,Horz,0.82,104,194,103.1,123,64.3,348,12/4/24 0:00
153,Loyola Marymount,WCC,0.77,105.2,171,104.4,149,67.6,222,12/4/24 0:00
154,St. Thomas,Sum,0.67,107.5,132,106.8,208,68.7,157,12/4/24 0:00
155,South Florida,Amer,0.23,106.3,150,106.1,189,69.5,112,12/4/24 0:00
156,CSUN,BW,0.19,103.8,196,103.6,131,72.3,19,12/4/24 0:00
157,Towson,CAA,0.17,102.8,219,102.7,112,64.2,350,12/4/24 0:00
158,Appalachian St.,SB,0.15,103.3,210,103.1,122,64.7,339,12/4/24 0:00
159,UNC Greensboro,SC,0.05,103.4,207,103.4,127,65.7,307,12/4/24 0:00
160,Marshall,SB,0,104.3,189,104.3,145,70.2,82,12/4/24 0:00
,,,,,Strength of Schedule,NCSOS,,,,12/4/24 0:00
Rk,Team,Conf,NetRtg,ORtg,DRtg,AdjT,Luck,NetRtg,ORtg,12/4/24 0:00
161,Radford,BSth,-0.12,108.6,115,108.7,252,64.4,346,12/4/24 0:00
162,Ohio,MAC,-0.2,109.2,106,109.4,267,69.9,97,12/4/24 0:00
163,Winthrop,BSth,-0.32,103.2,212,103.5,129,72.3,17,12/4/24 0:00
164,Rice,Amer,-0.45,102.2,234,102.6,111,66.7,265,12/4/24 0:00
165,Hofstra,CAA,-0.48,102.2,231,102.7,114,65.6,315,12/4/24 0:00
166,Massachusetts,A10,-0.65,104.5,183,105.2,175,70,93,12/4/24 0:00
167,Hawaii,BW,-0.75,104.3,188,105,170,66.3,286,12/4/24 0:00
168,Kennesaw St.,CUSA,-0.75,104.8,176,105.5,182,71.9,29,12/4/24 0:00
169,Elon,CAA,-0.81,105.4,167,106.2,193,66,293,12/4/24 0:00
170,Miami OH,MAC,-0.87,104.5,182,105.4,180,69.1,134,12/4/24 0:00
171,North Florida,ASun,-0.98,110.4,81,111.4,305,70.7,60,12/4/24 0:00
172,Bryant,AE,-1.03,104.7,178,105.7,186,73.2,11,12/4/24 0:00
173,UTEP,CUSA,-1.11,101.1,253,102.2,101,69.6,103,12/4/24 0:00
174,Southern Illinois,MVC,-1.18,101.8,239,103,120,71.2,48,12/4/24 0:00
175,Cal Baptist,WAC,-1.18,107.3,134,108.5,246,65.9,302,12/4/24 0:00
176,Florida Gulf Coast,ASun,-1.19,103.8,198,105,167,63.9,354,12/4/24 0:00
177,Jacksonville,ASun,-1.23,103.6,204,104.8,163,68.7,160,12/4/24 0:00
178,Southern Utah,WAC,-1.31,106,156,107.3,217,69,141,12/4/24 0:00
179,Jacksonville St.,CUSA,-1.32,106.6,144,107.9,229,66.3,282,12/4/24 0:00
180,UT Rio Grande Valley,Slnd,-1.32,107.7,126,109,260,71,54,12/4/24 0:00
181,Missouri St.,MVC,-1.33,101.1,251,102.5,110,66.9,258,12/4/24 0:00
182,Vermont,AE,-1.43,101.2,250,102.7,113,64,353,12/4/24 0:00
183,UT Arlington,WAC,-1.47,107.8,125,109.2,263,71.3,46,12/4/24 0:00
184,Texas A&M Corpus Chris,Slnd,-1.54,107.8,124,109.3,266,70.7,62,12/4/24 0:00
185,Milwaukee,Horz,-1.57,106.4,148,107.9,230,68.8,152,12/4/24 0:00
186,Cornell,Ivy,-1.7,107.2,138,108.9,257,71.9,30,12/4/24 0:00
187,Central Michigan,MAC,-1.75,102.2,232,104,139,68.4,174,12/4/24 0:00
188,Longwood,BSth,-1.85,102.3,227,104.2,143,69,136,12/4/24 0:00
189,Utah Valley,WAC,-2.1,103.1,214,105.2,174,70.1,87,12/4/24 0:00
190,UNC Asheville,BSth,-2.21,106.6,143,108.8,256,67.4,233,12/4/24 0:00
191,UC Riverside,BW,-2.31,104.6,179,106.9,211,68.3,183,12/4/24 0:00
192,North Dakota St.,Sum,-2.32,110,91,112.3,324,64.2,349,12/4/24 0:00
193,Illinois St.,MVC,-2.35,105.1,174,107.4,219,66.6,269,12/4/24 0:00
194,Little Rock,OVC,-2.38,102.2,230,104.6,157,68,201,12/4/24 0:00
195,Gardner Webb,BSth,-2.58,102.4,225,105,169,70.1,90,12/4/24 0:00
196,Richmond,A10,-2.62,101.4,247,104.1,141,66.5,271,12/4/24 0:00
197,Montana,BSky,-2.76,105.5,166,108.2,238,68.8,155,12/4/24 0:00
198,Brown,Ivy,-2.79,105.7,161,108.4,245,65.6,314,12/4/24 0:00
199,Abilene Christian,WAC,-2.88,103,215,105.9,187,68,204,12/4/24 0:00
200,Illinois Chicago,MVC,-2.9,106.2,151,109.1,261,70.6,66,12/4/24 0:00
,,,,,Strength of Schedule,NCSOS,,,,12/4/24 0:00
Rk,Team,Conf,NetRtg,ORtg,DRtg,AdjT,Luck,NetRtg,ORtg,12/4/24 0:00
201,Chattanooga,SC,-2.91,106.7,140,109.6,273,68.3,180,12/4/24 0:00
202,South Alabama,SB,-2.94,102.6,222,105.5,181,65,329,12/4/24 0:00
203,Drexel,CAA,-2.98,105.8,158,108.8,255,64.4,345,12/4/24 0:00
204,Saint Peter's,MAAC,-2.98,101.5,246,104.4,150,63,360,12/4/24 0:00
205,Stephen F. Austin,Slnd,-3,96.9,329,99.9,79,66.4,278,12/4/24 0:00
206,Charlotte,Amer,-3.07,105.2,170,108.3,242,64.5,343,12/4/24 0:00
207,Weber St.,BSky,-3.37,102.9,217,106.3,198,67.6,228,12/4/24 0:00
208,New Mexico St.,CUSA,-3.39,100.3,265,103.7,134,67.8,212,12/4/24 0:00
209,Indiana St.,MVC,-3.4,107.2,135,110.6,295,73.3,7,12/4/24 0:00
210,Fordham,A10,-3.47,102.1,235,105.6,184,69.6,104,12/4/24 0:00
211,Cal Poly,BW,-3.47,104.2,190,107.7,226,73.6,3,12/4/24 0:00
212,Toledo,MAC,-3.48,108.4,118,111.9,319,70.2,80,12/4/24 0:00
213,Eastern Kentucky,ASun,-3.57,106.4,147,109.9,282,68.2,188,12/4/24 0:00
214,UC Davis,BW,-3.63,99.2,285,102.8,115,71.4,41,12/4/24 0:00
215,Tulsa,Amer,-3.74,102.6,221,106.3,201,68.9,146,12/4/24 0:00
216,Maine,AE,-3.8,98.6,298,102.4,104,67.9,205,12/4/24 0:00
217,William & Mary,CAA,-3.82,107.7,127,111.5,312,72.2,20,12/4/24 0:00
218,Georgia Southern,SB,-3.85,100.5,263,104.3,148,73.1,12,12/4/24 0:00
219,Northern Kentucky,Horz,-3.88,100.6,259,104.5,151,67.3,241,12/4/24 0:00
220,Wyoming,MWC,-3.93,101.1,252,105.1,171,67.3,239,12/4/24 0:00
221,Grambling St.,SWAC,-3.97,100.9,256,104.9,165,68.1,195,12/4/24 0:00
222,Delaware,CAA,-4.02,105.6,163,109.6,271,71.7,34,12/4/24 0:00
223,North Alabama,ASun,-4.17,103.7,201,107.9,227,68.5,171,12/4/24 0:00
224,Nicholls,Slnd,-4.25,102.3,228,106.5,204,67.6,225,12/4/24 0:00
225,Merrimack,MAAC,-4.45,97.5,318,101.9,97,65.9,298,12/4/24 0:00
226,Southeastern Louisiana,Slnd,-4.86,99.8,270,104.7,160,68.1,192,12/4/24 0:00
227,Georgia St.,SB,-4.87,103.4,208,108.3,240,69.2,127,12/4/24 0:00
228,Evansville,MVC,-5.38,102.3,229,107.6,224,69.1,133,12/4/24 0:00
229,Idaho St.,BSky,-5.38,101.3,249,106.7,206,65.6,312,12/4/24 0:00
230,San Jose St.,MWC,-5.42,103.9,195,109.3,264,65,330,12/4/24 0:00
231,Tulane,Amer,-5.53,102.4,224,108,231,68.6,164,12/4/24 0:00
232,Austin Peay,ASun,-5.55,99.4,279,105,168,64.6,341,12/4/24 0:00
233,Duquesne,A10,-5.64,98.8,291,104.5,152,67.6,229,12/4/24 0:00
234,Presbyterian,BSth,-5.72,102.5,223,108.3,241,66,294,12/4/24 0:00
235,Mercer,SC,-5.9,103.3,209,109.2,262,71.5,40,12/4/24 0:00
236,Southern,SWAC,-6.03,98.5,300,104.5,153,68.8,156,12/4/24 0:00
237,Eastern Washington,BSky,-6.37,105.3,168,111.7,316,69.4,118,12/4/24 0:00
238,Robert Morris,Horz,-6.38,98.3,303,104.7,161,68.2,191,12/4/24 0:00
239,South Dakota,Sum,-6.4,106.9,139,113.3,342,72.9,14,12/4/24 0:00
240,UTSA,Amer,-6.53,103.1,213,109.7,274,71.9,31,12/4/24 0:00
,,,,,Strength of Schedule,NCSOS,,,,12/4/24 0:00
Rk,Team,Conf,NetRtg,ORtg,DRtg,AdjT,Luck,NetRtg,ORtg,12/4/24 0:00
241,American,PL,-6.56,104.6,180,111.1,300,63.5,357,12/4/24 0:00
242,Portland St.,BSky,-6.6,102.9,216,109.5,269,71.8,32,12/4/24 0:00
243,Valparaiso,MVC,-6.61,104.8,175,111.4,308,68.8,154,12/4/24 0:00
244,Cal St. Bakersfield,BW,-6.62,102.1,236,108.7,253,64.8,334,12/4/24 0:00
245,Colgate,PL,-6.66,101.6,244,108.3,243,66.3,285,12/4/24 0:00
246,Alabama St.,SWAC,-6.74,102.8,220,109.5,270,70.1,85,12/4/24 0:00
247,Bucknell,PL,-6.74,99.3,281,106.1,190,68.1,194,12/4/24 0:00
248,Cleveland St.,Horz,-6.75,97.1,326,103.8,136,68,198,12/4/24 0:00
249,FIU,CUSA,-6.76,97.5,315,104.3,147,70.6,65,12/4/24 0:00
250,Albany,AE,-6.76,101.8,241,108.5,250,70.1,88,12/4/24 0:00
251,Marist,MAAC,-6.94,101.8,240,108.7,254,65.3,321,12/4/24 0:00
252,Quinnipiac,MAAC,-7.12,99.2,284,106.3,199,70.4,75,12/4/24 0:00
253,Central Connecticut,NEC,-7.19,96.9,330,104.1,142,65.9,299,12/4/24 0:00
254,Iona,MAAC,-7.27,98.9,290,106.2,195,68.9,149,12/4/24 0:00
255,Lafayette,PL,-7.31,98.3,304,105.7,185,66.4,276,12/4/24 0:00
256,Rider,MAAC,-7.43,99.8,271,107.2,215,64.8,335,12/4/24 0:00
257,Mount St. Mary's,MAAC,-7.46,99,288,106.4,202,68,203,12/4/24 0:00
258,Pacific,WCC,-7.51,99.3,282,106.8,209,68.8,153,12/4/24 0:00
259,Harvard,Ivy,-7.63,99.6,274,107.3,216,67.6,223,12/4/24 0:00
260,Hampton,CAA,-7.67,100.8,257,108.5,248,65.7,306,12/4/24 0:00
261,Youngstown St.,Horz,-7.73,96,340,103.7,133,69.1,135,12/4/24 0:00
262,Army,PL,-7.82,103.7,200,111.5,313,66.6,268,12/4/24 0:00
263,Southern Miss,SB,-7.99,100.1,268,108.1,235,71,53,12/4/24 0:00
264,SIUE,OVC,-8.12,98,309,106.1,192,66.9,256,12/4/24 0:00
265,Monmouth,CAA,-8.15,102,238,110.1,285,68.3,184,12/4/24 0:00
266,Boston University,PL,-8.16,99.5,277,107.6,223,65.5,317,12/4/24 0:00
267,Fresno St.,MWC,-8.17,96.4,336,104.6,159,74.2,2,12/4/24 0:00
268,Campbell,CAA,-8.34,98.1,307,106.5,203,67.1,247,12/4/24 0:00
269,Bowling Green,MAC,-8.48,102.2,233,110.6,294,69.2,128,12/4/24 0:00
270,Kansas City,Sum,-8.58,97.6,312,106.2,194,67.6,220,12/4/24 0:00
271,Green Bay,Horz,-8.64,104.2,191,112.8,337,70.9,55,12/4/24 0:00
272,Louisiana,SB,-8.66,105.3,169,113.9,348,69.1,131,12/4/24 0:00
273,UMBC,AE,-8.69,103.8,197,112.5,327,71.8,33,12/4/24 0:00
274,Northwestern St.,Slnd,-8.77,99.4,280,108.2,236,66.6,270,12/4/24 0:00
275,Western Michigan,MAC,-8.91,102.3,226,111.3,302,66.9,260,12/4/24 0:00
276,Pepperdine,WCC,-8.99,99.5,276,108.5,249,69.2,126,12/4/24 0:00
277,Howard,MEAC,-9,103.2,211,112.2,323,67.4,235,12/4/24 0:00
278,South Carolina St.,MEAC,-9.2,97.6,311,106.8,210,69,139,12/4/24 0:00
279,North Carolina Central,MEAC,-9.26,104,192,113.3,340,66.4,281,12/4/24 0:00
280,Bethune Cookman,SWAC,-9.34,97.4,321,106.7,207,70.1,89,12/4/24 0:00
,,,,,Strength of Schedule,NCSOS,,,,12/4/24 0:00
Rk,Team,Conf,NetRtg,ORtg,DRtg,AdjT,Luck,NetRtg,ORtg,12/4/24 0:00
281,Northern Arizona,BSky,-9.41,102.1,237,111.5,310,66.4,279,12/4/24 0:00
282,Siena,MAAC,-9.42,97.9,310,107.3,218,65.3,320,12/4/24 0:00
283,Coastal Carolina,SB,-9.44,98.1,306,107.6,221,64.1,351,12/4/24 0:00
284,Ball St.,MAC,-9.47,98.6,296,108.1,233,67.8,213,12/4/24 0:00
285,Charleston Southern,BSth,-9.52,100.8,258,110.3,290,69.4,117,12/4/24 0:00
286,North Dakota,Sum,-9.55,100.2,267,109.8,280,69,143,12/4/24 0:00
287,Oral Roberts,Sum,-9.57,104.3,187,113.9,347,69,137,12/4/24 0:00
288,Southern Indiana,OVC,-9.59,100.5,264,110.1,283,67.7,215,12/4/24 0:00
289,Southeast Missouri,OVC,-9.59,96.7,332,106.3,200,72,25,12/4/24 0:00
290,Queens,ASun,-9.68,98.6,297,108.2,237,71.2,49,12/4/24 0:00
291,Lehigh,PL,-9.77,103.7,202,113.4,343,67.6,227,12/4/24 0:00
292,Air Force,MWC,-9.87,101.7,243,111.6,314,62.2,362,12/4/24 0:00
293,Cal St. Fullerton,BW,-9.96,97.2,324,107.1,213,65.2,325,12/4/24 0:00
294,Incarnate Word,Slnd,-10.21,105.5,164,115.7,356,67.7,217,12/4/24 0:00
295,Idaho,BSky,-10.23,103.4,206,113.7,345,65.5,318,12/4/24 0:00
296,Western Carolina,SC,-10.28,97.6,313,107.9,228,71.3,45,12/4/24 0:00
297,San Diego,WCC,-10.44,94.2,355,104.6,158,72.7,15,12/4/24 0:00
298,North Carolina A&T,CAA,-10.45,101.3,248,111.8,317,73.4,5,12/4/24 0:00
299,Utah Tech,WAC,-10.49,99.7,272,110.2,286,67.9,207,12/4/24 0:00
300,Lamar,Slnd,-10.75,100.5,261,111.3,303,68.2,190,12/4/24 0:00
301,Texas Southern,SWAC,-10.85,97.5,317,108.3,244,69.6,107,12/4/24 0:00
302,Fairfield,MAAC,-10.99,98.5,299,109.5,268,66.5,274,12/4/24 0:00
303,Sacramento St.,BSky,-11.01,96.6,333,107.6,222,66.1,290,12/4/24 0:00
304,Morehead St.,OVC,-11.03,98.7,293,109.7,278,67.1,249,12/4/24 0:00
305,Detroit Mercy,Horz,-11.13,98.6,295,109.8,281,67.5,232,12/4/24 0:00
306,Penn,Ivy,-11.19,104,193,115.2,354,65.2,324,12/4/24 0:00
307,Portland,WCC,-11.19,98.4,301,109.6,272,70.4,73,12/4/24 0:00
308,Eastern Michigan,MAC,-11.26,99,287,110.3,289,67.5,231,12/4/24 0:00
309,Nebraska Omaha,Sum,-11.29,100.3,266,111.6,315,68,199,12/4/24 0:00
310,Navy,PL,-11.31,101,254,112.4,325,69,144,12/4/24 0:00
311,Sacred Heart,MAAC,-11.49,101,255,112.4,326,69,138,12/4/24 0:00
312,Wagner,NEC,-11.95,92.3,360,104.3,146,61.7,364,12/4/24 0:00
313,Niagara,MAAC,-12.03,98.3,305,110.4,291,65.7,309,12/4/24 0:00
314,Tennessee Tech,OVC,-12.05,99.9,269,112,322,68,197,12/4/24 0:00
315,Manhattan,MAAC,-12.21,100.6,260,112.8,334,69.6,108,12/4/24 0:00
316,Loyola MD,PL,-12.48,97.2,323,109.7,276,67,252,12/4/24 0:00
317,Tarleton St.,WAC,-12.7,95.4,344,108.1,234,66.9,259,12/4/24 0:00
318,Stonehill,NEC,-12.97,97.2,322,110.2,287,66.4,275,12/4/24 0:00
319,Tennessee St.,OVC,-12.98,98.9,289,111.9,320,71.9,27,12/4/24 0:00
320,Eastern Illinois,OVC,-13.29,95.4,345,108.7,251,67,253,12/4/24 0:00
,,,,,Strength of Schedule,NCSOS,,,,12/4/24 0:00
Rk,Team,Conf,NetRtg,ORtg,DRtg,AdjT,Luck,NetRtg,ORtg,12/4/24 0:00
321,Saint Francis,NEC,-13.42,97.5,314,110.9,299,69.1,132,12/4/24 0:00
322,Bellarmine,ASun,-13.44,101.5,245,115,353,67,254,12/4/24 0:00
323,Binghamton,AE,-13.86,98.7,294,112.5,328,65.6,313,12/4/24 0:00
324,Old Dominion,SB,-13.89,97.5,316,111.4,306,69.3,123,12/4/24 0:00
325,Holy Cross,PL,-13.89,101.7,242,115.6,355,65.4,319,12/4/24 0:00
326,Western Illinois,OVC,-13.93,98.8,292,112.7,333,64.1,352,12/4/24 0:00
327,Jackson St.,SWAC,-14.02,96.1,339,110.1,284,69.4,119,12/4/24 0:00
328,Central Arkansas,ASun,-14.03,97.4,319,111.4,307,67.3,237,12/4/24 0:00
329,Buffalo,MAC,-14.09,99.6,273,113.7,346,70.4,74,12/4/24 0:00
330,The Citadel,SC,-14.29,95.9,342,110.2,288,65.8,305,12/4/24 0:00
331,Le Moyne,NEC,-14.38,96.4,337,110.8,297,69.8,100,12/4/24 0:00
332,Dartmouth,Ivy,-14.48,96.2,338,110.7,296,70.2,81,12/4/24 0:00
333,Stony Brook,CAA,-14.81,98,308,112.8,336,67.8,214,12/4/24 0:00
334,Stetson,ASun,-14.98,99.3,283,114.3,350,68.9,147,12/4/24 0:00
335,Tennessee Martin,OVC,-15.1,94.2,354,109.3,265,68.9,150,12/4/24 0:00
336,Louisiana Monroe,SB,-15.2,95.2,347,110.4,292,67.6,221,12/4/24 0:00
337,VMI,SC,-15.49,96.5,335,112,321,69.2,129,12/4/24 0:00
338,LIU,NEC,-15.54,96,341,111.5,311,68.6,165,12/4/24 0:00
339,Denver,Sum,-15.55,97,327,112.6,331,69.6,105,12/4/24 0:00
340,Long Beach St.,BW,-15.74,96.8,331,112.6,329,65.2,326,12/4/24 0:00
341,Northern Illinois,MAC,-15.91,94.7,351,110.6,293,70,91,12/4/24 0:00
342,Morgan St.,MEAC,-15.98,97.1,325,113.1,339,71.2,51,12/4/24 0:00
343,West Georgia,ASun,-16.68,94.7,352,111.4,304,67.7,219,12/4/24 0:00
344,Fairleigh Dickinson,NEC,-16.81,100.5,262,117.3,360,71.4,42,12/4/24 0:00
345,Delaware St.,MEAC,-16.93,94.9,349,111.8,318,70,94,12/4/24 0:00
346,Florida A&M,SWAC,-16.97,92.8,359,109.7,279,69.8,98,12/4/24 0:00
347,New Orleans,Slnd,-17.17,95.9,343,113,338,70.3,79,12/4/24 0:00
348,USC Upstate,BSth,-17.63,99.5,275,117.2,359,72.5,16,12/4/24 0:00
349,Lindenwood,OVC,-17.79,94.8,350,112.6,330,68.4,175,12/4/24 0:00
350,Houston Christian,Slnd,-17.94,97,328,114.9,352,66.2,287,12/4/24 0:00
351,East Texas A&M,Slnd,-18.15,93,358,111.2,301,68.7,158,12/4/24 0:00
352,NJIT,AE,-18.2,94.5,353,112.7,332,65.6,311,12/4/24 0:00
353,Mercyhurst,NEC,-18.28,95.3,346,113.6,344,64.4,347,12/4/24 0:00
354,Canisius,MAAC,-18.57,99.4,278,118,362,67.1,248,12/4/24 0:00
355,Prairie View A&M,SWAC,-18.58,99.2,286,117.7,361,73.2,9,12/4/24 0:00
356,Alcorn St.,SWAC,-19.63,95,348,114.6,351,65.3,322,12/4/24 0:00
357,IU Indy,Horz,-20.17,98.4,302,118.5,363,66.9,255,12/4/24 0:00
358,Alabama A&M,SWAC,-20.43,93.6,357,114,349,71.6,37,12/4/24 0:00
359,New Hampshire,AE,-20.91,90.6,362,111.5,309,68.4,178,12/4/24 0:00
360,Chicago St.,NEC,-21.31,91.5,361,112.8,335,70.7,63,12/4/24 0:00
,,,,,Strength of Schedule,NCSOS,,,,12/4/24 0:00
Rk,Team,Conf,NetRtg,ORtg,DRtg,AdjT,Luck,NetRtg,ORtg,12/4/24 0:00
361,Maryland Eastern Shore,MEAC,-22.2,94.1,356,116.3,358,68,202,12/4/24 0:00
362,Arkansas Pine Bluff,SWAC,-23.9,96.6,334,120.5,364,71.7,35,12/4/24 0:00
363,Coppin St.,MEAC,-26.76,86.5,364,113.3,341,67.6,226,12/4/24 0:00
364,Mississippi Valley St.,SWAC,-29.25,87,363,116.3,357,64.7,336,12/4/24 0:00
1,Auburn,SEC,31.55,126.9,1,95.4,27,67.9,192,12/5/24 0:00
2,Tennessee,SEC,31.16,120.2,9,89.1,2,66.1,282,12/5/24 0:00
3,Duke,ACC,30.55,119.4,10,88.8,1,67,242,12/5/24 0:00
4,Gonzaga,WCC,30.03,124.2,2,94.2,18,70.4,66,12/5/24 0:00
5,Houston,B12,27.9,118.6,13,90.7,3,63.3,357,12/5/24 0:00
6,Iowa St.,B12,27.58,121,6,93.4,11,69.5,101,12/5/24 0:00
7,Alabama,SEC,25.59,122,3,96.4,34,73.8,3,12/5/24 0:00
8,Florida,SEC,25.57,121.6,4,96.1,32,69.1,124,12/5/24 0:00
9,Kansas,B12,24.87,118.1,17,93.2,8,69.5,103,12/5/24 0:00
10,Marquette,BE,24.22,117,22,92.8,6,70,83,12/5/24 0:00
11,Kentucky,SEC,23.6,118.5,14,94.9,23,73.1,6,12/5/24 0:00
12,Mississippi St.,SEC,23.01,118.1,16,95.1,24,69.2,120,12/5/24 0:00
13,Purdue,B10,22.85,120.7,8,97.8,52,64.5,340,12/5/24 0:00
14,Illinois,B10,22.82,117.9,18,95.1,25,71.2,41,12/5/24 0:00
15,Cincinnati,B12,22.53,115.8,31,93.3,10,65.8,292,12/5/24 0:00
16,Oregon,B10,21.86,116.8,25,94.9,22,68.4,166,12/5/24 0:00
17,Michigan,B10,21.73,114.1,44,92.4,5,69.2,118,12/5/24 0:00
18,UCLA,B10,21.64,113.2,50,91.6,4,66.5,266,12/5/24 0:00
19,Maryland,B10,21.41,114.6,39,93.2,9,69.5,104,12/5/24 0:00
20,St. John's,BE,21.29,115.4,33,94.1,17,69.3,116,12/5/24 0:00
21,Texas Tech,B12,21.22,117.8,19,96.5,36,66.7,260,12/5/24 0:00
22,Clemson,ACC,20.86,115,36,94.1,16,65.8,297,12/5/24 0:00
23,Baylor,B12,20.76,120.9,7,100.1,87,65.6,304,12/5/24 0:00
24,North Carolina,ACC,20.35,118.7,12,98.4,58,73.7,4,12/5/24 0:00
25,Connecticut,BE,20.21,121.3,5,101.1,92,65.5,307,12/5/24 0:00
26,Pittsburgh,ACC,20.04,117.2,20,97.2,43,68.2,174,12/5/24 0:00
27,Mississippi,SEC,19.96,119.1,11,99.1,71,67.6,211,12/5/24 0:00
28,Texas A&M,SEC,19.93,113.8,48,93.9,14,66.9,246,12/5/24 0:00
29,Ohio St.,B10,19.21,116.1,29,96.9,40,68.8,144,12/5/24 0:00
30,Arizona,B12,19.1,116.4,28,97.3,46,72.1,21,12/5/24 0:00
31,Michigan St.,B10,18.76,114.7,38,95.9,29,68,190,12/5/24 0:00
32,Memphis,Amer,18.73,116.8,24,98.1,53,69.4,106,12/5/24 0:00
33,Dayton,A10,18.54,118.2,15,99.6,78,66.5,267,12/5/24 0:00
34,Texas,SEC,18.48,112.8,54,94.3,19,67,241,12/5/24 0:00
35,Wisconsin,B10,18.46,116.7,26,98.2,55,68.3,171,12/5/24 0:00
36,San Diego St.,MWC,17.71,111.2,69,93.5,12,66.2,278,12/5/24 0:00
37,Saint Mary's,WCC,17.39,114.6,40,97.2,44,64.3,343,12/5/24 0:00
38,Georgia,SEC,17.37,113.2,52,95.8,28,67.5,220,12/5/24 0:00
39,Oklahoma,SEC,17.33,114.2,43,96.9,41,67.1,239,12/5/24 0:00
40,Penn St.,B10,17.32,115.6,32,98.3,57,71.7,30,12/5/24 0:00
,,,,,Strength of Schedule,NCSOS,,,,12/5/24 0:00
Rk,Team,Conf,NetRtg,ORtg,DRtg,AdjT,Luck,NetRtg,ORtg,12/5/24 0:00
41,VCU,A10,16.7,110.6,78,93.9,13,67.7,210,12/5/24 0:00
42,Creighton,BE,16.5,112.9,53,96.5,35,69.7,94,12/5/24 0:00
43,Arkansas,SEC,16.45,110.8,74,94.4,20,70.6,59,12/5/24 0:00
44,Nebraska,B10,15.75,111.1,71,95.3,26,69.9,89,12/5/24 0:00
45,Nevada,MWC,15.69,113.9,46,98.2,56,64.5,336,12/5/24 0:00
46,Indiana,B10,15.63,114,45,98.4,59,71,47,12/5/24 0:00
47,BYU,B12,15.58,115.9,30,100.3,88,68.8,149,12/5/24 0:00
48,Boise St.,MWC,15.55,115.2,34,99.7,79,68.2,175,12/5/24 0:00
49,LSU,SEC,15.24,112.6,56,97.4,47,68.5,162,12/5/24 0:00
50,Iowa,B10,14.96,114.4,41,99.4,74,72.2,17,12/5/24 0:00
51,Villanova,BE,14.76,116.5,27,101.7,98,64.7,332,12/5/24 0:00
52,Arizona St.,B12,14.66,112.2,60,97.5,49,68.8,140,12/5/24 0:00
53,Louisville,ACC,14.54,110.6,76,96.1,33,69.4,113,12/5/24 0:00
54,Utah St.,MWC,14.29,113.9,47,99.6,77,69.4,110,12/5/24 0:00
55,UC Irvine,BW,14.14,107,136,92.9,7,69.4,108,12/5/24 0:00
56,SMU,ACC,14.03,117.1,21,103,125,69.3,114,12/5/24 0:00
57,Utah,B12,13.9,112.8,55,98.9,67,70.5,64,12/5/24 0:00
58,Butler,BE,13.85,112.6,57,98.8,63,68.1,185,12/5/24 0:00
59,West Virginia,B12,13.78,111,73,97.2,45,66.7,258,12/5/24 0:00
60,Missouri,SEC,13.47,115,35,101.6,95,69.1,123,12/5/24 0:00
61,San Francisco,WCC,13.29,111.8,63,98.5,60,67.4,224,12/5/24 0:00
62,Northwestern,B10,13.1,109.9,88,96.8,39,65.1,321,12/5/24 0:00
63,Florida St.,ACC,13.03,109,107,96,30,71.8,27,12/5/24 0:00
64,New Mexico,MWC,12.98,111.8,64,98.8,65,74.6,2,12/5/24 0:00
65,Xavier,BE,12.36,111.3,68,99,68,69.5,102,12/5/24 0:00
66,Liberty,CUSA,12.22,109,108,96.8,38,63.5,356,12/5/24 0:00
67,Vanderbilt,SEC,12.16,114.3,42,102.2,106,70.5,60,12/5/24 0:00
68,North Texas,Amer,12.15,106.2,154,94,15,63.3,358,12/5/24 0:00
69,South Carolina,SEC,11.91,109.5,95,97.6,50,66.8,255,12/5/24 0:00
70,Kansas St.,B12,11.69,110.4,80,98.7,62,68.6,154,12/5/24 0:00
71,Bradley,MVC,11.52,114.7,37,103.2,130,65.9,288,12/5/24 0:00
72,Rutgers,B10,11.13,111.4,66,100.3,89,70.9,51,12/5/24 0:00
73,Oregon St.,WCC,10.72,110.4,81,99.7,80,64.7,334,12/5/24 0:00
74,N.C. State,ACC,10.61,109.6,92,99,69,67.6,216,12/5/24 0:00
75,Loyola Chicago,A10,10.49,109.2,101,98.7,61,68,186,12/5/24 0:00
76,Drake,MVC,10.21,108,123,97.8,51,64.7,333,12/5/24 0:00
77,Providence,BE,10.09,109.9,89,99.8,82,64.3,344,12/5/24 0:00
78,UCF,B12,9.74,109,109,99.2,72,70.3,70,12/5/24 0:00
79,Washington,B10,9.7,106.8,144,97.1,42,68.7,151,12/5/24 0:00
80,George Mason,A10,9.51,107,137,97.5,48,66.3,271,12/5/24 0:00
,,,,,Strength of Schedule,NCSOS,,,,12/5/24 0:00
Rk,Team,Conf,NetRtg,ORtg,DRtg,AdjT,Luck,NetRtg,ORtg,12/5/24 0:00
81,St. Bonaventure,A10,9.49,107.7,125,98.2,54,65.8,291,12/5/24 0:00
82,TCU,B12,9.44,105.5,165,96,31,68.9,132,12/5/24 0:00
83,Washington St.,WCC,9.39,108.2,118,98.8,66,71.2,43,12/5/24 0:00
84,Notre Dame,ACC,9.26,112,61,102.7,118,65.5,308,12/5/24 0:00
85,Georgetown,BE,9.04,109,105,100,85,69.7,95,12/5/24 0:00
86,Santa Clara,WCC,8.98,110.3,82,101.3,93,68.4,165,12/5/24 0:00
87,Rhode Island,A10,8.69,110.8,75,102.1,102,71.9,24,12/5/24 0:00
88,Oklahoma St.,B12,8.64,108.2,119,99.5,76,72,23,12/5/24 0:00
89,Colorado,B12,8.6,108.3,114,99.7,81,68,189,12/5/24 0:00
90,Stanford,ACC,8.43,110.6,77,102.2,107,67.6,212,12/5/24 0:00
91,Wichita St.,Amer,8.18,107.3,133,99.1,70,70.7,55,12/5/24 0:00
92,Grand Canyon,WAC,7.99,109.6,91,101.6,96,72,22,12/5/24 0:00
93,McNeese,Slnd,7.72,110,86,102.3,109,65.9,287,12/5/24 0:00
94,Miami FL,ACC,7.52,117,23,109.5,271,66.2,275,12/5/24 0:00
95,Colorado St.,MWC,7.51,106.8,143,99.3,73,67.7,208,12/5/24 0:00
96,DePaul,BE,7.11,109.9,87,102.8,121,67.8,202,12/5/24 0:00
97,UC San Diego,BW,6.97,109.1,104,102.1,103,65.7,302,12/5/24 0:00
98,Florida Atlantic,Amer,6.88,113.3,49,106.4,200,71.3,40,12/5/24 0:00
99,Saint Joseph's,A10,6.76,107.5,129,100.7,90,70,86,12/5/24 0:00
100,Princeton,Ivy,6.6,112.4,58,105.8,187,67.6,213,12/5/24 0:00
101,Lipscomb,ASun,6.57,107.5,128,100.9,91,67.8,197,12/5/24 0:00
102,Virginia,ACC,6.46,105.9,157,99.5,75,61.9,363,12/5/24 0:00
103,Wake Forest,ACC,6.46,103.2,210,96.8,37,66.8,248,12/5/24 0:00
104,Syracuse,ACC,6.37,111.4,67,105,171,70.4,65,12/5/24 0:00
105,Louisiana Tech,CUSA,6.37,109.3,99,102.9,122,66.7,257,12/5/24 0:00
106,Yale,Ivy,6.31,113.2,51,106.9,210,68.1,181,12/5/24 0:00
107,UNLV,MWC,6.02,109.7,90,103.7,140,66.5,265,12/5/24 0:00
108,Murray St.,MVC,5.95,108.9,111,103,123,66.1,284,12/5/24 0:00
109,Georgia Tech,ACC,5.62,109,106,103.4,132,70.6,57,12/5/24 0:00
110,UC Santa Barbara,BW,5.55,109.3,97,103.8,142,65.6,305,12/5/24 0:00
111,USC,B10,5.28,107.8,124,102.6,115,67.3,228,12/5/24 0:00
112,Minnesota,B10,5.28,105.4,166,100.1,86,62.5,361,12/5/24 0:00
113,Davidson,A10,4.92,110.1,84,105.2,175,68.2,172,12/5/24 0:00
114,California,ACC,4.68,109.6,93,104.9,168,70.6,56,12/5/24 0:00
115,Northern Iowa,MVC,4.59,108,122,103.4,133,65.7,298,12/5/24 0:00
116,Arkansas St.,SB,4.29,106.2,150,101.9,100,69.1,122,12/5/24 0:00
117,Seattle,WAC,4.05,106.9,139,102.8,120,66.9,247,12/5/24 0:00
118,Kent St.,MAC,3.88,102.7,219,98.8,64,65,326,12/5/24 0:00
119,Furman,SC,3.84,105.2,170,101.3,94,66.8,250,12/5/24 0:00
120,Western Kentucky,CUSA,3.54,103.5,205,99.9,84,73,11,12/5/24 0:00
,,,,,Strength of Schedule,NCSOS,,,,12/5/24 0:00
Rk,Team,Conf,NetRtg,ORtg,DRtg,AdjT,Luck,NetRtg,ORtg,12/5/24 0:00
121,Temple,Amer,3.5,108,121,104.5,156,69.4,109,12/5/24 0:00
122,Wofford,SC,3.43,111.5,65,108,236,64.8,330,12/5/24 0:00
123,Purdue Fort Wayne,Horz,3.4,111,72,107.6,224,68.4,164,12/5/24 0:00
124,Troy,SB,3.34,105.6,162,102.2,108,68.3,169,12/5/24 0:00
125,South Dakota St.,Sum,3.03,106.9,140,103.8,143,70.3,67,12/5/24 0:00
126,Texas St.,SB,2.86,105.6,160,102.8,119,66.1,285,12/5/24 0:00
127,Samford,SC,2.86,111.9,62,109,259,72.9,12,12/5/24 0:00
128,East Tennessee St.,SC,2.85,107.3,132,104.4,153,67.1,236,12/5/24 0:00
129,Akron,MAC,2.78,110.1,85,107.3,218,69.4,107,12/5/24 0:00
130,St. Thomas,Sum,2.71,109.4,96,106.7,207,68.2,178,12/5/24 0:00
131,Seton Hall,BE,2.47,97.1,319,94.7,21,63.1,359,12/5/24 0:00
132,Wright St.,Horz,2.25,108.3,113,106.1,194,67.6,215,12/5/24 0:00
133,Middle Tennessee,CUSA,2.24,105.8,159,103.5,138,68.3,168,12/5/24 0:00
134,Montana St.,BSky,2.04,106.8,142,104.8,164,66.8,251,12/5/24 0:00
135,James Madison,SB,1.93,107.2,134,105.3,180,67.1,238,12/5/24 0:00
136,UMass Lowell,AE,1.84,109.5,94,107.7,227,71.2,44,12/5/24 0:00
137,UAB,Amer,1.8,110.5,79,108.8,254,70.1,78,12/5/24 0:00
138,La Salle,A10,1.61,104.7,180,103.1,126,71.5,33,12/5/24 0:00
139,High Point,BSth,1.6,112.3,59,110.7,296,64.5,339,12/5/24 0:00
140,Sam Houston St.,CUSA,1.57,108.6,112,107.1,213,69.6,96,12/5/24 0:00
141,Northeastern,CAA,1.42,103.3,208,101.9,99,68.1,184,12/5/24 0:00
142,Belmont,MVC,1.39,109.1,103,107.7,228,71,46,12/5/24 0:00
143,Charleston,CAA,1.35,106.2,153,104.9,166,70.2,74,12/5/24 0:00
144,UNC Wilmington,CAA,1.31,106.2,152,104.9,169,67.1,235,12/5/24 0:00
145,George Washington,A10,1,105.6,161,104.6,157,69.6,97,12/5/24 0:00
146,Norfolk St.,MEAC,0.98,106.4,148,105.4,183,65.7,300,12/5/24 0:00
147,Boston College,ACC,0.91,104.4,186,103.5,137,67.1,232,12/5/24 0:00
148,Saint Louis,A10,0.89,109.2,102,108.3,243,70.1,76,12/5/24 0:00
149,Cornell,Ivy,0.89,108.3,115,107.4,220,71.3,39,12/5/24 0:00
150,East Carolina,Amer,0.78,104.8,177,104,147,65.4,313,12/5/24 0:00
151,Oakland,Horz,0.69,103.8,199,103.1,127,64.2,347,12/5/24 0:00
152,CSUN,BW,0.54,104,195,103.4,136,72.1,19,12/5/24 0:00
153,Virginia Tech,ACC,0.32,103.5,204,103.2,131,65.8,294,12/5/24 0:00
154,South Florida,Amer,0.24,106,156,105.7,186,69.4,112,12/5/24 0:00
155,UNC Greensboro,SC,0.17,103.2,211,103,124,65.5,309,12/5/24 0:00
156,Towson,CAA,0.14,102.7,217,102.5,114,64,350,12/5/24 0:00
157,Columbia,Ivy,0.09,109.3,98,109.2,263,68.9,138,12/5/24 0:00
158,Northern Colorado,BSky,-0.19,108.2,117,108.4,248,69.8,92,12/5/24 0:00
159,Appalachian St.,SB,-0.24,102.9,216,103.2,129,64.5,338,12/5/24 0:00
160,Ohio,MAC,-0.25,109,110,109.2,265,69.6,99,12/5/24 0:00
,,,,,Strength of Schedule,NCSOS,,,,12/5/24 0:00
Rk,Team,Conf,NetRtg,ORtg,DRtg,AdjT,Luck,NetRtg,ORtg,12/5/24 0:00
161,Radford,BSth,-0.38,108.3,116,108.6,252,64.2,345,12/5/24 0:00
162,Rice,Amer,-0.46,101.9,233,102.4,111,66.5,264,12/5/24 0:00
163,Hofstra,CAA,-0.63,102,231,102.6,116,65.4,314,12/5/24 0:00
164,Kennesaw St.,CUSA,-0.65,104.6,184,105.3,178,71.7,29,12/5/24 0:00
165,Winthrop,BSth,-0.66,103,215,103.6,139,72.1,20,12/5/24 0:00
166,Miami OH,MAC,-0.86,104.2,191,105.1,173,68.9,133,12/5/24 0:00
167,Hawaii,BW,-0.86,104,194,104.9,167,66,286,12/5/24 0:00
168,Southern Illinois,MVC,-0.89,101.7,237,102.6,117,71,49,12/5/24 0:00
169,Bryant,AE,-0.94,104.7,182,105.6,184,73,9,12/5/24 0:00
170,North Florida,ASun,-0.97,110.3,83,111.2,305,70.5,62,12/5/24 0:00
171,UTEP,CUSA,-0.97,101,249,102,101,69.5,105,12/5/24 0:00
172,Marshall,SB,-0.98,104.4,187,105.4,181,70.1,75,12/5/24 0:00
173,Milwaukee,Horz,-1,106.2,151,107.2,215,68.8,147,12/5/24 0:00
174,Elon,CAA,-1.09,105.1,171,106.2,196,65.8,296,12/5/24 0:00
175,Jacksonville,ASun,-1.26,103.1,212,104.4,152,68.5,160,12/5/24 0:00
176,Florida Gulf Coast,ASun,-1.29,104.4,188,105.7,185,64.1,349,12/5/24 0:00
177,Cal Baptist,WAC,-1.3,106.8,141,108.2,239,65.7,299,12/5/24 0:00
178,Southern Utah,WAC,-1.31,105.8,158,107.1,214,68.8,145,12/5/24 0:00
179,Loyola Marymount,WCC,-1.32,103.4,206,104.7,161,67.9,193,12/5/24 0:00
180,UT Rio Grande Valley,Slnd,-1.33,107.6,127,108.9,256,70.9,52,12/5/24 0:00
181,Jacksonville St.,CUSA,-1.33,106.5,147,107.8,229,66.1,283,12/5/24 0:00
182,North Dakota St.,Sum,-1.41,111.1,70,112.5,330,63.8,354,12/5/24 0:00
183,Vermont,AE,-1.42,101,250,102.4,110,63.9,353,12/5/24 0:00
184,UT Arlington,WAC,-1.48,107.7,126,109.2,262,71.1,45,12/5/24 0:00
185,Missouri St.,MVC,-1.48,101,248,102.5,113,66.6,262,12/5/24 0:00
186,Abilene Christian,WAC,-1.57,104.3,190,105.9,189,67.7,207,12/5/24 0:00
187,Texas A&M Corpus Chris,Slnd,-1.74,107.4,130,109.1,260,70.5,63,12/5/24 0:00
188,Longwood,BSth,-1.77,102.2,227,104,144,68.9,137,12/5/24 0:00
189,Montana,BSky,-1.93,104.5,185,106.4,204,69,127,12/5/24 0:00
190,Illinois St.,MVC,-1.94,106.2,155,108.1,237,66.8,252,12/5/24 0:00
191,Central Michigan,MAC,-1.97,101.8,236,103.7,141,68.3,170,12/5/24 0:00
192,Utah Valley,WAC,-2.02,102.7,220,104.7,159,70,79,12/5/24 0:00
193,UC Riverside,BW,-2.02,104.7,181,106.7,208,67.9,191,12/5/24 0:00
194,UNC Asheville,BSth,-2.03,106.7,145,108.8,255,67.1,233,12/5/24 0:00
195,Massachusetts,A10,-2.09,103.9,196,106,192,70,84,12/5/24 0:00
196,North Alabama,ASun,-2.47,104.4,189,106.8,209,68.2,179,12/5/24 0:00
197,Wyoming,MWC,-2.49,102.6,222,105,172,66.2,276,12/5/24 0:00
198,Richmond,A10,-2.68,101.3,243,104,145,66.3,273,12/5/24 0:00
199,Brown,Ivy,-2.75,105.6,163,108.3,245,65.4,315,12/5/24 0:00
200,Chattanooga,SC,-2.8,106.6,146,109.4,270,68.1,180,12/5/24 0:00
,,,,,Strength of Schedule,NCSOS,,,,12/5/24 0:00
Rk,Team,Conf,NetRtg,ORtg,DRtg,AdjT,Luck,NetRtg,ORtg,12/5/24 0:00
201,South Alabama,SB,-2.91,102.4,223,105.3,179,64.9,328,12/5/24 0:00
202,Saint Peter's,MAAC,-2.97,101.3,244,104.3,150,62.7,360,12/5/24 0:00
203,Little Rock,OVC,-3.05,100.1,266,103.1,128,68.5,161,12/5/24 0:00
204,Stephen F. Austin,Slnd,-3.06,96.8,325,99.8,83,66.1,281,12/5/24 0:00
205,Drexel,CAA,-3.23,105.5,164,108.7,253,64.2,348,12/5/24 0:00
206,Indiana St.,MVC,-3.34,107.1,135,110.4,293,73.1,8,12/5/24 0:00
207,Charlotte,Amer,-3.35,104.8,176,108.2,242,64.4,341,12/5/24 0:00
208,Cal Poly,BW,-3.38,103.9,198,107.3,216,73.5,5,12/5/24 0:00
209,Eastern Kentucky,ASun,-3.52,106.2,149,109.8,278,68,188,12/5/24 0:00
210,UC Davis,BW,-3.52,99,287,102.5,112,71.2,42,12/5/24 0:00
211,Toledo,MAC,-3.59,108.1,120,111.7,314,70,81,12/5/24 0:00
212,Maine,AE,-3.79,98.4,301,102.2,105,67.7,203,12/5/24 0:00
213,Fordham,A10,-3.95,101.3,245,105.3,177,70,80,12/5/24 0:00
214,Northern Kentucky,Horz,-3.97,100.3,261,104.3,151,67.1,237,12/5/24 0:00
215,Grambling St.,SWAC,-4.03,100.7,254,104.7,163,67.8,196,12/5/24 0:00
216,William & Mary,CAA,-4.1,107.3,131,111.4,311,72.1,18,12/5/24 0:00
217,Delaware,CAA,-4.27,105.3,167,109.6,275,71.4,35,12/5/24 0:00
218,Weber St.,BSky,-4.29,103.2,209,107.5,223,67.3,229,12/5/24 0:00
219,Merrimack,MAAC,-4.34,97.4,316,101.7,97,65.8,295,12/5/24 0:00
220,Nicholls,Slnd,-4.35,102,230,106.4,199,67.4,225,12/5/24 0:00
221,San Jose St.,MWC,-4.36,104.9,175,109.2,264,64.8,331,12/5/24 0:00
222,Gardner Webb,BSth,-4.5,101.7,238,106.2,198,69.9,90,12/5/24 0:00
223,Albany,AE,-4.62,102.7,218,107.3,219,70.2,73,12/5/24 0:00
224,Southeastern Louisiana,Slnd,-4.75,99.5,274,104.2,149,68.1,182,12/5/24 0:00
225,New Mexico St.,CUSA,-4.84,100.3,260,105.2,176,67.5,217,12/5/24 0:00
226,Georgia St.,SB,-4.86,103.3,207,108.2,241,69,129,12/5/24 0:00
227,South Dakota,Sum,-4.97,109.2,100,114.2,351,72.6,14,12/5/24 0:00
228,American,PL,-5.17,104.1,192,109.3,267,63.7,355,12/5/24 0:00
229,Georgia Southern,SB,-5.21,99.7,271,104.9,170,72.7,13,12/5/24 0:00
230,Mercer,SC,-5.41,104.7,179,110.1,285,70.8,53,12/5/24 0:00
231,Austin Peay,ASun,-5.44,99.2,280,104.7,160,64.4,342,12/5/24 0:00
232,Tulsa,Amer,-5.47,100.6,257,106,193,68.8,146,12/5/24 0:00
233,Tulane,Amer,-5.5,102.2,228,107.7,225,68.4,163,12/5/24 0:00
234,Duquesne,A10,-5.62,98.8,292,104.5,154,67.3,227,12/5/24 0:00
235,Central Connecticut,NEC,-5.71,97.7,309,103.4,134,65.9,289,12/5/24 0:00
236,Presbyterian,BSth,-5.74,102.4,224,108.1,238,65.9,290,12/5/24 0:00
237,Evansville,MVC,-5.74,102,232,107.7,226,68.8,139,12/5/24 0:00
238,Southern,SWAC,-5.84,98.2,304,104.1,148,68.5,159,12/5/24 0:00
239,Eastern Washington,BSky,-6.01,106.9,138,112.9,337,68.8,142,12/5/24 0:00
240,Illinois Chicago,MVC,-6.09,104.9,174,111,301,69.8,93,12/5/24 0:00
,,,,,Strength of Schedule,NCSOS,,,,12/5/24 0:00
Rk,Team,Conf,NetRtg,ORtg,DRtg,AdjT,Luck,NetRtg,ORtg,12/5/24 0:00
241,Youngstown St.,Horz,-6.38,95.8,340,102.1,104,69.3,115,12/5/24 0:00
242,UTSA,Amer,-6.57,103.1,213,109.7,276,71.6,32,12/5/24 0:00
243,Valparaiso,MVC,-6.62,104.7,178,111.4,308,68.6,156,12/5/24 0:00
244,Cal St. Bakersfield,BW,-6.65,101.8,235,108.4,247,64.5,337,12/5/24 0:00
245,Idaho St.,BSky,-6.7,102.3,225,109,258,65.1,320,12/5/24 0:00
246,Marist,MAAC,-6.72,101.8,234,108.5,250,65.1,323,12/5/24 0:00
247,Cleveland St.,Horz,-6.79,96.6,331,103.4,135,67.8,198,12/5/24 0:00
248,Alabama St.,SWAC,-6.8,102.6,221,109.4,269,69.9,87,12/5/24 0:00
249,Portland St.,BSky,-6.9,103.9,197,110.8,299,71.4,37,12/5/24 0:00
250,Lehigh,PL,-7.1,105,172,112.1,322,67.5,219,12/5/24 0:00
251,Lafayette,PL,-7.1,98.3,303,105.4,182,66.3,274,12/5/24 0:00
252,Iona,MAAC,-7.11,98.9,291,106,191,68.8,148,12/5/24 0:00
253,FIU,CUSA,-7.17,97.6,311,104.8,165,70.3,68,12/5/24 0:00
254,Quinnipiac,MAAC,-7.19,99,285,106.2,197,70.2,71,12/5/24 0:00
255,Mount St. Mary's,MAAC,-7.37,99,286,106.4,202,67.7,206,12/5/24 0:00
256,Army,PL,-7.48,103.7,201,111.2,303,66.4,270,12/5/24 0:00
257,Pacific,WCC,-7.49,99.1,284,106.6,206,68.6,155,12/5/24 0:00
258,Bucknell,PL,-7.59,97.6,312,105.2,174,67.8,200,12/5/24 0:00
259,Southern Miss,SB,-7.77,100.2,264,107.9,230,70.8,54,12/5/24 0:00
260,Hampton,CAA,-7.8,100.6,255,108.4,246,65.5,310,12/5/24 0:00
261,Rider,MAAC,-7.91,100.5,258,108.4,249,64.9,327,12/5/24 0:00
262,Robert Morris,Horz,-7.99,96.7,330,104.7,158,68.6,157,12/5/24 0:00
263,Boston University,PL,-8.12,99.3,279,107.4,221,65.3,317,12/5/24 0:00
264,Harvard,Ivy,-8.22,98.7,295,106.9,211,67.8,201,12/5/24 0:00
265,SIUE,OVC,-8.25,97.7,310,105.9,190,66.8,253,12/5/24 0:00
266,Northwestern St.,Slnd,-8.61,99.4,278,108,232,66.4,269,12/5/24 0:00
267,Western Michigan,MAC,-8.62,102.3,226,110.9,300,66.6,261,12/5/24 0:00
268,Bowling Green,MAC,-8.67,101.6,240,110.2,289,69,131,12/5/24 0:00
269,Fresno St.,MWC,-8.7,95.8,338,104.5,155,74.7,1,12/5/24 0:00
270,UMBC,AE,-8.72,103.6,202,112.3,326,71.6,31,12/5/24 0:00
271,Louisiana,SB,-8.76,105.2,169,114,344,68.9,136,12/5/24 0:00
272,Coastal Carolina,SB,-8.84,97.5,313,106.4,201,63.9,351,12/5/24 0:00
273,Howard,MEAC,-9.07,103,214,112.1,319,67.2,231,12/5/24 0:00
274,Campbell,CAA,-9.08,96.7,328,105.8,188,67,243,12/5/24 0:00
275,South Carolina St.,MEAC,-9.14,97.4,315,106.6,205,68.8,141,12/5/24 0:00
276,Idaho,BSky,-9.16,104.9,173,114.1,348,65.7,301,12/5/24 0:00
277,Pepperdine,WCC,-9.17,99.1,281,108.3,244,69,128,12/5/24 0:00
278,Siena,MAAC,-9.19,98.1,307,107.3,217,65.1,322,12/5/24 0:00
279,Kansas City,Sum,-9.37,98.1,305,107.5,222,67.9,194,12/5/24 0:00
280,Colgate,PL,-9.46,100,267,109.5,274,65.8,293,12/5/24 0:00
,,,,,Strength of Schedule,NCSOS,,,,12/5/24 0:00
Rk,Team,Conf,NetRtg,ORtg,DRtg,AdjT,Luck,NetRtg,ORtg,12/5/24 0:00
281,Ball St.,MAC,-9.49,98.4,299,107.9,231,67.6,214,12/5/24 0:00
282,Southeast Missouri,OVC,-9.5,96.7,329,106.2,195,71.7,28,12/5/24 0:00
283,Charleston Southern,BSth,-9.5,100.6,256,110.1,286,69.2,119,12/5/24 0:00
284,Oral Roberts,Sum,-9.53,104.6,183,114.2,349,69.1,126,12/5/24 0:00
285,Western Carolina,SC,-9.53,98.4,298,108,235,71.4,36,12/5/24 0:00
286,North Carolina Central,MEAC,-9.59,103.6,203,113.2,340,66.2,280,12/5/24 0:00
287,Bethune Cookman,SWAC,-9.64,96.8,326,106.4,203,70,85,12/5/24 0:00
288,Queens,ASun,-9.66,98.3,302,108,233,70.9,50,12/5/24 0:00
289,Southern Indiana,OVC,-9.67,100.1,265,109.8,280,67.5,221,12/5/24 0:00
290,North Dakota,Sum,-9.84,101.7,239,111.6,313,68.2,173,12/5/24 0:00
291,Northern Arizona,BSky,-9.92,102.1,229,112.1,320,66.3,272,12/5/24 0:00
292,Green Bay,Horz,-9.95,104.1,193,114,347,70.6,58,12/5/24 0:00
293,Air Force,MWC,-10.01,101.4,242,111.4,309,62,362,12/5/24 0:00
294,Cal St. Fullerton,BW,-10.08,96.8,324,106.9,212,65,324,12/5/24 0:00
295,Morehead St.,OVC,-10.13,99.8,269,110,282,67,244,12/5/24 0:00
296,Utah Tech,WAC,-10.18,99.5,276,109.7,277,67.8,199,12/5/24 0:00
297,Incarnate Word,Slnd,-10.26,105.3,168,115.6,355,67.5,222,12/5/24 0:00
298,Monmouth,CAA,-10.48,100.7,253,111.2,304,68.2,177,12/5/24 0:00
299,San Diego,WCC,-10.53,93.5,357,104,146,72.4,16,12/5/24 0:00
300,North Carolina A&T,CAA,-10.6,101.2,246,111.8,317,73.1,7,12/5/24 0:00
301,Fairfield,MAAC,-10.74,99.6,272,110.4,291,66.5,263,12/5/24 0:00
302,Lamar,Slnd,-10.85,100.3,262,111.1,302,68,187,12/5/24 0:00
303,Texas Southern,SWAC,-10.86,97.3,318,108.2,240,69.4,111,12/5/24 0:00
304,Portland,WCC,-10.93,98.4,300,109.4,268,70.3,69,12/5/24 0:00
305,Eastern Michigan,MAC,-11.16,98.8,293,110,283,67.3,226,12/5/24 0:00
306,Penn,Ivy,-11.18,103.8,200,115,354,65,325,12/5/24 0:00
307,Detroit Mercy,Horz,-11.31,98.5,297,109.8,279,67.3,230,12/5/24 0:00
308,Sacred Heart,MAAC,-11.35,100.9,251,112.2,323,68.8,143,12/5/24 0:00
309,Navy,PL,-11.48,100.8,252,112.3,324,68.7,152,12/5/24 0:00
310,Wagner,NEC,-11.71,93,358,104.7,162,61.1,364,12/5/24 0:00
311,Nebraska Omaha,Sum,-11.92,99.8,270,111.8,316,67.7,209,12/5/24 0:00
312,Niagara,MAAC,-11.99,98.1,306,110.1,287,65.5,311,12/5/24 0:00
313,Manhattan,MAAC,-12.08,100.5,259,112.6,334,69.1,121,12/5/24 0:00
314,Loyola MD,PL,-12.61,96.9,322,109.5,273,66.8,249,12/5/24 0:00
315,Tennessee St.,OVC,-12.67,98.9,290,111.5,312,71.8,25,12/5/24 0:00
316,Tarleton St.,WAC,-12.73,95.2,346,108,234,66.7,259,12/5/24 0:00
317,Denver,Sum,-12.95,98.9,288,111.9,318,69,130,12/5/24 0:00
318,Stonehill,NEC,-13.12,97.1,320,110.2,288,66.2,277,12/5/24 0:00
319,Saint Francis,NEC,-13.23,97.5,314,110.8,297,68.9,134,12/5/24 0:00
320,Eastern Illinois,OVC,-13.29,95.3,344,108.6,251,66.8,254,12/5/24 0:00
,,,,,Strength of Schedule,NCSOS,,,,12/5/24 0:00
Rk,Team,Conf,NetRtg,ORtg,DRtg,AdjT,Luck,NetRtg,ORtg,12/5/24 0:00
321,Central Arkansas,ASun,-13.31,95.8,337,109.2,261,67.8,195,12/5/24 0:00
322,Tennessee Tech,OVC,-13.44,99.1,282,112.5,332,67.7,204,12/5/24 0:00
323,Sacramento St.,BSky,-13.5,95.8,339,109.3,266,65.4,312,12/5/24 0:00
324,Holy Cross,PL,-13.57,101,247,114.6,352,65.5,306,12/5/24 0:00
325,Western Illinois,OVC,-13.69,98.8,294,112.4,329,63.9,352,12/5/24 0:00
326,Binghamton,AE,-13.75,98.6,296,112.3,325,65.3,318,12/5/24 0:00
327,Jackson St.,SWAC,-13.91,95.9,336,109.8,281,69.2,117,12/5/24 0:00
328,Old Dominion,SB,-13.92,97.3,317,111.2,306,69.1,125,12/5/24 0:00
329,Buffalo,MAC,-14.1,99.5,273,113.6,341,70.2,72,12/5/24 0:00
330,Le Moyne,NEC,-14.23,96.4,333,110.6,295,69.6,98,12/5/24 0:00
331,Dartmouth,Ivy,-14.26,96.1,334,110.4,292,70,82,12/5/24 0:00
332,Bellarmine,ASun,-14.28,101.5,241,115.8,356,67,245,12/5/24 0:00
333,The Citadel,SC,-14.31,95.8,341,110.1,284,65.6,303,12/5/24 0:00
334,Tennessee Martin,OVC,-14.91,94,355,109,257,68.7,153,12/5/24 0:00
335,Stony Brook,CAA,-15.02,97.8,308,112.8,335,67.5,218,12/5/24 0:00
336,Louisiana Monroe,SB,-15.06,95.2,347,110.2,290,67.4,223,12/5/24 0:00
337,Stetson,ASun,-15.06,99.1,283,114.2,350,68.7,150,12/5/24 0:00
338,LIU,NEC,-15.69,95.7,342,111.4,310,68.4,167,12/5/24 0:00
339,Long Beach St.,BW,-15.69,96.7,327,112.4,328,64.9,329,12/5/24 0:00
340,VMI,SC,-15.94,96.1,335,112.1,321,68.9,135,12/5/24 0:00
341,Morgan St.,MEAC,-16,96.9,323,112.9,336,71,48,12/5/24 0:00
342,Northern Illinois,MAC,-16.22,94.4,352,110.6,294,69.9,91,12/5/24 0:00
343,Fairleigh Dickinson,NEC,-16.26,100.2,263,116.4,359,71.8,26,12/5/24 0:00
344,Florida A&M,SWAC,-16.81,92.7,360,109.5,272,69.5,100,12/5/24 0:00
345,Delaware St.,MEAC,-17.19,94.5,351,111.7,315,69.9,88,12/5/24 0:00
346,West Georgia,ASun,-17.19,95.2,345,112.4,327,67.1,234,12/5/24 0:00
347,New Orleans,Slnd,-17.35,95.7,343,113,339,70.1,77,12/5/24 0:00
348,USC Upstate,BSth,-17.76,99.4,277,117.2,360,72.4,15,12/5/24 0:00
349,Houston Christian,Slnd,-17.87,96.9,321,114.8,353,66.2,279,12/5/24 0:00
350,NJIT,AE,-17.94,95,348,113,338,65.4,316,12/5/24 0:00
351,Lindenwood,OVC,-17.97,94.6,350,112.6,333,68.2,176,12/5/24 0:00
352,East Texas A&M,Slnd,-18.04,92.7,359,110.8,298,68.6,158,12/5/24 0:00
353,IU Indy,Horz,-18.19,100,268,118.2,363,66.4,268,12/5/24 0:00
354,Canisius,MAAC,-18.54,99.5,275,118,362,66.8,256,12/5/24 0:00
355,Mercyhurst,NEC,-18.71,95,349,113.7,342,64.2,346,12/5/24 0:00
356,Prairie View A&M,SWAC,-18.77,98.9,289,117.7,361,73,10,12/5/24 0:00
357,Alcorn St.,SWAC,-19.8,94.2,353,114,346,65.3,319,12/5/24 0:00
358,Alabama A&M,SWAC,-20.15,93.5,356,113.7,343,71.4,38,12/5/24 0:00
359,New Hampshire,AE,-21.03,90.3,362,111.3,307,68.1,183,12/5/24 0:00
360,Chicago St.,NEC,-21.11,91.4,361,112.5,331,70.5,61,12/5/24 0:00
,,,,,Strength of Schedule,NCSOS,,,,12/5/24 0:00
Rk,Team,Conf,NetRtg,ORtg,DRtg,AdjT,Luck,NetRtg,ORtg,12/5/24 0:00
361,Maryland Eastern Shore,MEAC,-22.21,94.1,354,116.3,358,67.7,205,12/5/24 0:00
362,Arkansas Pine Bluff,SWAC,-24.04,96.5,332,120.5,364,71.5,34,12/5/24 0:00
363,Coppin St.,MEAC,-27.26,86.7,364,114,345,67,240,12/5/24 0:00
364,Mississippi Valley St.,SWAC,-29.2,86.9,363,116.1,357,64.6,335,12/5/24 0:00
1,Auburn,SEC,31.55,127.3,1,95.8,27,67.9,192,12/6/24 0:00
2,Tennessee,SEC,31.14,120.6,8,89.5,2,66.1,281,12/6/24 0:00
3,Duke,ACC,30.57,119.8,10,89.2,1,67,244,12/6/24 0:00
4,Gonzaga,WCC,30.11,124.6,2,94.5,16,70.4,65,12/6/24 0:00
5,Houston,B12,27.94,119,14,91.1,3,63.3,358,12/6/24 0:00
6,Iowa St.,B12,27.53,121.4,6,93.8,12,69.5,104,12/6/24 0:00
7,Florida,SEC,25.55,122,4,96.5,31,69.1,124,12/6/24 0:00
8,Alabama,SEC,25.4,122.4,3,97,35,73.7,5,12/6/24 0:00
9,Kansas,B12,24.88,118.5,17,93.6,7,69.5,103,12/6/24 0:00
10,Marquette,BE,24.07,117.4,23,93.3,6,69.9,84,12/6/24 0:00
11,Kentucky,SEC,23.74,119,13,95.3,22,73.2,6,12/6/24 0:00
12,Mississippi St.,SEC,22.99,118.6,15,95.6,25,69.1,123,12/6/24 0:00
13,Illinois,B10,22.86,118.3,18,95.4,24,71.3,42,12/6/24 0:00
14,Cincinnati,B12,22.42,116.2,31,93.8,11,65.7,299,12/6/24 0:00
15,Oregon,B10,21.89,117.2,25,95.4,23,68.4,162,12/6/24 0:00
16,Michigan,B10,21.68,114.4,45,92.7,5,69.3,116,12/6/24 0:00
17,Purdue,B10,21.52,120.1,9,98.6,55,64.8,332,12/6/24 0:00
18,UCLA,B10,21.47,113.5,53,92,4,66.4,269,12/6/24 0:00
19,Maryland,B10,21.39,115,38,93.6,9,69.5,105,12/6/24 0:00
20,St. John's,BE,21.27,115.8,33,94.5,17,69.3,115,12/6/24 0:00
21,Texas Tech,B12,21.23,118.1,19,96.9,34,66.7,261,12/6/24 0:00
22,Clemson,ACC,21.08,115.7,35,94.6,18,65.6,303,12/6/24 0:00
23,Baylor,B12,20.78,121.3,7,100.5,87,65.6,304,12/6/24 0:00
24,North Carolina,ACC,20.32,119.1,12,98.8,60,73.7,4,12/6/24 0:00
25,Connecticut,BE,20.23,121.6,5,101.4,93,65.5,310,12/6/24 0:00
26,Pittsburgh,ACC,20.04,117.6,20,97.6,44,68.1,179,12/6/24 0:00
27,Texas A&M,SEC,19.98,114.3,47,94.3,14,66.9,247,12/6/24 0:00
28,Mississippi,SEC,19.83,119.4,11,99.6,71,67.6,211,12/6/24 0:00
29,Ohio St.,B10,19.21,116.5,29,97.3,41,68.8,139,12/6/24 0:00
30,Arizona,B12,19.11,116.8,28,97.7,47,72,20,12/6/24 0:00
31,Memphis,Amer,18.77,117.3,24,98.5,54,69.4,108,12/6/24 0:00
32,Michigan St.,B10,18.75,115,40,96.2,29,68,189,12/6/24 0:00
33,Penn St.,B10,18.69,116.1,32,97.4,42,72.2,17,12/6/24 0:00
34,Dayton,A10,18.53,118.5,16,100,78,66.4,267,12/6/24 0:00
35,Texas,SEC,18.46,113.2,55,94.7,19,67,243,12/6/24 0:00
36,Wisconsin,B10,18.46,117.1,26,98.7,57,68.2,175,12/6/24 0:00
37,San Diego St.,MWC,17.82,111.6,70,93.7,10,66.1,278,12/6/24 0:00
38,Oklahoma,SEC,17.35,114.6,43,97.2,40,67,236,12/6/24 0:00
39,Georgia,SEC,17.35,113.6,52,96.2,28,67.5,220,12/6/24 0:00
40,Saint Mary's,WCC,17.34,115,39,97.7,46,64.2,343,12/6/24 0:00
,,,,,Strength of Schedule,NCSOS,,,,12/6/24 0:00
Rk,Team,Conf,NetRtg,ORtg,DRtg,AdjT,Luck,NetRtg,ORtg,12/6/24 0:00
41,VCU,A10,16.7,110.9,79,94.3,13,67.6,208,12/6/24 0:00
42,Arkansas,SEC,16.53,111.2,74,94.7,20,70.6,58,12/6/24 0:00
43,Creighton,BE,16.52,113.4,54,96.8,33,69.7,95,12/6/24 0:00
44,Nebraska,B10,15.74,111.5,71,95.8,26,69.9,90,12/6/24 0:00
45,Nevada,MWC,15.71,114.3,46,98.6,56,64.5,339,12/6/24 0:00
46,Boise St.,MWC,15.68,115.7,34,100,79,68.2,173,12/6/24 0:00
47,Indiana,B10,15.65,114.4,44,98.8,59,71,49,12/6/24 0:00
48,BYU,B12,15.62,116.4,30,100.7,89,68.8,142,12/6/24 0:00
49,LSU,SEC,15.17,113,57,97.9,49,68.5,159,12/6/24 0:00
50,Iowa,B10,14.94,114.7,42,99.8,74,72.1,18,12/6/24 0:00
51,Villanova,BE,14.75,116.9,27,102.1,98,64.7,334,12/6/24 0:00
52,Arizona St.,B12,14.59,112.6,61,98,53,68.7,143,12/6/24 0:00
53,Louisville,ACC,14.52,111,78,96.5,32,69.3,113,12/6/24 0:00
54,Utah St.,MWC,14.28,114.2,48,100,77,69.3,112,12/6/24 0:00
55,UC Irvine,BW,14.19,107.8,129,93.6,8,69.8,92,12/6/24 0:00
56,San Francisco,WCC,14.04,112,65,97.9,50,67.4,223,12/6/24 0:00
57,SMU,ACC,13.95,117.4,21,103.5,128,69.3,118,12/6/24 0:00
58,Utah,B12,13.87,113.2,56,99.3,66,70.4,62,12/6/24 0:00
59,Butler,BE,13.84,113,58,99.2,64,68,185,12/6/24 0:00
60,West Virginia,B12,13.78,111.4,72,97.6,45,66.7,259,12/6/24 0:00
61,Missouri,SEC,13.43,115.4,36,102,96,69.1,121,12/6/24 0:00
62,Northwestern,B10,13.08,110.3,89,97.2,38,65.1,322,12/6/24 0:00
63,Florida St.,ACC,12.99,109.4,108,96.4,30,71.7,29,12/6/24 0:00
64,New Mexico,MWC,12.85,112.3,64,99.4,67,74.6,1,12/6/24 0:00
65,Vanderbilt,SEC,12.3,114.9,41,102.6,106,70.6,57,12/6/24 0:00
66,Liberty,CUSA,12.2,109.4,105,97.2,39,63.5,356,12/6/24 0:00
67,North Texas,Amer,12.12,106.6,153,94.4,15,63.3,357,12/6/24 0:00
68,Xavier,BE,12.07,112.3,63,100.2,81,69.2,119,12/6/24 0:00
69,South Carolina,SEC,11.88,109.7,98,97.9,48,66.8,248,12/6/24 0:00
70,Kansas St.,B12,11.51,110.6,84,99.1,63,68.6,152,12/6/24 0:00
71,Bradley,MVC,11.5,115.1,37,103.6,133,65.9,289,12/6/24 0:00
72,Rutgers,B10,11.11,111.8,67,100.7,88,70.9,52,12/6/24 0:00
73,Oregon St.,WCC,10.59,110.9,80,100.3,83,64.5,337,12/6/24 0:00
74,Loyola Chicago,A10,10.57,109.6,101,99.1,61,68,187,12/6/24 0:00
75,N.C. State,ACC,10.5,110,94,99.5,68,67.5,217,12/6/24 0:00
76,Drake,MVC,10.2,108.1,123,97.9,51,64.1,347,12/6/24 0:00
77,Providence,BE,10.1,110.3,90,100.2,80,64.2,344,12/6/24 0:00
78,Washington,B10,9.75,107.3,142,97.5,43,68.6,153,12/6/24 0:00
79,UCF,B12,9.71,109.2,110,99.5,69,70.3,66,12/6/24 0:00
80,TCU,B12,9.57,106.6,150,97,36,68.6,154,12/6/24 0:00
,,,,,Strength of Schedule,NCSOS,,,,12/6/24 0:00
Rk,Team,Conf,NetRtg,ORtg,DRtg,AdjT,Luck,NetRtg,ORtg,12/6/24 0:00
81,George Mason,A10,9.5,107.5,137,98,52,66.2,277,12/6/24 0:00
82,St. Bonaventure,A10,9.42,108.1,124,98.7,58,65.8,293,12/6/24 0:00
83,Washington St.,WCC,9.39,108.6,114,99.3,65,71.2,43,12/6/24 0:00
84,Notre Dame,ACC,9.26,112.4,62,103.1,117,65.5,307,12/6/24 0:00
85,Georgetown,BE,9.04,109.4,104,100.4,85,69.7,94,12/6/24 0:00
86,Santa Clara,WCC,9.03,110.7,82,101.7,94,68.4,161,12/6/24 0:00
87,Rhode Island,A10,8.75,111.2,75,102.4,103,71.8,26,12/6/24 0:00
88,Oklahoma St.,B12,8.65,108.6,117,99.9,76,72,22,12/6/24 0:00
89,Colorado,B12,8.38,108.6,115,100.3,82,67.9,190,12/6/24 0:00
90,Stanford,ACC,8.25,111.1,76,102.8,112,67.4,222,12/6/24 0:00
91,Wichita St.,Amer,8.14,107.7,131,99.5,70,70.6,55,12/6/24 0:00
92,UC San Diego,BW,8.05,110.8,81,102.8,109,66.1,284,12/6/24 0:00
93,Grand Canyon,WAC,7.87,110.1,92,102.2,101,71.9,25,12/6/24 0:00
94,McNeese,Slnd,7.62,110.3,88,102.7,108,65.9,290,12/6/24 0:00
95,Colorado St.,MWC,7.57,107.2,144,99.6,72,67.7,201,12/6/24 0:00
96,Miami FL,ACC,7.53,117.4,22,109.9,272,66.3,275,12/6/24 0:00
97,Lipscomb,ASun,7.18,108.1,125,100.9,90,67.6,213,12/6/24 0:00
98,DePaul,BE,7.11,110.4,87,103.3,123,67.7,200,12/6/24 0:00
99,Florida Atlantic,Amer,6.86,113.7,50,106.8,203,71.4,41,12/6/24 0:00
100,Saint Joseph's,A10,6.76,107.9,128,101.1,91,69.9,87,12/6/24 0:00
101,Princeton,Ivy,6.63,112.8,60,106.2,190,67.6,210,12/6/24 0:00
102,Wake Forest,ACC,6.49,103.6,208,97.1,37,66.8,249,12/6/24 0:00
103,Virginia,ACC,6.45,106.3,156,99.9,75,61.9,363,12/6/24 0:00
104,Louisiana Tech,CUSA,6.37,109.7,100,103.3,125,66.7,258,12/6/24 0:00
105,Syracuse,ACC,6.35,111.8,68,105.4,170,70.4,64,12/6/24 0:00
106,Yale,Ivy,6.22,113.6,51,107.4,212,68.1,184,12/6/24 0:00
107,Murray St.,MVC,6.04,109.3,109,103.3,122,66.1,285,12/6/24 0:00
108,UNLV,MWC,5.89,110,93,104.1,141,66.4,268,12/6/24 0:00
109,Georgia Tech,ACC,5.6,109.4,106,103.8,136,70.6,56,12/6/24 0:00
110,USC,B10,5.25,108.2,122,103,114,67.3,227,12/6/24 0:00
111,Minnesota,B10,5.21,105.7,166,100.5,86,62.5,361,12/6/24 0:00
112,Davidson,A10,4.93,110.5,86,105.6,173,68.2,174,12/6/24 0:00
113,California,ACC,4.65,110,95,105.3,167,70.5,61,12/6/24 0:00
114,UC Santa Barbara,BW,4.65,110.2,91,105.6,174,66.1,283,12/6/24 0:00
115,Northern Iowa,MVC,4.62,108.3,121,103.7,134,65.7,300,12/6/24 0:00
116,Seattle,WAC,4.08,107.3,141,103.2,120,66.7,255,12/6/24 0:00
117,Furman,SC,3.84,105.6,169,101.7,95,66.8,251,12/6/24 0:00
118,Kent St.,MAC,3.83,102.9,220,99.1,62,64.9,328,12/6/24 0:00
119,Western Kentucky,CUSA,3.69,104,202,100.3,84,72.9,11,12/6/24 0:00
120,Wofford,SC,3.54,111.9,66,108.3,232,64.8,330,12/6/24 0:00
,,,,,Strength of Schedule,NCSOS,,,,12/6/24 0:00
Rk,Team,Conf,NetRtg,ORtg,DRtg,AdjT,Luck,NetRtg,ORtg,12/6/24 0:00
121,Temple,Amer,3.5,108.4,120,104.9,154,69.3,111,12/6/24 0:00
122,Troy,SB,3.36,106,161,102.7,107,68.3,168,12/6/24 0:00
123,South Dakota St.,Sum,3.33,107.5,136,104.1,142,70.2,68,12/6/24 0:00
124,Samford,SC,3.09,113.8,49,110.7,290,72.4,16,12/6/24 0:00
125,Texas St.,SB,2.88,106,160,103.1,118,66,286,12/6/24 0:00
126,East Tennessee St.,SC,2.86,107.7,130,104.9,152,67.1,235,12/6/24 0:00
127,Arkansas St.,SB,2.8,104.8,186,102,97,69.4,106,12/6/24 0:00
128,St. Thomas,Sum,2.77,109.7,97,107,207,68.2,177,12/6/24 0:00
129,Akron,MAC,2.62,110.6,85,108,222,69.4,110,12/6/24 0:00
130,Purdue Fort Wayne,Horz,2.59,111.6,69,109,253,68.2,170,12/6/24 0:00
131,Seton Hall,BE,2.47,97.5,321,95,21,63.1,359,12/6/24 0:00
132,Wright St.,Horz,2.3,108.8,112,106.5,196,67.3,226,12/6/24 0:00
133,Middle Tennessee,CUSA,2.25,106.1,157,103.9,137,68.3,164,12/6/24 0:00
134,Montana St.,BSky,2.09,107.3,139,105.2,162,66.7,256,12/6/24 0:00
135,James Madison,SB,2.02,107.6,132,105.6,175,67,238,12/6/24 0:00
136,UAB,Amer,1.82,111,77,109.2,256,69.9,86,12/6/24 0:00
137,UMass Lowell,AE,1.8,110,96,108.2,226,71.1,44,12/6/24 0:00
138,High Point,BSth,1.75,112.9,59,111.2,297,64.4,342,12/6/24 0:00
139,La Salle,A10,1.69,105.1,178,103.4,126,71.4,36,12/6/24 0:00
140,Sam Houston St.,CUSA,1.68,109.2,111,107.5,214,69.6,97,12/6/24 0:00
141,Northeastern,CAA,1.44,103.7,206,102.3,102,68,186,12/6/24 0:00
142,Belmont,MVC,1.43,109.5,103,108.1,223,71,48,12/6/24 0:00
143,Charleston,CAA,1.34,106.6,152,105.2,163,70.1,75,12/6/24 0:00
144,UNC Wilmington,CAA,1.31,106.6,151,105.3,164,67.1,234,12/6/24 0:00
145,Norfolk St.,MEAC,1.05,106.9,148,105.9,185,65.6,301,12/6/24 0:00
146,George Washington,A10,0.97,106,162,105,156,69.6,100,12/6/24 0:00
147,Boston College,ACC,0.93,104.8,184,103.9,138,67.1,233,12/6/24 0:00
148,Cornell,Ivy,0.91,108.6,118,107.7,216,71.4,40,12/6/24 0:00
149,Oakland,Horz,0.88,104.3,195,103.4,127,63.8,353,12/6/24 0:00
150,East Carolina,Amer,0.77,105.2,175,104.4,146,65.4,313,12/6/24 0:00
151,UNC Greensboro,SC,0.43,103.7,205,103.3,124,65.5,309,12/6/24 0:00
152,Virginia Tech,ACC,0.42,104,201,103.6,132,65.7,298,12/6/24 0:00
153,Saint Louis,A10,0.38,108.8,113,108.4,236,70.1,76,12/6/24 0:00
154,South Florida,Amer,0.25,106.4,155,106.1,188,69.4,109,12/6/24 0:00
155,Towson,CAA,0.13,103.2,214,103,116,63.8,352,12/6/24 0:00
156,Columbia,Ivy,0.09,109.7,99,109.6,264,68.8,136,12/6/24 0:00
157,CSUN,BW,-0.18,103.1,216,103.3,121,72,19,12/6/24 0:00
158,Northern Colorado,BSky,-0.19,108.6,116,108.8,249,69.8,91,12/6/24 0:00
159,Appalachian St.,SB,-0.23,103.3,213,103.6,130,64.5,338,12/6/24 0:00
160,Ohio,MAC,-0.25,109.4,107,109.6,266,69.5,102,12/6/24 0:00
,,,,,Strength of Schedule,NCSOS,,,,12/6/24 0:00
Rk,Team,Conf,NetRtg,ORtg,DRtg,AdjT,Luck,NetRtg,ORtg,12/6/24 0:00
161,Radford,BSth,-0.26,107.5,135,107.8,218,65.1,323,12/6/24 0:00
162,Milwaukee,Horz,-0.52,107.6,133,108.1,224,68.3,163,12/6/24 0:00
163,Rice,Amer,-0.55,102.2,233,102.8,111,66.5,266,12/6/24 0:00
164,Kennesaw St.,CUSA,-0.65,105,181,105.6,177,71.6,30,12/6/24 0:00
165,Winthrop,BSth,-0.66,103.4,209,104.1,139,72,21,12/6/24 0:00
166,Miami OH,MAC,-0.76,104.7,189,105.4,169,68.9,131,12/6/24 0:00
167,Hofstra,CAA,-0.77,102.4,230,103.2,119,65.3,319,12/6/24 0:00
168,UTEP,CUSA,-0.78,101.4,248,102.2,100,69.3,114,12/6/24 0:00
169,Southern Illinois,MVC,-0.89,102.2,236,103,115,70.9,51,12/6/24 0:00
170,Hawaii,BW,-0.89,104.4,194,105.3,166,66,287,12/6/24 0:00
171,Bryant,AE,-0.96,105.1,179,106,187,73,10,12/6/24 0:00
172,North Florida,ASun,-0.99,110.7,83,111.6,306,70.5,60,12/6/24 0:00
173,Marshall,SB,-1.08,104.7,188,105.8,180,70.1,77,12/6/24 0:00
174,Elon,CAA,-1.08,105.5,171,106.6,197,65.7,295,12/6/24 0:00
175,UC Riverside,BW,-1.17,104.6,191,105.7,179,67.8,193,12/6/24 0:00
176,Florida Gulf Coast,ASun,-1.25,104.7,187,106,186,64.1,348,12/6/24 0:00
177,UT Rio Grande Valley,Slnd,-1.27,107.4,138,108.7,244,71.1,45,12/6/24 0:00
178,Jacksonville,ASun,-1.28,103.4,210,104.7,148,68.6,155,12/6/24 0:00
179,Cal Baptist,WAC,-1.28,107.3,140,108.6,243,65.7,296,12/6/24 0:00
180,Southern Utah,WAC,-1.3,106.1,158,107.4,213,68.7,144,12/6/24 0:00
181,Jacksonville St.,CUSA,-1.31,106.9,147,108.2,230,66.1,282,12/6/24 0:00
182,Loyola Marymount,WCC,-1.35,103.8,204,105.1,159,67.8,195,12/6/24 0:00
183,North Dakota St.,Sum,-1.38,111.4,73,112.8,330,63.8,354,12/6/24 0:00
184,Vermont,AE,-1.42,101.3,249,102.8,110,63.8,351,12/6/24 0:00
185,Missouri St.,MVC,-1.44,101.4,247,102.9,113,66.6,263,12/6/24 0:00
186,Abilene Christian,WAC,-1.46,104.8,185,106.3,191,67.6,209,12/6/24 0:00
187,UT Arlington,WAC,-1.47,108.1,126,109.5,261,71,47,12/6/24 0:00
188,Illinois St.,MVC,-1.97,106.6,154,108.5,240,66.8,253,12/6/24 0:00
189,Utah Valley,WAC,-1.98,103,219,104.9,155,70.1,78,12/6/24 0:00
190,Montana,BSky,-1.99,104.9,183,106.9,205,69,127,12/6/24 0:00
191,Central Michigan,MAC,-2,102.1,237,104.1,140,68.3,169,12/6/24 0:00
192,UNC Asheville,BSth,-2.08,107.1,145,109.2,257,67.1,231,12/6/24 0:00
193,Massachusetts,A10,-2.12,104.3,196,106.4,195,69.9,85,12/6/24 0:00
194,North Alabama,ASun,-2.42,104.6,190,107,209,68.2,171,12/6/24 0:00
195,Wyoming,MWC,-2.49,103,218,105.5,171,66.1,280,12/6/24 0:00
196,Richmond,A10,-2.68,101.7,243,104.4,145,66.3,273,12/6/24 0:00
197,Brown,Ivy,-2.76,106,163,108.7,247,65.3,317,12/6/24 0:00
198,UC Davis,BW,-2.78,98.5,306,101.3,92,71.9,24,12/6/24 0:00
199,Chattanooga,SC,-2.79,107.1,146,109.9,271,68.1,178,12/6/24 0:00
200,Saint Peter's,MAAC,-2.96,101.7,244,104.7,147,62.7,360,12/6/24 0:00
,,,,,Strength of Schedule,NCSOS,,,,12/6/24 0:00
Rk,Team,Conf,NetRtg,ORtg,DRtg,AdjT,Luck,NetRtg,ORtg,12/6/24 0:00
201,South Alabama,SB,-2.97,102.8,223,105.8,183,64.8,333,12/6/24 0:00
202,Longwood,BSth,-3,102.6,228,105.6,172,69,125,12/6/24 0:00
203,Little Rock,OVC,-3.07,100.5,264,103.6,131,68.4,160,12/6/24 0:00
204,Stephen F. Austin,Slnd,-3.16,96.5,334,99.7,73,66.2,276,12/6/24 0:00
205,Drexel,CAA,-3.28,105.8,164,109.1,255,64.2,346,12/6/24 0:00
206,Charlotte,Amer,-3.36,105.2,176,108.6,241,64.4,340,12/6/24 0:00
207,Toledo,MAC,-3.38,108.6,119,111.9,311,70,81,12/6/24 0:00
208,Texas A&M Corpus Chris,Slnd,-3.38,105.6,168,109,254,70.2,69,12/6/24 0:00
209,Indiana St.,MVC,-3.46,107.5,134,111,294,73,9,12/6/24 0:00
210,Eastern Kentucky,ASun,-3.5,106.6,149,110.1,279,68,188,12/6/24 0:00
211,Maine,AE,-3.79,98.8,301,102.6,104,67.7,203,12/6/24 0:00
212,Fordham,A10,-3.82,101.9,241,105.7,178,70,82,12/6/24 0:00
213,Cal Poly,BW,-3.94,103.1,215,107,208,74.1,3,12/6/24 0:00
214,Northern Kentucky,Horz,-4.08,100.8,260,104.9,151,66.9,246,12/6/24 0:00
215,William & Mary,CAA,-4.09,107.9,127,112,313,71.9,23,12/6/24 0:00
216,Grambling St.,SWAC,-4.13,101.2,254,105.3,165,67.7,202,12/6/24 0:00
217,San Jose St.,MWC,-4.23,105.3,174,109.5,260,64.7,335,12/6/24 0:00
218,Delaware,CAA,-4.29,105.7,165,110,276,71.4,38,12/6/24 0:00
219,Weber St.,BSky,-4.31,103.6,207,107.9,220,67.3,229,12/6/24 0:00
220,Merrimack,MAAC,-4.35,97.8,318,102.1,99,65.7,297,12/6/24 0:00
221,Nicholls,Slnd,-4.49,101.3,250,105.8,182,68.1,181,12/6/24 0:00
222,Gardner Webb,BSth,-4.5,102.3,232,106.8,204,69.7,96,12/6/24 0:00
223,Southeastern Louisiana,Slnd,-4.63,98.9,296,103.5,129,68.8,137,12/6/24 0:00
224,Albany,AE,-4.64,103.1,217,107.7,217,70.2,73,12/6/24 0:00
225,Georgia St.,SB,-4.85,103.8,203,108.7,245,68.9,133,12/6/24 0:00
226,New Mexico St.,CUSA,-5,100.8,261,105.8,181,67.6,212,12/6/24 0:00
227,South Dakota,Sum,-5.03,109.5,102,114.5,348,72.5,13,12/6/24 0:00
228,American,PL,-5.17,104.5,192,109.7,269,63.7,355,12/6/24 0:00
229,Georgia Southern,SB,-5.22,100.2,270,105.4,168,72.7,12,12/6/24 0:00
230,Tulsa,Amer,-5.38,100.9,257,106.3,192,68.7,146,12/6/24 0:00
231,Mercer,SC,-5.42,105.1,177,110.5,287,70.8,54,12/6/24 0:00
232,Austin Peay,ASun,-5.45,99.6,280,105.1,158,64.4,341,12/6/24 0:00
233,Tulane,Amer,-5.49,102.7,226,108.1,225,68.3,167,12/6/24 0:00
234,Duquesne,A10,-5.5,99.2,291,104.7,150,67.4,224,12/6/24 0:00
235,Central Connecticut,NEC,-5.72,98.1,312,103.8,135,65.9,291,12/6/24 0:00
236,Evansville,MVC,-5.73,102.5,229,108.2,227,68.7,148,12/6/24 0:00
237,Presbyterian,BSth,-5.75,102.8,222,108.6,242,65.8,292,12/6/24 0:00
238,Southern,SWAC,-5.86,98.5,308,104.4,143,68.5,158,12/6/24 0:00
239,Illinois Chicago,MVC,-6.09,105.3,173,111.4,302,69.8,93,12/6/24 0:00
240,Eastern Washington,BSky,-6.16,107.2,143,113.4,339,68.7,149,12/6/24 0:00
,,,,,Strength of Schedule,NCSOS,,,,12/6/24 0:00
Rk,Team,Conf,NetRtg,ORtg,DRtg,AdjT,Luck,NetRtg,ORtg,12/6/24 0:00
241,Southern Miss,SB,-6.3,100.6,262,106.9,206,71.1,46,12/6/24 0:00
242,Youngstown St.,Horz,-6.4,96.2,338,102.6,105,69.3,117,12/6/24 0:00
243,Valparaiso,MVC,-6.48,104.9,182,111.4,303,68.2,172,12/6/24 0:00
244,Cal St. Bakersfield,BW,-6.48,102.7,224,109.2,258,64.8,331,12/6/24 0:00
245,UTSA,Amer,-6.56,103.4,212,109.9,275,71.5,33,12/6/24 0:00
246,Marist,MAAC,-6.73,102.2,235,108.9,251,65,325,12/6/24 0:00
247,Portland St.,BSky,-6.84,104.3,197,111.1,296,71.4,37,12/6/24 0:00
248,Idaho St.,BSky,-6.98,102.6,227,109.6,265,65,326,12/6/24 0:00
249,Lafayette,PL,-7.08,98.7,302,105.8,184,66.3,274,12/6/24 0:00
250,Lehigh,PL,-7.11,105.4,172,112.5,323,67.5,216,12/6/24 0:00
251,Iona,MAAC,-7.13,99.3,289,106.4,194,68.7,145,12/6/24 0:00
252,FIU,CUSA,-7.17,98,314,105.2,161,70.3,67,12/6/24 0:00
253,Quinnipiac,MAAC,-7.25,99.4,284,106.7,199,70.2,70,12/6/24 0:00
254,Mount St. Mary's,MAAC,-7.37,99.4,285,106.8,201,67.7,204,12/6/24 0:00
255,Cleveland St.,Horz,-7.47,97.4,322,104.9,153,67.5,218,12/6/24 0:00
256,Army,PL,-7.51,104.1,200,111.6,305,66.3,271,12/6/24 0:00
257,Bucknell,PL,-7.61,98,316,105.6,176,67.8,199,12/6/24 0:00
258,Pacific,WCC,-7.74,99.4,283,107.2,210,68.5,157,12/6/24 0:00
259,Hampton,CAA,-7.76,101,256,108.8,248,65.5,308,12/6/24 0:00
260,Rider,MAAC,-7.93,100.9,258,108.9,250,64.9,329,12/6/24 0:00
261,Robert Morris,Horz,-8,97.1,327,105.1,157,68.5,156,12/6/24 0:00
262,Northwestern St.,Slnd,-8.05,100.5,266,108.5,239,66,288,12/6/24 0:00
263,Alabama St.,SWAC,-8.11,102,239,110.1,277,70.2,72,12/6/24 0:00
264,Boston University,PL,-8.13,99.7,279,107.8,219,65.3,318,12/6/24 0:00
265,Harvard,Ivy,-8.24,99.1,294,107.3,211,67.8,197,12/6/24 0:00
266,SIUE,OVC,-8.26,98.1,313,106.3,193,66.7,254,12/6/24 0:00
267,Bowling Green,MAC,-8.56,102.1,238,110.6,289,68.9,132,12/6/24 0:00
268,Fresno St.,MWC,-8.57,96.1,340,104.7,149,74.5,2,12/6/24 0:00
269,Western Michigan,MAC,-8.63,102.7,225,111.3,301,66.6,262,12/6/24 0:00
270,UMBC,AE,-8.65,104.1,199,112.8,329,71.6,31,12/6/24 0:00
271,Louisiana,SB,-8.79,105.7,167,114.5,347,68.8,140,12/6/24 0:00
272,Coastal Carolina,SB,-8.85,97.9,317,106.8,202,63.9,350,12/6/24 0:00
273,Idaho,BSky,-9.03,105.6,170,114.6,351,65.6,305,12/6/24 0:00
274,Howard,MEAC,-9.07,103.4,211,112.5,321,67.2,230,12/6/24 0:00
275,Campbell,CAA,-9.08,97.1,326,106.2,189,67,241,12/6/24 0:00
276,Siena,MAAC,-9.2,98.5,309,107.7,215,65.1,324,12/6/24 0:00
277,Pepperdine,WCC,-9.35,99.4,286,108.7,246,68.9,135,12/6/24 0:00
278,South Carolina St.,MEAC,-9.36,98.9,297,108.2,228,68.3,166,12/6/24 0:00
279,Kansas City,Sum,-9.41,98.5,307,107.9,221,67.9,191,12/6/24 0:00
280,Ball St.,MAC,-9.41,98.8,300,108.2,231,67.5,214,12/6/24 0:00
,,,,,Strength of Schedule,NCSOS,,,,12/6/24 0:00
Rk,Team,Conf,NetRtg,ORtg,DRtg,AdjT,Luck,NetRtg,ORtg,12/6/24 0:00
281,Lamar,Slnd,-9.43,100,272,109.5,259,67.7,205,12/6/24 0:00
282,Colgate,PL,-9.47,100.4,267,109.9,273,65.8,294,12/6/24 0:00
283,Charleston Southern,BSth,-9.52,101,255,110.5,288,69.1,120,12/6/24 0:00
284,Oral Roberts,Sum,-9.53,105.1,180,114.6,350,69,126,12/6/24 0:00
285,Western Carolina,SC,-9.55,98.8,299,108.4,237,71.4,39,12/6/24 0:00
286,North Carolina Central,MEAC,-9.65,102.9,221,112.5,324,67,239,12/6/24 0:00
287,Queens,ASun,-9.66,98.7,303,108.4,234,70.9,53,12/6/24 0:00
288,Bethune Cookman,SWAC,-9.75,97,328,106.7,200,70,80,12/6/24 0:00
289,Southern Indiana,OVC,-9.78,100.5,265,110.2,282,67.5,219,12/6/24 0:00
290,North Dakota,Sum,-9.85,102.2,234,112.1,314,68.1,182,12/6/24 0:00
291,Southeast Missouri,OVC,-9.85,96.8,331,106.6,198,71.5,32,12/6/24 0:00
292,Green Bay,Horz,-9.96,104.5,193,114.4,346,70.5,59,12/6/24 0:00
293,Northern Arizona,BSky,-9.99,102.3,231,112.3,320,66.3,272,12/6/24 0:00
294,Air Force,MWC,-9.99,101.8,242,111.8,309,62,362,12/6/24 0:00
295,Morehead St.,OVC,-10.21,100.1,271,110.4,283,67,242,12/6/24 0:00
296,Utah Tech,WAC,-10.26,99.9,275,110.2,280,67.8,196,12/6/24 0:00
297,Detroit Mercy,Horz,-10.3,99.8,278,110.1,278,67.5,221,12/6/24 0:00
298,Monmouth,CAA,-10.5,101.2,253,111.7,307,68.1,180,12/6/24 0:00
299,San Diego,WCC,-10.55,93.9,357,104.4,144,72.4,15,12/6/24 0:00
300,North Carolina A&T,CAA,-10.6,101.6,245,112.2,316,73.1,7,12/6/24 0:00
301,Incarnate Word,Slnd,-10.64,106.1,159,116.7,357,67,237,12/6/24 0:00
302,Fairfield,MAAC,-10.76,100,273,110.8,292,66.5,265,12/6/24 0:00
303,Portland,WCC,-10.84,98.8,298,109.7,268,70.2,71,12/6/24 0:00
304,Texas Southern,SWAC,-10.87,97.5,320,108.4,238,69.4,107,12/6/24 0:00
305,Penn,Ivy,-11.08,104.2,198,115.2,353,65,327,12/6/24 0:00
306,Eastern Michigan,MAC,-11.11,99.1,293,110.2,281,67.3,228,12/6/24 0:00
307,Sacred Heart,MAAC,-11.35,101.3,251,112.6,325,68.8,138,12/6/24 0:00
308,Navy,PL,-11.49,101.2,252,112.7,327,68.7,150,12/6/24 0:00
309,Wagner,NEC,-11.71,93.4,359,105.1,160,61.1,364,12/6/24 0:00
310,Niagara,MAAC,-11.91,98.6,305,110.5,284,65.4,312,12/6/24 0:00
311,Nebraska Omaha,Sum,-11.94,100.4,268,112.3,317,67.6,206,12/6/24 0:00
312,Manhattan,MAAC,-12.1,100.9,259,113,332,69.1,122,12/6/24 0:00
313,Jackson St.,SWAC,-12.27,96,343,108.2,229,69.6,98,12/6/24 0:00
314,Loyola MD,PL,-12.62,97.3,324,109.9,274,66.8,250,12/6/24 0:00
315,Tennessee St.,OVC,-12.67,99.3,288,112,312,71.8,27,12/6/24 0:00
316,Tarleton St.,WAC,-12.76,95.6,346,108.4,235,66.7,260,12/6/24 0:00
317,Cal St. Fullerton,BW,-12.88,95.5,348,108.3,233,65.5,311,12/6/24 0:00
318,Denver,Sum,-13.03,99.3,287,112.3,319,69,129,12/6/24 0:00
319,Stonehill,NEC,-13.15,97.3,323,110.5,286,66.1,279,12/6/24 0:00
320,Saint Francis,NEC,-13.15,98.1,311,111.3,299,68.8,141,12/6/24 0:00
,,,,,Strength of Schedule,NCSOS,,,,12/6/24 0:00
Rk,Team,Conf,NetRtg,ORtg,DRtg,AdjT,Luck,NetRtg,ORtg,12/6/24 0:00
321,Long Beach St.,BW,-13.18,98,315,111.2,298,65.2,320,12/6/24 0:00
322,Eastern Illinois,OVC,-13.28,95.7,345,109,252,66.8,252,12/6/24 0:00
323,Central Arkansas,ASun,-13.36,96.2,336,109.6,263,67.8,194,12/6/24 0:00
324,Tennessee Tech,OVC,-13.43,99.6,281,113,334,67.6,207,12/6/24 0:00
325,Sacramento St.,BSky,-13.48,96.2,337,109.7,267,65.4,314,12/6/24 0:00
326,Holy Cross,PL,-13.58,101.4,246,115,352,65.5,306,12/6/24 0:00
327,Western Illinois,OVC,-13.74,99.1,292,112.8,331,64,349,12/6/24 0:00
328,Old Dominion,SB,-13.77,97.8,319,111.5,304,69,128,12/6/24 0:00
329,Binghamton,AE,-13.78,98.9,295,112.7,326,65.2,321,12/6/24 0:00
330,Buffalo,MAC,-14.04,100,274,114,341,70.1,74,12/6/24 0:00
331,Dartmouth,Ivy,-14.27,96.5,332,110.8,293,70,83,12/6/24 0:00
332,Bellarmine,ASun,-14.31,101.9,240,116.2,354,67,245,12/6/24 0:00
333,The Citadel,SC,-14.31,96.2,339,110.5,285,65.6,302,12/6/24 0:00
334,Le Moyne,NEC,-14.44,96.8,329,111.3,300,69.6,101,12/6/24 0:00
335,Louisiana Monroe,SB,-15.02,95.7,344,110.7,291,67.4,225,12/6/24 0:00
336,Stony Brook,CAA,-15.04,98.2,310,113.2,336,67.5,215,12/6/24 0:00
337,Stetson,ASun,-15.04,99.5,282,114.6,349,68.7,147,12/6/24 0:00
338,Tennessee Martin,OVC,-15.18,94.4,355,109.6,262,68.7,151,12/6/24 0:00
339,LIU,NEC,-15.69,96.1,341,111.8,310,68.3,165,12/6/24 0:00
340,VMI,SC,-15.95,96.5,333,112.5,322,68.9,134,12/6/24 0:00
341,Morgan St.,MEAC,-16.09,97.2,325,113.3,337,70.9,50,12/6/24 0:00
342,Northern Illinois,MAC,-16.22,94.8,353,111,295,69.9,89,12/6/24 0:00
343,Fairleigh Dickinson,NEC,-16.26,100.6,263,116.8,358,71.8,28,12/6/24 0:00
344,Florida A&M,SWAC,-16.8,93,360,109.8,270,69.6,99,12/6/24 0:00
345,West Georgia,ASun,-17.17,95.6,347,112.8,328,67.1,232,12/6/24 0:00
346,Delaware St.,MEAC,-17.19,94.9,352,112.1,315,69.9,88,12/6/24 0:00
347,New Orleans,Slnd,-17.37,96.1,342,113.4,340,70.1,79,12/6/24 0:00
348,Houston Christian,Slnd,-17.76,98.6,304,116.4,355,66.4,270,12/6/24 0:00
349,USC Upstate,BSth,-17.76,99.8,277,117.6,360,72.4,14,12/6/24 0:00
350,Lindenwood,OVC,-17.98,95,351,113,333,68.2,176,12/6/24 0:00
351,NJIT,AE,-18,95.4,350,113.4,338,65.3,315,12/6/24 0:00
352,East Texas A&M,Slnd,-18.17,94.2,356,112.3,318,68.9,130,12/6/24 0:00
353,IU Indy,Horz,-18.23,100.2,269,118.5,363,66.5,264,12/6/24 0:00
354,Canisius,MAAC,-18.55,99.9,276,118.4,362,66.7,257,12/6/24 0:00
355,Mercyhurst,NEC,-18.68,95.4,349,114.1,343,64.2,345,12/6/24 0:00
356,Prairie View A&M,SWAC,-18.98,99.3,290,118.2,361,73.1,8,12/6/24 0:00
357,Alcorn St.,SWAC,-19.75,94.6,354,114.4,345,65.3,316,12/6/24 0:00
358,Alabama A&M,SWAC,-20.13,93.9,358,114,342,71.5,35,12/6/24 0:00
359,Maryland Eastern Shore,MEAC,-20.7,96.2,335,116.9,359,67.8,198,12/6/24 0:00
360,New Hampshire,AE,-21.03,90.7,362,111.7,308,68.1,183,12/6/24 0:00
,,,,,Strength of Schedule,NCSOS,,,,12/6/24 0:00
Rk,Team,Conf,NetRtg,ORtg,DRtg,AdjT,Luck,NetRtg,ORtg,12/6/24 0:00
361,Chicago St.,NEC,-21.08,92,361,113.1,335,70.4,63,12/6/24 0:00
362,Arkansas Pine Bluff,SWAC,-24.12,96.8,330,120.9,364,71.5,34,12/6/24 0:00
363,Coppin St.,MEAC,-27.26,87.1,364,114.4,344,67,240,12/6/24 0:00
364,Mississippi Valley St.,SWAC,-29.3,87.2,363,116.5,356,64.5,336,12/6/24 0:00
1,Auburn,SEC,31.58,127.3,1,95.7,28,67.9,191,12/7/24 0:00
2,Tennessee,SEC,31.16,120.5,8,89.4,2,66.2,281,12/7/24 0:00
3,Duke,ACC,30.58,119.7,10,89.1,1,67,241,12/7/24 0:00
4,Gonzaga,WCC,30.09,124.6,2,94.5,18,70.5,63,12/7/24 0:00
5,Houston,B12,27.92,118.9,14,91,3,63.3,358,12/7/24 0:00
6,Iowa St.,B12,27.55,121.3,6,93.8,12,69.5,105,12/7/24 0:00
7,Florida,SEC,25.56,122,4,96.4,32,69.1,125,12/7/24 0:00
8,Alabama,SEC,25.31,122.4,3,97.1,39,73.8,4,12/7/24 0:00
9,Kansas,B12,24.88,118.4,17,93.5,8,69.5,103,12/7/24 0:00
10,Marquette,BE,24.08,117.3,22,93.2,6,70,83,12/7/24 0:00
11,Kentucky,SEC,23.72,118.9,13,95.2,23,73.2,7,12/7/24 0:00
12,Mississippi St.,SEC,22.99,118.4,16,95.5,25,69.1,129,12/7/24 0:00
13,Cincinnati,B12,22.43,116.2,31,93.7,11,65.7,298,12/7/24 0:00
14,Illinois,B10,21.97,116.3,29,94.3,15,71.2,41,12/7/24 0:00
15,Oregon,B10,21.84,117.1,24,95.3,24,68.4,163,12/7/24 0:00
16,Michigan,B10,21.65,114.3,44,92.7,5,69.3,115,12/7/24 0:00
17,Purdue,B10,21.51,120,9,98.5,56,64.8,330,12/7/24 0:00
18,Maryland,B10,21.44,115.1,37,93.6,9,69.4,110,12/7/24 0:00
19,UCLA,B10,21.43,113.4,53,91.9,4,66.5,268,12/7/24 0:00
20,St. John's,BE,21.33,115.7,33,94.4,16,69.3,114,12/7/24 0:00
21,Texas Tech,B12,21.23,118.1,18,96.8,35,66.7,259,12/7/24 0:00
22,Clemson,ACC,21.14,115.6,35,94.5,17,65.6,301,12/7/24 0:00
23,Baylor,B12,20.78,121.2,7,100.4,86,65.6,304,12/7/24 0:00
24,Connecticut,BE,20.38,121.6,5,101.2,93,65.5,310,12/7/24 0:00
25,North Carolina,ACC,20.33,119,12,98.7,59,73.7,5,12/7/24 0:00
26,Pittsburgh,ACC,20.09,117.6,19,97.5,45,68.2,177,12/7/24 0:00
27,Texas A&M,SEC,19.97,114.2,46,94.2,13,66.9,245,12/7/24 0:00
28,Mississippi,SEC,19.84,119.3,11,99.5,71,67.6,212,12/7/24 0:00
29,Ohio St.,B10,19.21,116.4,28,97.2,42,68.8,140,12/7/24 0:00
30,Arizona,B12,19.02,116.8,26,97.8,49,72.1,19,12/7/24 0:00
31,Memphis,Amer,18.79,117.3,23,98.5,55,69.4,108,12/7/24 0:00
32,Michigan St.,B10,18.75,114.9,40,96.1,29,68,187,12/7/24 0:00
33,Penn St.,B10,18.69,116,32,97.3,43,72.2,17,12/7/24 0:00
34,Dayton,A10,18.6,118.6,15,100,79,66.5,266,12/7/24 0:00
35,Wisconsin,B10,18.47,117,25,98.6,58,68.2,175,12/7/24 0:00
36,Texas,SEC,18.46,113.1,58,94.6,19,67,242,12/7/24 0:00
37,San Diego St.,MWC,17.81,111.5,70,93.7,10,66.2,280,12/7/24 0:00
38,Georgia,SEC,17.37,113.5,51,96.1,30,67.5,221,12/7/24 0:00
39,Oklahoma,SEC,17.35,114.5,43,97.1,40,67,237,12/7/24 0:00
40,Saint Mary's,WCC,17.34,114.9,39,97.6,46,64.3,345,12/7/24 0:00
,,,,,Strength of Schedule,NCSOS,,,,12/7/24 0:00
Rk,Team,Conf,NetRtg,ORtg,DRtg,AdjT,Luck,NetRtg,ORtg,12/7/24 0:00
41,VCU,A10,16.71,111,79,94.3,14,67.6,209,12/7/24 0:00
42,Creighton,BE,16.52,113.3,55,96.8,34,69.7,96,12/7/24 0:00
43,Arkansas,SEC,16.46,111.3,73,94.8,21,70.6,58,12/7/24 0:00
44,Indiana,B10,16.09,114.1,48,98,54,70.7,55,12/7/24 0:00
45,Nebraska,B10,15.76,111.4,71,95.7,27,69.9,88,12/7/24 0:00
46,Nevada,MWC,15.71,114.2,45,98.5,57,64.5,339,12/7/24 0:00
47,Boise St.,MWC,15.7,115.6,34,99.9,77,68.2,172,12/7/24 0:00
48,BYU,B12,15.61,116.3,30,100.7,89,68.8,142,12/7/24 0:00
49,LSU,SEC,15.25,113,59,97.8,47,68.5,158,12/7/24 0:00
50,Iowa,B10,14.95,114.8,42,99.8,75,72.2,18,12/7/24 0:00
51,Villanova,BE,14.71,116.8,27,102,99,64.8,333,12/7/24 0:00
52,Louisville,ACC,14.6,111.1,77,96.5,33,69.4,109,12/7/24 0:00
53,Arizona St.,B12,14.59,112.5,61,97.9,53,68.8,143,12/7/24 0:00
54,UC Irvine,BW,14.29,107.8,129,93.5,7,69.8,91,12/7/24 0:00
55,West Virginia,B12,14.24,111.2,74,97,36,66.5,263,12/7/24 0:00
56,Utah St.,MWC,14.17,114.1,47,99.9,78,69.2,121,12/7/24 0:00
57,San Francisco,WCC,14.06,111.9,65,97.8,50,67.4,223,12/7/24 0:00
58,SMU,ACC,13.92,117.3,21,103.4,127,69.3,117,12/7/24 0:00
59,Butler,BE,13.91,113.1,56,99.2,66,68.1,185,12/7/24 0:00
60,Utah,B12,13.87,113.1,57,99.2,65,70.5,62,12/7/24 0:00
61,Northwestern,B10,13.83,109.5,101,95.6,26,65,327,12/7/24 0:00
62,Missouri,SEC,13.43,115.3,36,101.9,97,69.2,124,12/7/24 0:00
63,Florida St.,ACC,12.98,109.3,106,96.3,31,71.8,28,12/7/24 0:00
64,New Mexico,MWC,12.85,112.2,63,99.4,67,74.6,1,12/7/24 0:00
65,Vanderbilt,SEC,12.29,114.8,41,102.5,106,70.6,57,12/7/24 0:00
66,Liberty,CUSA,12.2,109.3,105,97.1,41,63.6,357,12/7/24 0:00
67,Xavier,BE,12.08,112.2,64,100.1,80,69.3,119,12/7/24 0:00
68,South Carolina,SEC,11.94,109.7,96,97.8,48,66.9,248,12/7/24 0:00
69,Kansas St.,B12,11.53,110.6,84,99,63,68.6,152,12/7/24 0:00
70,Bradley,MVC,11.5,115,38,103.5,132,65.9,290,12/7/24 0:00
71,North Texas,Amer,11.07,105.7,164,94.7,20,64.5,340,12/7/24 0:00
72,Rutgers,B10,11.07,111.8,66,100.8,91,70.9,52,12/7/24 0:00
73,Loyola Chicago,A10,10.55,109.5,100,99,62,68,188,12/7/24 0:00
74,N.C. State,ACC,10.5,109.9,93,99.4,68,67.6,216,12/7/24 0:00
75,Oregon St.,WCC,10.49,110.8,80,100.3,85,64.4,342,12/7/24 0:00
76,Drake,MVC,10.21,108.1,124,97.9,51,64.2,347,12/7/24 0:00
77,Providence,BE,10.05,110.2,88,100.2,81,64.3,344,12/7/24 0:00
78,Washington,B10,9.75,107.2,142,97.4,44,68.6,151,12/7/24 0:00
79,UCF,B12,9.73,109.2,109,99.4,69,70.3,67,12/7/24 0:00
80,TCU,B12,9.57,106.5,149,97,37,68.6,155,12/7/24 0:00
,,,,,Strength of Schedule,NCSOS,,,,12/7/24 0:00
Rk,Team,Conf,NetRtg,ORtg,DRtg,AdjT,Luck,NetRtg,ORtg,12/7/24 0:00
81,George Mason,A10,9.5,107.4,136,97.9,52,66.3,277,12/7/24 0:00
82,Washington St.,WCC,9.38,108.6,115,99.2,64,71.2,42,12/7/24 0:00
83,St. Bonaventure,A10,9.34,108.1,123,98.8,61,65.8,291,12/7/24 0:00
84,Notre Dame,ACC,9.21,112.3,62,103.1,118,65.6,306,12/7/24 0:00
85,Santa Clara,WCC,9.03,110.6,82,101.6,95,68.5,160,12/7/24 0:00
86,Rhode Island,A10,8.75,111.1,76,102.4,104,71.8,27,12/7/24 0:00
87,Oklahoma St.,B12,8.66,108.5,116,99.9,76,72,22,12/7/24 0:00
88,Georgetown,BE,8.45,108.7,112,100.3,83,69.7,98,12/7/24 0:00
89,Colorado,B12,8.39,108.6,114,100.2,82,67.9,190,12/7/24 0:00
90,Stanford,ACC,8.25,111,78,102.8,111,67.4,222,12/7/24 0:00
91,Wichita St.,Amer,8.14,107.6,131,99.5,70,70.7,54,12/7/24 0:00
92,UC San Diego,BW,8.05,110.7,81,102.7,108,66.1,283,12/7/24 0:00
93,Grand Canyon,WAC,7.87,110,92,102.1,101,71.9,25,12/7/24 0:00
94,Miami FL,ACC,7.63,117.4,20,109.8,270,66.3,274,12/7/24 0:00
95,Colorado St.,MWC,7.57,107.1,144,99.6,72,67.8,202,12/7/24 0:00
96,McNeese,Slnd,7.55,110.2,87,102.7,107,65.8,295,12/7/24 0:00
97,Lipscomb,ASun,7.24,108,125,100.8,90,67.7,208,12/7/24 0:00
98,DePaul,BE,7.16,110.3,86,103.1,120,67.8,197,12/7/24 0:00
99,Florida Atlantic,Amer,6.84,113.6,50,106.8,203,71.4,39,12/7/24 0:00
100,Saint Joseph's,A10,6.76,107.8,128,101,92,70,87,12/7/24 0:00
101,Virginia,ACC,6.59,106.4,154,99.8,74,61.8,363,12/7/24 0:00
102,Wake Forest,ACC,6.49,103.5,208,97,38,66.9,251,12/7/24 0:00
103,Princeton,Ivy,6.47,112.7,60,106.3,193,67.6,210,12/7/24 0:00
104,Louisiana Tech,CUSA,6.37,109.6,99,103.2,124,66.7,258,12/7/24 0:00
105,Syracuse,ACC,6.34,111.7,68,105.3,172,70.4,65,12/7/24 0:00
106,Yale,Ivy,6.13,113.4,52,107.2,212,68.2,179,12/7/24 0:00
107,Murray St.,MVC,6.04,109.2,108,103.2,122,66.1,285,12/7/24 0:00
108,UNLV,MWC,5.97,110.1,90,104.1,142,66.5,267,12/7/24 0:00
109,Georgia Tech,ACC,5.7,109.4,104,103.7,136,70.6,56,12/7/24 0:00
110,USC,B10,5.24,108.1,122,102.9,113,67.4,226,12/7/24 0:00
111,Minnesota,B10,5.14,105.6,166,100.5,87,62.4,361,12/7/24 0:00
112,California,ACC,4.65,109.9,94,105.2,169,70.5,61,12/7/24 0:00
113,UC Santa Barbara,BW,4.56,110.1,89,105.5,176,66.1,282,12/7/24 0:00
114,Kent St.,MAC,4.55,103.2,214,98.7,60,64.7,334,12/7/24 0:00
115,Northern Iowa,MVC,4.54,108.2,121,103.7,134,65.6,305,12/7/24 0:00
116,Seattle,WAC,4.09,107.2,141,103.1,119,66.8,257,12/7/24 0:00
117,Furman,SC,3.95,105.6,167,101.6,96,66.8,254,12/7/24 0:00
118,Western Kentucky,CUSA,3.7,104,200,100.3,84,73,11,12/7/24 0:00
119,Temple,Amer,3.68,108.4,120,104.8,150,69.3,116,12/7/24 0:00
120,Davidson,A10,3.61,109.7,95,106.1,190,68.1,183,12/7/24 0:00
,,,,,Strength of Schedule,NCSOS,,,,12/7/24 0:00
Rk,Team,Conf,NetRtg,ORtg,DRtg,AdjT,Luck,NetRtg,ORtg,12/7/24 0:00
121,Wofford,SC,3.56,111.8,67,108.2,234,64.9,328,12/7/24 0:00
122,South Dakota St.,Sum,3.41,107.4,135,104,139,70.3,66,12/7/24 0:00
123,Troy,SB,3.36,106,159,102.7,109,68.3,169,12/7/24 0:00
124,Samford,SC,3.07,113.7,49,110.6,288,72.4,16,12/7/24 0:00
125,Texas St.,SB,2.87,105.9,161,103.1,117,66.1,286,12/7/24 0:00
126,St. Thomas,Sum,2.77,109.7,97,106.9,206,68.2,176,12/7/24 0:00
127,Arkansas St.,SB,2.75,104.7,185,101.9,98,69.5,106,12/7/24 0:00
128,East Tennessee St.,SC,2.75,107.6,130,104.8,154,67.1,233,12/7/24 0:00
129,High Point,BSth,2.67,113.3,54,110.6,289,65.2,321,12/7/24 0:00
130,Akron,MAC,2.62,110.5,85,107.9,222,69.4,112,12/7/24 0:00
131,Purdue Fort Wayne,Horz,2.59,111.5,69,108.9,252,68.3,170,12/7/24 0:00
132,Seton Hall,BE,2.37,97.4,318,95,22,63.1,360,12/7/24 0:00
133,UAB,Amer,2.34,111.1,75,108.8,250,69.7,93,12/7/24 0:00
134,Middle Tennessee,CUSA,2.29,106.1,157,103.8,138,68.4,164,12/7/24 0:00
135,Wright St.,Horz,2.24,108.7,111,106.5,195,67.4,225,12/7/24 0:00
136,Montana St.,BSky,2.16,107.4,139,105.2,168,66.8,256,12/7/24 0:00
137,James Madison,SB,2.01,107.5,133,105.5,175,67,236,12/7/24 0:00
138,UMass Lowell,AE,1.79,110,91,108.2,231,71.1,45,12/7/24 0:00
139,La Salle,A10,1.69,105,179,103.3,126,71.5,36,12/7/24 0:00
140,Sam Houston St.,CUSA,1.68,109.2,110,107.5,215,69.7,95,12/7/24 0:00
141,Belmont,MVC,1.45,109.4,102,108,224,71,48,12/7/24 0:00
142,Northeastern,CAA,1.45,103.6,205,102.2,102,68.1,186,12/7/24 0:00
143,Charleston,CAA,1.33,106.5,153,105.2,164,70.2,73,12/7/24 0:00
144,UNC Wilmington,CAA,1.31,106.5,152,105.2,166,67.1,234,12/7/24 0:00
145,Norfolk St.,MEAC,1.07,106.8,147,105.8,185,65.7,300,12/7/24 0:00
146,George Washington,A10,1.01,105.9,162,104.9,157,69.6,100,12/7/24 0:00
147,Boston College,ACC,0.99,104.8,183,103.8,137,67.2,232,12/7/24 0:00
148,Oakland,Horz,0.83,104.3,194,103.5,129,63.9,353,12/7/24 0:00
149,East Carolina,Amer,0.78,105.1,176,104.4,145,65.4,312,12/7/24 0:00
150,Cornell,Ivy,0.69,108.5,119,107.8,219,71.4,40,12/7/24 0:00
151,UNC Greensboro,SC,0.54,103.7,203,103.2,123,65.4,311,12/7/24 0:00
152,Saint Louis,A10,0.44,108.7,113,108.2,232,70.2,71,12/7/24 0:00
153,Virginia Tech,ACC,0.41,104,201,103.5,131,65.7,299,12/7/24 0:00
154,Towson,CAA,0.24,103.2,215,102.9,114,63.9,354,12/7/24 0:00
155,South Florida,Amer,0.2,106.3,155,106.1,189,69.4,111,12/7/24 0:00
156,Columbia,Ivy,0.1,109.6,98,109.5,263,68.8,139,12/7/24 0:00
157,Kennesaw St.,CUSA,-0.1,105.2,175,105.3,170,71.9,26,12/7/24 0:00
158,CSUN,BW,-0.17,103,217,103.2,121,72.1,20,12/7/24 0:00
159,Northern Colorado,BSky,-0.24,108.5,117,108.8,249,69.8,90,12/7/24 0:00
160,Radford,BSth,-0.24,107.4,134,107.7,217,65.1,323,12/7/24 0:00
,,,,,Strength of Schedule,NCSOS,,,,12/7/24 0:00
Rk,Team,Conf,NetRtg,ORtg,DRtg,AdjT,Luck,NetRtg,ORtg,12/7/24 0:00
161,Appalachian St.,SB,-0.26,103.3,212,103.5,130,64.6,338,12/7/24 0:00
162,Ohio,MAC,-0.3,109.3,107,109.6,266,69.6,101,12/7/24 0:00
163,Milwaukee,Horz,-0.43,107.5,132,107.9,223,68.4,162,12/7/24 0:00
164,Winthrop,BSth,-0.66,103.4,211,104,140,72.1,21,12/7/24 0:00
165,Rice,Amer,-0.74,102.1,234,102.9,112,66.5,269,12/7/24 0:00
166,UTEP,CUSA,-0.78,101.3,248,102.1,100,69.4,113,12/7/24 0:00
167,North Florida,ASun,-0.87,110.6,83,111.5,306,70.5,60,12/7/24 0:00
168,Southern Illinois,MVC,-0.89,102.1,235,103,116,71,50,12/7/24 0:00
169,Hawaii,BW,-0.89,104.3,193,105.2,167,66,287,12/7/24 0:00
170,Hofstra,CAA,-1,102.2,232,103.2,125,65.3,318,12/7/24 0:00
171,Elon,CAA,-1.07,105.4,171,106.5,197,65.8,296,12/7/24 0:00
172,Marshall,SB,-1.08,104.6,187,105.7,183,70.2,74,12/7/24 0:00
173,Miami OH,MAC,-1.15,103.8,202,105,158,68.6,156,12/7/24 0:00
174,UT Rio Grande Valley,Slnd,-1.15,107.4,137,108.5,245,71.2,43,12/7/24 0:00
175,UC Riverside,BW,-1.17,104.5,189,105.7,180,67.9,194,12/7/24 0:00
176,Florida Gulf Coast,ASun,-1.24,104.6,186,105.9,186,64.2,349,12/7/24 0:00
177,Cal Baptist,WAC,-1.25,107.3,140,108.5,244,65.8,297,12/7/24 0:00
178,Jacksonville,ASun,-1.27,103.3,213,104.5,147,68.6,150,12/7/24 0:00
179,Southern Utah,WAC,-1.31,106,158,107.4,214,68.8,144,12/7/24 0:00
180,Loyola Marymount,WCC,-1.34,103.7,204,105,160,67.8,199,12/7/24 0:00
181,Missouri St.,MVC,-1.34,101.4,246,102.7,110,66.5,264,12/7/24 0:00
182,Jacksonville St.,CUSA,-1.35,106.8,148,108.2,229,66.1,284,12/7/24 0:00
183,North Dakota St.,Sum,-1.38,111.3,72,112.7,330,63.8,355,12/7/24 0:00
184,Abilene Christian,WAC,-1.4,104.8,184,106.2,191,67.6,211,12/7/24 0:00
185,UT Arlington,WAC,-1.47,108,126,109.5,261,71.1,46,12/7/24 0:00
186,Bryant,AE,-1.61,104.4,190,106.1,187,73.3,6,12/7/24 0:00
187,Vermont,AE,-1.62,101.3,249,102.9,115,63.9,352,12/7/24 0:00
188,Illinois St.,MVC,-1.92,106.5,151,108.4,239,66.8,252,12/7/24 0:00
189,Brown,Ivy,-1.97,106.3,156,108.2,233,65.4,314,12/7/24 0:00
190,Utah Valley,WAC,-1.98,102.9,220,104.9,155,70.1,76,12/7/24 0:00
191,Montana,BSky,-1.99,104.9,181,106.9,205,69.1,130,12/7/24 0:00
192,Central Michigan,MAC,-2,102.1,236,104.1,141,68.3,167,12/7/24 0:00
193,Massachusetts,A10,-2.05,104.2,196,106.3,194,70,81,12/7/24 0:00
194,UNC Asheville,BSth,-2.09,107,145,109.1,256,67.2,230,12/7/24 0:00
195,North Alabama,ASun,-2.41,104.5,188,107,208,68.3,171,12/7/24 0:00
196,Wyoming,MWC,-2.49,103,218,105.4,173,66.2,278,12/7/24 0:00
197,Richmond,A10,-2.69,101.8,241,104.5,146,66.3,275,12/7/24 0:00
198,UC Davis,BW,-2.78,98.4,305,101.2,94,71.9,24,12/7/24 0:00
199,Chattanooga,SC,-2.85,107,146,109.8,274,68.1,181,12/7/24 0:00
200,Longwood,BSth,-2.94,102.5,228,105.5,174,69.1,128,12/7/24 0:00
,,,,,Strength of Schedule,NCSOS,,,,12/7/24 0:00
Rk,Team,Conf,NetRtg,ORtg,DRtg,AdjT,Luck,NetRtg,ORtg,12/7/24 0:00
201,South Alabama,SB,-2.97,102.7,223,105.7,184,64.8,332,12/7/24 0:00
202,Little Rock,OVC,-3.15,100.4,263,103.5,133,68.5,161,12/7/24 0:00
203,Stephen F. Austin,Slnd,-3.15,96.4,333,99.6,73,66.3,276,12/7/24 0:00
204,Drexel,CAA,-3.32,105.8,163,109.1,255,64.2,348,12/7/24 0:00
205,Charlotte,Amer,-3.37,105.1,177,108.5,243,64.5,341,12/7/24 0:00
206,Toledo,MAC,-3.39,108.5,118,111.9,313,70,80,12/7/24 0:00
207,Texas A&M Corpus Chris,Slnd,-3.44,105.5,169,109,253,70.3,69,12/7/24 0:00
208,Eastern Kentucky,ASun,-3.51,106.5,150,110,278,68,189,12/7/24 0:00
209,Maine,AE,-3.64,98.7,297,102.4,103,67.8,201,12/7/24 0:00
210,Fordham,A10,-3.68,101.9,238,105.6,177,70,85,12/7/24 0:00
211,Indiana St.,MVC,-3.68,107.4,138,111.1,296,73,9,12/7/24 0:00
212,Cal Poly,BW,-3.94,103,216,107,209,74.2,3,12/7/24 0:00
213,William & Mary,CAA,-4.08,107.8,127,111.9,315,72,23,12/7/24 0:00
214,Northern Kentucky,Horz,-4.08,100.7,258,104.8,152,67,244,12/7/24 0:00
215,Grambling St.,SWAC,-4.13,101.1,253,105.2,165,67.8,203,12/7/24 0:00
216,San Jose St.,MWC,-4.23,105.2,174,109.5,260,64.7,335,12/7/24 0:00
217,Saint Peter's,MAAC,-4.23,100.7,260,104.9,156,63.3,359,12/7/24 0:00
218,Merrimack,MAAC,-4.24,96.3,334,100.6,88,65.9,289,12/7/24 0:00
219,Weber St.,BSky,-4.31,103.5,207,107.8,220,67.3,228,12/7/24 0:00
220,Nicholls,Slnd,-4.47,101.2,251,105.7,182,68.1,180,12/7/24 0:00
221,Duquesne,A10,-4.48,100.2,271,104.6,148,66.9,247,12/7/24 0:00
222,Gardner Webb,BSth,-4.49,102.3,231,106.7,202,69.7,97,12/7/24 0:00
223,Southeastern Louisiana,Slnd,-4.59,98.8,293,103.4,128,68.9,137,12/7/24 0:00
224,Albany,AE,-4.64,102.9,219,107.6,216,70.2,70,12/7/24 0:00
225,New Mexico St.,CUSA,-4.99,100.7,259,105.7,181,67.6,213,12/7/24 0:00
226,South Dakota,Sum,-5.03,109.4,103,114.4,348,72.5,13,12/7/24 0:00
227,American,PL,-5.1,104.4,191,109.5,262,63.6,356,12/7/24 0:00
228,Georgia Southern,SB,-5.21,100.1,272,105.3,171,72.7,12,12/7/24 0:00
229,Georgia St.,SB,-5.3,103.6,206,108.9,251,69.2,123,12/7/24 0:00
230,Tulsa,Amer,-5.41,100.8,256,106.3,192,68.7,147,12/7/24 0:00
231,Mercer,SC,-5.44,105.1,178,110.5,286,70.8,53,12/7/24 0:00
232,Tulane,Amer,-5.48,102.6,226,108.1,225,68.3,168,12/7/24 0:00
233,Central Connecticut,NEC,-5.49,98.2,310,103.7,135,65.8,293,12/7/24 0:00
234,Austin Peay,ASun,-5.5,99.5,283,105,159,64.4,343,12/7/24 0:00
235,Presbyterian,BSth,-5.7,102.8,222,108.5,242,65.8,292,12/7/24 0:00
236,Evansville,MVC,-5.8,102.4,229,108.2,230,68.6,154,12/7/24 0:00
237,Southern,SWAC,-5.86,98.4,306,104.3,143,68.5,159,12/7/24 0:00
238,Delaware,CAA,-5.88,105.4,172,111.3,299,71,47,12/7/24 0:00
239,Illinois Chicago,MVC,-6.05,105.4,173,111.4,305,69.8,92,12/7/24 0:00
240,Eastern Washington,BSky,-6.16,107.2,143,113.3,339,68.7,148,12/7/24 0:00
,,,,,Strength of Schedule,NCSOS,,,,12/7/24 0:00
Rk,Team,Conf,NetRtg,ORtg,DRtg,AdjT,Luck,NetRtg,ORtg,12/7/24 0:00
241,Southern Miss,SB,-6.25,100.6,261,106.8,204,71.2,44,12/7/24 0:00
242,Youngstown St.,Horz,-6.4,96.1,338,102.5,105,69.3,118,12/7/24 0:00
243,Valparaiso,MVC,-6.46,104.9,182,111.3,300,68.2,173,12/7/24 0:00
244,Cal St. Bakersfield,BW,-6.48,102.7,225,109.2,257,64.8,329,12/7/24 0:00
245,Quinnipiac,MAAC,-6.54,100.2,269,106.7,201,70,84,12/7/24 0:00
246,UTSA,Amer,-6.56,103.4,210,110,277,71.5,33,12/7/24 0:00
247,Marist,MAAC,-6.65,100.4,266,107,210,65,325,12/7/24 0:00
248,Portland St.,BSky,-6.84,104.2,197,111,295,71.4,37,12/7/24 0:00
249,Idaho St.,BSky,-6.99,102.6,227,109.6,265,65.1,324,12/7/24 0:00
250,Lehigh,PL,-7.08,105.6,168,112.6,328,67.6,215,12/7/24 0:00
251,Lafayette,PL,-7.08,98.6,301,105.7,179,66.3,272,12/7/24 0:00
252,FIU,CUSA,-7.18,97.9,312,105.1,162,70.3,68,12/7/24 0:00
253,Army,PL,-7.35,104.3,195,111.6,308,66.3,273,12/7/24 0:00
254,Cleveland St.,Horz,-7.41,97.4,319,104.8,151,67.6,214,12/7/24 0:00
255,Mount St. Mary's,MAAC,-7.48,97.3,321,104.8,153,67.7,207,12/7/24 0:00
256,Hampton,CAA,-7.61,101,255,108.6,246,65.5,309,12/7/24 0:00
257,Pacific,WCC,-7.75,99.4,287,107.1,211,68.6,157,12/7/24 0:00
258,Bucknell,PL,-7.81,97.8,315,105.6,178,67.9,192,12/7/24 0:00
259,Boston University,PL,-7.92,99.8,278,107.7,218,65.3,317,12/7/24 0:00
260,Northwestern St.,Slnd,-8.06,100.4,265,108.4,240,66,288,12/7/24 0:00
261,Alabama St.,SWAC,-8.09,101.9,239,110,276,70.2,72,12/7/24 0:00
262,Robert Morris,Horz,-8.13,97,325,105.1,163,68.6,153,12/7/24 0:00
263,Harvard,Ivy,-8.19,99.2,290,107.4,213,67.8,200,12/7/24 0:00
264,SIUE,OVC,-8.31,98.2,309,106.5,196,66.8,255,12/7/24 0:00
265,Charleston Southern,BSth,-8.38,101.4,247,109.8,271,69.1,127,12/7/24 0:00
266,Fresno St.,MWC,-8.64,96,340,104.7,149,74.6,2,12/7/24 0:00
267,Western Michigan,MAC,-8.65,102.7,224,111.3,301,66.6,261,12/7/24 0:00
268,Bowling Green,MAC,-8.66,101.9,240,110.5,287,69,133,12/7/24 0:00
269,Louisiana,SB,-8.71,105.6,165,114.4,346,68.9,138,12/7/24 0:00
270,UMBC,AE,-8.76,104,199,112.8,332,71.6,32,12/7/24 0:00
271,Sacred Heart,MAAC,-8.79,101.9,237,110.7,292,69.2,120,12/7/24 0:00
272,Rider,MAAC,-8.83,100.8,257,109.7,268,64.6,336,12/7/24 0:00
273,Coastal Carolina,SB,-8.86,97.9,314,106.7,200,63.9,351,12/7/24 0:00
274,Idaho,BSky,-9.03,105.5,170,114.5,351,65.6,303,12/7/24 0:00
275,Campbell,CAA,-9.08,97,326,106.1,188,67,238,12/7/24 0:00
276,Howard,MEAC,-9.08,103.5,209,112.6,326,67.3,229,12/7/24 0:00
277,Siena,MAAC,-9.2,99.4,285,108.6,247,64.8,331,12/7/24 0:00
278,Pepperdine,WCC,-9.3,99.4,286,108.7,248,68.9,136,12/7/24 0:00
279,South Carolina St.,MEAC,-9.36,98.8,294,108.1,227,68.3,166,12/7/24 0:00
280,Kansas City,Sum,-9.4,98.5,304,107.9,221,67.9,193,12/7/24 0:00
,,,,,Strength of Schedule,NCSOS,,,,12/7/24 0:00
Rk,Team,Conf,NetRtg,ORtg,DRtg,AdjT,Luck,NetRtg,ORtg,12/7/24 0:00
281,Lamar,Slnd,-9.43,100,274,109.4,258,67.7,205,12/7/24 0:00
282,Ball St.,MAC,-9.47,98.7,298,108.2,228,67.6,217,12/7/24 0:00
283,Colgate,PL,-9.49,100.3,267,109.8,272,65.8,294,12/7/24 0:00
284,Oral Roberts,Sum,-9.53,105,180,114.5,350,69.1,126,12/7/24 0:00
285,Iona,MAAC,-9.54,97.4,320,106.9,207,69.2,122,12/7/24 0:00
286,Western Carolina,SC,-9.55,98.8,296,108.3,237,71.4,38,12/7/24 0:00
287,North Carolina Central,MEAC,-9.62,102.8,221,112.4,324,66.9,246,12/7/24 0:00
288,Queens,ASun,-9.68,98.6,300,108.3,236,70.9,51,12/7/24 0:00
289,Bethune Cookman,SWAC,-9.75,96.9,327,106.6,199,70.1,79,12/7/24 0:00
290,Southern Indiana,OVC,-9.81,100.4,264,110.2,282,67.5,220,12/7/24 0:00
291,North Dakota,Sum,-9.85,102.1,233,112,316,68.1,182,12/7/24 0:00
292,Southeast Missouri,OVC,-9.85,96.7,331,106.5,198,71.6,31,12/7/24 0:00
293,Green Bay,Horz,-9.97,104.4,192,114.4,347,70.6,59,12/7/24 0:00
294,Northern Arizona,BSky,-9.99,102.3,230,112.3,320,66.4,271,12/7/24 0:00
295,Air Force,MWC,-10.02,101.7,243,111.7,311,62.1,362,12/7/24 0:00
296,Morehead St.,OVC,-10.21,100.1,273,110.3,283,67,239,12/7/24 0:00
297,Utah Tech,WAC,-10.27,99.8,277,110.1,280,67.8,198,12/7/24 0:00
298,Detroit Mercy,Horz,-10.3,99.6,280,109.9,275,67.5,219,12/7/24 0:00
299,Monmouth,CAA,-10.49,101.1,254,111.5,307,68.2,178,12/7/24 0:00
300,Manhattan,MAAC,-10.54,101.2,250,111.8,312,69.7,94,12/7/24 0:00
301,North Carolina A&T,CAA,-10.59,101.6,244,112.1,317,73.1,8,12/7/24 0:00
302,San Diego,WCC,-10.6,93.7,358,104.3,144,72.5,14,12/7/24 0:00
303,Incarnate Word,Slnd,-10.71,106,160,116.7,357,67.1,235,12/7/24 0:00
304,Texas Southern,SWAC,-10.86,97.5,317,108.3,238,69.5,107,12/7/24 0:00
305,Fairfield,MAAC,-10.87,99.9,275,110.7,291,66.6,262,12/7/24 0:00
306,Penn,Ivy,-11.07,104.1,198,115.2,353,65,326,12/7/24 0:00
307,Eastern Michigan,MAC,-11.11,99,291,110.1,281,67.3,227,12/7/24 0:00
308,Navy,PL,-11.49,101.1,252,112.6,327,68.7,146,12/7/24 0:00
309,Portland,WCC,-11.53,98.5,302,110.1,279,70.1,78,12/7/24 0:00
310,Wagner,NEC,-11.75,93.3,359,105.1,161,61.1,364,12/7/24 0:00
311,Niagara,MAAC,-11.77,99.6,281,111.4,302,65.2,322,12/7/24 0:00
312,Nebraska Omaha,Sum,-11.93,100.3,268,112.2,318,67.7,204,12/7/24 0:00
313,Jackson St.,SWAC,-12.19,95.9,343,108.1,226,69.6,102,12/7/24 0:00
314,Loyola MD,PL,-12.61,97.2,323,109.8,273,66.8,253,12/7/24 0:00
315,Tennessee St.,OVC,-12.73,99.2,289,111.9,314,71.8,29,12/7/24 0:00
316,Cal St. Fullerton,BW,-12.89,95.4,349,108.3,235,65.5,308,12/7/24 0:00
317,Tarleton St.,WAC,-13.03,95.4,348,108.5,241,66.7,260,12/7/24 0:00
318,Denver,Sum,-13.08,99.2,288,112.3,321,69,131,12/7/24 0:00
319,Stonehill,NEC,-13.16,97.2,322,110.4,285,66.2,279,12/7/24 0:00
320,Saint Francis,NEC,-13.19,98.2,308,111.4,304,68.8,141,12/7/24 0:00
,,,,,Strength of Schedule,NCSOS,,,,12/7/24 0:00
Rk,Team,Conf,NetRtg,ORtg,DRtg,AdjT,Luck,NetRtg,ORtg,12/7/24 0:00
321,Long Beach St.,BW,-13.22,97.9,313,111.1,297,65.3,320,12/7/24 0:00
322,Eastern Illinois,OVC,-13.22,95.8,344,109,254,66.9,250,12/7/24 0:00
323,Holy Cross,PL,-13.25,101.6,245,114.8,352,65.5,307,12/7/24 0:00
324,Central Arkansas,ASun,-13.36,96.1,336,109.5,264,67.8,195,12/7/24 0:00
325,Tennessee Tech,OVC,-13.41,99.5,282,112.9,333,67.7,206,12/7/24 0:00
326,Sacramento St.,BSky,-13.5,96.1,337,109.6,267,65.4,313,12/7/24 0:00
327,Old Dominion,SB,-13.62,97.7,316,111.4,303,69,132,12/7/24 0:00
328,Binghamton,AE,-13.72,98.8,295,112.5,325,65.3,319,12/7/24 0:00
329,Western Illinois,OVC,-13.74,99,292,112.8,331,64,350,12/7/24 0:00
330,Dartmouth,Ivy,-13.99,96.8,329,110.8,293,70,86,12/7/24 0:00
331,Buffalo,MAC,-14.11,99.8,276,114,342,70.2,75,12/7/24 0:00
332,Le Moyne,NEC,-14.3,96.8,328,111.2,298,69.5,104,12/7/24 0:00
333,The Citadel,SC,-14.3,96.1,339,110.4,284,65.6,302,12/7/24 0:00
334,Bellarmine,ASun,-14.31,101.8,242,116.1,354,67,243,12/7/24 0:00
335,Stony Brook,CAA,-14.96,98.1,311,113.1,336,67.5,218,12/7/24 0:00
336,Louisiana Monroe,SB,-15.02,95.6,345,110.6,290,67.4,224,12/7/24 0:00
337,Stetson,ASun,-15.05,99.4,284,114.5,349,68.8,145,12/7/24 0:00
338,Tennessee Martin,OVC,-15.05,94.4,355,109.4,259,68.7,149,12/7/24 0:00
339,LIU,NEC,-15.67,96,341,111.7,310,68.4,165,12/7/24 0:00
340,VMI,SC,-15.93,96.5,332,112.4,323,68.9,135,12/7/24 0:00
341,Morgan St.,MEAC,-16.09,97.1,324,113.2,337,71,49,12/7/24 0:00
342,Northern Illinois,MAC,-16.2,94.7,353,110.9,294,69.9,89,12/7/24 0:00
343,Fairleigh Dickinson,NEC,-16.2,100.6,262,116.8,358,71.7,30,12/7/24 0:00
344,Florida A&M,SWAC,-16.8,93,360,109.7,269,69.6,99,12/7/24 0:00
345,West Georgia,ASun,-17.17,95.5,346,112.7,329,67.2,231,12/7/24 0:00
346,Delaware St.,MEAC,-17.34,94.9,352,112.3,322,70,82,12/7/24 0:00
347,New Orleans,Slnd,-17.38,96,342,113.3,340,70.1,77,12/7/24 0:00
348,Houston Christian,Slnd,-17.77,98.5,303,116.3,355,66.4,270,12/7/24 0:00
349,USC Upstate,BSth,-17.77,99.7,279,117.5,361,72.4,15,12/7/24 0:00
350,Lindenwood,OVC,-17.99,94.9,351,112.9,334,68.2,174,12/7/24 0:00
351,NJIT,AE,-18.01,95.3,350,113.3,338,65.4,316,12/7/24 0:00
352,East Texas A&M,Slnd,-18.16,94.1,356,112.3,319,69,134,12/7/24 0:00
353,IU Indy,Horz,-18.23,100.2,270,118.4,362,66.5,265,12/7/24 0:00
354,Mercyhurst,NEC,-18.7,95.4,347,114.1,343,64.2,346,12/7/24 0:00
355,Canisius,MAAC,-18.75,98.2,307,117,360,66.9,249,12/7/24 0:00
356,Alcorn St.,SWAC,-19.75,94.6,354,114.3,345,65.4,315,12/7/24 0:00
357,Prairie View A&M,SWAC,-19.87,98.7,299,118.6,363,73,10,12/7/24 0:00
358,Alabama A&M,SWAC,-20.12,93.8,357,113.9,341,71.5,35,12/7/24 0:00
359,New Hampshire,AE,-20.71,90.9,362,111.6,309,68.1,184,12/7/24 0:00
360,Maryland Eastern Shore,MEAC,-20.74,96.2,335,116.9,359,67.8,196,12/7/24 0:00
,,,,,Strength of Schedule,NCSOS,,,,12/7/24 0:00
Rk,Team,Conf,NetRtg,ORtg,DRtg,AdjT,Luck,NetRtg,ORtg,12/7/24 0:00
361,Chicago St.,NEC,-21.1,91.9,361,113,335,70.5,64,12/7/24 0:00
362,Arkansas Pine Bluff,SWAC,-24.13,96.7,330,120.8,364,71.5,34,12/7/24 0:00
363,Coppin St.,MEAC,-27.27,87,364,114.2,344,67,240,12/7/24 0:00
364,Mississippi Valley St.,SWAC,-29.31,87.1,363,116.4,356,64.6,337,12/7/24 0:00
1,Auburn,SEC,31.61,127.2,1,95.6,28,67.8,198,12/8/24 0:00
2,Tennessee,SEC,31.09,120.4,8,89.3,2,66,282,12/8/24 0:00
3,Duke,ACC,30.44,119.3,12,88.9,1,66.9,241,12/8/24 0:00
4,Gonzaga,WCC,29.68,125,2,95.3,25,69.3,110,12/8/24 0:00
5,Houston,B12,29.47,119.6,11,90.2,3,62.9,360,12/8/24 0:00
6,Iowa St.,B12,27.79,121.1,6,93.3,10,69.4,102,12/8/24 0:00
7,Alabama,SEC,25.32,122.2,3,96.9,40,73.6,5,12/8/24 0:00
8,Florida,SEC,25.3,121.5,4,96.2,32,69,128,12/8/24 0:00
9,Kansas,B12,24.98,118.4,16,93.4,11,69.4,105,12/8/24 0:00
10,Kentucky,SEC,24.91,120.3,9,95.4,26,72.2,17,12/8/24 0:00
11,Marquette,BE,24.9,118.7,15,93.8,13,69.4,103,12/8/24 0:00
12,Mississippi St.,SEC,22.72,118.3,18,95.6,27,68.9,132,12/8/24 0:00
13,Cincinnati,B12,22.6,116.1,30,93.4,12,65.5,297,12/8/24 0:00
14,Oregon,B10,22.06,117,22,94.9,23,68.1,169,12/8/24 0:00
15,Purdue,B10,21.8,119.9,10,98.1,55,64.8,327,12/8/24 0:00
16,Clemson,ACC,21.79,114.7,39,92.9,5,65.1,317,12/8/24 0:00
17,Maryland,B10,21.75,114.7,38,93,6,69.3,109,12/8/24 0:00
18,St. John's,BE,21.75,115.7,34,94,15,69.9,76,12/8/24 0:00
19,Illinois,B10,21.72,116,31,94.3,19,71.2,41,12/8/24 0:00
20,Texas Tech,B12,21.36,118.1,19,96.7,34,66.5,258,12/8/24 0:00
21,Michigan St.,B10,21.32,115.8,33,94.5,20,68,183,12/8/24 0:00
22,Michigan,B10,21.15,114.4,44,93.2,9,69.4,104,12/8/24 0:00
23,UCLA,B10,21.02,112.9,54,91.9,4,66.4,260,12/8/24 0:00
24,Baylor,B12,20.81,120.9,7,100.1,87,65.5,295,12/8/24 0:00
25,Connecticut,BE,20.47,121.5,5,101,95,65.3,306,12/8/24 0:00
26,Texas A&M,SEC,20.25,114.1,46,93.9,14,67,234,12/8/24 0:00
27,Mississippi,SEC,19.76,119.2,13,99.4,71,67.3,220,12/8/24 0:00
28,Ohio St.,B10,19.71,116.8,23,97.1,42,68.2,163,12/8/24 0:00
29,Arizona,B12,19.59,116.7,24,97.1,43,72.3,15,12/8/24 0:00
30,Pittsburgh,ACC,19.59,116.2,27,96.6,33,68.1,168,12/8/24 0:00
31,North Carolina,ACC,19.45,116.7,25,97.2,44,73.7,4,12/8/24 0:00
32,Dayton,A10,19.13,119.1,14,100,82,66.2,273,12/8/24 0:00
33,Penn St.,B10,19.06,116.1,28,97.1,41,72.1,23,12/8/24 0:00
34,Memphis,Amer,19,117.1,21,98.1,56,69.2,116,12/8/24 0:00
35,Texas,SEC,18.7,112.9,55,94.2,16,67,236,12/8/24 0:00
36,Saint Mary's,WCC,18.42,114.5,41,96.1,31,64.3,343,12/8/24 0:00
37,Wisconsin,B10,17.49,117.5,20,100,85,67.8,197,12/8/24 0:00
38,San Diego St.,MWC,17.47,110.6,76,93.1,8,66.4,264,12/8/24 0:00
39,Georgia,SEC,17.45,113.3,51,95.9,29,67.3,221,12/8/24 0:00
40,Creighton,BE,16.58,113.4,49,96.9,37,69.5,97,12/8/24 0:00
,,,,,Strength of Schedule,NCSOS,,,,12/8/24 0:00
Rk,Team,Conf,NetRtg,ORtg,DRtg,AdjT,Luck,NetRtg,ORtg,12/8/24 0:00
41,VCU,A10,16.48,110.7,75,94.2,17,67.5,209,12/8/24 0:00
42,Oklahoma,SEC,16.27,114.9,37,98.6,60,67.7,203,12/8/24 0:00
43,Villanova,BE,16.25,118.4,17,102.1,110,64.4,340,12/8/24 0:00
44,Indiana,B10,16.06,113.8,47,97.7,51,70.8,51,12/8/24 0:00
45,Arkansas,SEC,15.94,110.6,78,94.6,21,69.9,74,12/8/24 0:00
46,Iowa,B10,15.82,115.7,35,99.9,79,72.2,19,12/8/24 0:00
47,BYU,B12,15.52,115.9,32,100.4,89,68.8,136,12/8/24 0:00
48,LSU,SEC,15.1,112.7,58,97.6,48,68.4,153,12/8/24 0:00
49,Utah St.,MWC,14.83,114.2,45,99.3,70,69.4,101,12/8/24 0:00
50,Arizona St.,B12,14.51,112.2,60,97.7,49,68.6,142,12/8/24 0:00
51,SMU,ACC,14.48,116.2,26,101.7,104,69.3,111,12/8/24 0:00
52,Louisville,ACC,14.47,110.5,81,96,30,69.1,122,12/8/24 0:00
53,UC Irvine,BW,14.45,107.6,131,93.1,7,69.6,93,12/8/24 0:00
54,Boise St.,MWC,14.36,114.4,43,100,84,68.4,152,12/8/24 0:00
55,Nevada,MWC,14.21,113.4,50,99.2,65,64.1,345,12/8/24 0:00
56,West Virginia,B12,14.11,111,70,96.8,36,66.4,265,12/8/24 0:00
57,San Francisco,WCC,14.1,111.6,63,97.5,47,67.2,227,12/8/24 0:00
58,Northwestern,B10,13.98,109.2,105,95.2,24,64.9,325,12/8/24 0:00
59,Missouri,SEC,13.28,114.9,36,101.7,103,69.1,121,12/8/24 0:00
60,Nebraska,B10,12.73,109.4,96,96.7,35,69.8,83,12/8/24 0:00
61,Butler,BE,12.56,112.3,59,99.8,76,67.8,195,12/8/24 0:00
62,Liberty,CUSA,12.45,109.3,99,96.9,39,63.7,354,12/8/24 0:00
63,Utah,B12,12.3,111.2,68,98.9,61,70.7,54,12/8/24 0:00
64,Vanderbilt,SEC,12.05,114.4,42,102.4,115,70.5,58,12/8/24 0:00
65,Xavier,BE,11.93,111.6,64,99.7,74,69.2,119,12/8/24 0:00
66,Florida St.,ACC,11.77,109.3,101,97.5,46,70.8,49,12/8/24 0:00
67,Bradley,MVC,11.49,114.7,40,103.2,128,65.9,285,12/8/24 0:00
68,South Carolina,SEC,11.41,110.6,77,99.2,67,66.3,266,12/8/24 0:00
69,N.C. State,ACC,11.33,110.9,71,99.6,73,66.5,257,12/8/24 0:00
70,North Texas,Amer,11.26,105.5,164,94.3,18,64.3,344,12/8/24 0:00
71,Kansas St.,B12,11.15,110.2,88,99,63,69.1,124,12/8/24 0:00
72,Oregon St.,WCC,10.9,110.9,72,100,83,64.4,341,12/8/24 0:00
73,New Mexico,MWC,10.69,111.4,66,100.7,93,74.2,3,12/8/24 0:00
74,Rutgers,B10,10.53,111.7,62,101.2,97,70.3,62,12/8/24 0:00
75,Washington St.,WCC,10.35,108.4,118,98,54,71.2,40,12/8/24 0:00
76,Drake,MVC,9.98,107.8,126,97.9,52,64.1,347,12/8/24 0:00
77,Colorado,B12,9.66,108.3,119,98.6,59,68,174,12/8/24 0:00
78,George Mason,A10,9.62,107.3,135,97.7,50,66.2,275,12/8/24 0:00
79,UCF,B12,9.59,108.7,111,99.1,64,70.2,67,12/8/24 0:00
80,Notre Dame,ACC,9.48,111.3,67,101.8,107,65.5,296,12/8/24 0:00
,,,,,Strength of Schedule,NCSOS,,,,12/8/24 0:00
Rk,Team,Conf,NetRtg,ORtg,DRtg,AdjT,Luck,NetRtg,ORtg,12/8/24 0:00
81,Providence,BE,9.44,108.9,109,99.5,72,64,352,12/8/24 0:00
82,TCU,B12,9.41,106.3,148,96.9,38,68.3,156,12/8/24 0:00
83,Stanford,ACC,9.41,112.8,56,103.4,132,67,232,12/8/24 0:00
84,Rhode Island,A10,9.31,110.3,83,101,96,71.8,26,12/8/24 0:00
85,Loyola Chicago,A10,9.28,108.6,113,99.3,69,68,175,12/8/24 0:00
86,St. Bonaventure,A10,8.74,106.7,141,98,53,65.3,312,12/8/24 0:00
87,UC San Diego,BW,8.72,110.5,80,101.8,106,66.6,251,12/8/24 0:00
88,Santa Clara,WCC,8.67,109.9,92,101.3,99,68.4,151,12/8/24 0:00
89,Wichita St.,Amer,8.6,108.6,114,100,81,71.3,35,12/8/24 0:00
90,Georgetown,BE,8.55,108.5,117,100,80,69.5,96,12/8/24 0:00
91,Grand Canyon,WAC,8.13,109.8,93,101.6,102,71.8,27,12/8/24 0:00
92,Oklahoma St.,B12,8.12,108,125,99.8,77,72,24,12/8/24 0:00
93,Saint Joseph's,A10,7.9,108.6,112,100.7,92,69.5,98,12/8/24 0:00
94,USC,B10,7.85,109.4,97,101.5,100,67.4,218,12/8/24 0:00
95,McNeese,Slnd,7.68,110.2,87,102.5,117,65.7,292,12/8/24 0:00
96,Lipscomb,ASun,7.25,107.8,128,100.5,90,67.6,204,12/8/24 0:00
97,DePaul,BE,7.12,110,91,102.9,121,67.8,200,12/8/24 0:00
98,Yale,Ivy,7.06,112.8,57,105.7,182,67.9,190,12/8/24 0:00
99,Miami FL,ACC,6.87,116.1,29,109.2,262,65.8,287,12/8/24 0:00
100,Florida Atlantic,Amer,6.85,113.3,52,106.5,197,71.2,39,12/8/24 0:00
101,Georgia Tech,ACC,6.56,107.6,130,101,94,70.6,56,12/8/24 0:00
102,Syracuse,ACC,6.32,110.5,82,104.1,143,70.4,61,12/8/24 0:00
103,Louisiana Tech,CUSA,6.31,109.3,102,102.9,122,66.6,253,12/8/24 0:00
104,Colorado St.,MWC,6.28,105.2,170,98.9,62,68.1,170,12/8/24 0:00
105,Washington,B10,6.23,105.5,163,99.3,68,68.4,148,12/8/24 0:00
106,Virginia,ACC,6.13,104.5,183,98.4,57,61.7,363,12/8/24 0:00
107,Wake Forest,ACC,6.01,103.4,201,97.4,45,66.7,247,12/8/24 0:00
108,Northern Iowa,MVC,5.91,109.2,104,103.3,129,65.3,309,12/8/24 0:00
109,Princeton,Ivy,5.9,111.8,61,105.9,185,67.5,211,12/8/24 0:00
110,Murray St.,MVC,5.79,108.9,110,103.1,126,66,279,12/8/24 0:00
111,UNLV,MWC,5.77,110.1,90,104.3,148,66.2,270,12/8/24 0:00
112,Minnesota,B10,5.57,105.6,159,100,86,62.2,362,12/8/24 0:00
113,Western Kentucky,CUSA,5.08,104.2,188,99.2,66,72.6,11,12/8/24 0:00
114,Kent St.,MAC,4.57,103.1,214,98.5,58,64.5,335,12/8/24 0:00
115,Furman,SC,4.45,104.8,174,100.4,88,66.6,255,12/8/24 0:00
116,South Dakota St.,Sum,4.35,106.7,142,102.3,113,69.8,82,12/8/24 0:00
117,California,ACC,3.7,110.8,73,107.1,211,69.9,77,12/8/24 0:00
118,Davidson,A10,3.66,109.3,100,105.7,179,67.9,187,12/8/24 0:00
119,Troy,SB,3.43,105.8,156,102.4,116,68.3,161,12/8/24 0:00
120,Akron,MAC,3.26,110.7,74,107.5,217,69.2,113,12/8/24 0:00
,,,,,Strength of Schedule,NCSOS,,,,12/8/24 0:00
Rk,Team,Conf,NetRtg,ORtg,DRtg,AdjT,Luck,NetRtg,ORtg,12/8/24 0:00
121,Samford,SC,3.2,113.5,48,110.3,286,72.2,18,12/8/24 0:00
122,James Madison,SB,3.19,108,124,104.9,159,66.3,267,12/8/24 0:00
123,UC Santa Barbara,BW,3.16,109,108,105.8,183,65.5,301,12/8/24 0:00
124,East Tennessee St.,SC,2.86,108.6,115,105.7,181,67.8,196,12/8/24 0:00
125,UMass Lowell,AE,2.84,110.3,85,107.4,216,72.1,20,12/8/24 0:00
126,Texas St.,SB,2.82,105.6,158,102.8,120,65.9,284,12/8/24 0:00
127,High Point,BSth,2.75,113.1,53,110.3,287,65.1,316,12/8/24 0:00
128,Montana St.,BSky,2.74,107.7,129,104.9,162,66.2,274,12/8/24 0:00
129,Arkansas St.,SB,2.67,104.4,186,101.8,105,69.4,106,12/8/24 0:00
130,Purdue Fort Wayne,Horz,2.63,111.5,65,108.9,255,68.2,167,12/8/24 0:00
131,Wright St.,Horz,2.5,109.2,103,106.7,202,67.3,223,12/8/24 0:00
132,Sam Houston St.,CUSA,2.43,110.3,84,107.9,231,69.2,114,12/8/24 0:00
133,Seton Hall,BE,2.39,97.2,321,94.8,22,63,358,12/8/24 0:00
134,St. Thomas,Sum,2.36,110.1,89,107.8,226,68.3,160,12/8/24 0:00
135,UAB,Amer,2.35,111,69,108.6,249,69.6,90,12/8/24 0:00
136,Seattle,WAC,2.35,107.4,134,105,167,66.7,249,12/8/24 0:00
137,Middle Tennessee,CUSA,2.3,106.1,153,103.8,139,68.4,150,12/8/24 0:00
138,UNC Wilmington,CAA,2,106.2,152,104.2,145,67.5,210,12/8/24 0:00
139,UNC Greensboro,SC,1.86,103.4,203,101.5,101,64.6,334,12/8/24 0:00
140,Temple,Amer,1.84,108.3,120,106.4,196,69,127,12/8/24 0:00
141,Belmont,MVC,1.67,109.7,94,108.1,237,71.1,42,12/8/24 0:00
142,Charleston,CAA,1.39,106.3,146,105,165,70,69,12/8/24 0:00
143,Norfolk St.,MEAC,1.38,106.8,139,105.4,176,65.5,298,12/8/24 0:00
144,Northeastern,CAA,1.35,103.4,202,102.1,109,68,178,12/8/24 0:00
145,Elon,CAA,1.29,106.2,150,104.9,163,65.8,286,12/8/24 0:00
146,George Washington,A10,1.12,106,155,104.9,161,69.3,112,12/8/24 0:00
147,East Carolina,Amer,1.11,106.2,151,105.1,169,64.8,329,12/8/24 0:00
148,South Florida,Amer,1.07,106.3,147,105.3,173,69.4,107,12/8/24 0:00
149,Wofford,SC,0.96,109.6,95,108.6,250,65.1,319,12/8/24 0:00
150,UTEP,CUSA,0.93,103.1,210,102.2,112,69.6,95,12/8/24 0:00
151,Virginia Tech,ACC,0.82,102.8,220,102,108,65.4,305,12/8/24 0:00
152,La Salle,A10,0.75,104.7,180,103.9,140,71,44,12/8/24 0:00
153,Boston College,ACC,0.73,104.5,184,103.8,136,67.1,231,12/8/24 0:00
154,Saint Louis,A10,0.69,108.5,116,107.8,230,69.9,79,12/8/24 0:00
155,Cornell,Ivy,0.65,108.2,122,107.5,219,71.2,38,12/8/24 0:00
156,CSUN,BW,0.64,104.1,192,103.4,133,72.5,13,12/8/24 0:00
157,Columbia,Ivy,0.1,109.2,106,109.1,258,68.6,141,12/8/24 0:00
158,Loyola Marymount,WCC,0.05,104.1,191,104.1,142,67.5,208,12/8/24 0:00
159,Ohio,MAC,-0.13,109.3,98,109.5,266,70,72,12/8/24 0:00
160,Appalachian St.,SB,-0.18,102.9,218,103.1,124,64.5,336,12/8/24 0:00
,,,,,Strength of Schedule,NCSOS,,,,12/8/24 0:00
Rk,Team,Conf,NetRtg,ORtg,DRtg,AdjT,Luck,NetRtg,ORtg,12/8/24 0:00
161,Kennesaw St.,CUSA,-0.31,104.8,175,105.1,168,71.7,28,12/8/24 0:00
162,Radford,BSth,-0.31,107.2,137,107.5,220,65,321,12/8/24 0:00
163,Milwaukee,Horz,-0.45,107.2,136,107.7,223,68.4,154,12/8/24 0:00
164,Winthrop,BSth,-0.7,105.3,168,106,187,72.3,16,12/8/24 0:00
165,North Dakota St.,Sum,-0.71,110.2,86,110.9,300,64.8,330,12/8/24 0:00
166,Rice,Amer,-0.86,101.8,238,102.7,119,66.4,259,12/8/24 0:00
167,Northern Colorado,BSky,-0.93,106.7,140,107.7,221,70.9,46,12/8/24 0:00
168,Abilene Christian,WAC,-0.95,104.7,178,105.7,180,67.5,207,12/8/24 0:00
169,Texas A&M Corpus Chris,Slnd,-1.07,105.7,157,106.8,206,69.9,78,12/8/24 0:00
170,Hofstra,CAA,-1.12,101.9,236,103,123,65.1,318,12/8/24 0:00
171,Miami OH,MAC,-1.15,103.7,199,104.8,157,68.3,157,12/8/24 0:00
172,Jacksonville St.,CUSA,-1.17,106.5,145,107.7,222,66,281,12/8/24 0:00
173,Jacksonville,ASun,-1.21,103.3,207,104.5,150,68.5,145,12/8/24 0:00
174,Florida Gulf Coast,ASun,-1.26,104.6,182,105.9,184,64.1,351,12/8/24 0:00
175,North Florida,ASun,-1.27,110.5,79,111.8,320,70.5,59,12/8/24 0:00
176,Marshall,SB,-1.3,103.8,195,105.1,172,70.5,57,12/8/24 0:00
177,Cal Baptist,WAC,-1.33,107.4,133,108.7,252,65.5,300,12/8/24 0:00
178,UT Arlington,WAC,-1.36,107.8,127,109.2,260,70.9,45,12/8/24 0:00
179,Illinois St.,MVC,-1.37,106.6,143,108,233,66.2,272,12/8/24 0:00
180,UC Davis,BW,-1.44,98.4,302,99.9,78,71.5,31,12/8/24 0:00
181,UC Riverside,BW,-1.48,104.2,189,105.7,178,68,180,12/8/24 0:00
182,Bryant,AE,-1.52,104.5,185,106,188,73.1,7,12/8/24 0:00
183,Southern Illinois,MVC,-1.54,102.2,230,103.7,135,70.3,64,12/8/24 0:00
184,Oakland,Horz,-1.56,102.6,223,104.2,144,63.2,357,12/8/24 0:00
185,Montana,BSky,-1.85,105.5,165,107.4,215,69.2,115,12/8/24 0:00
186,Central Michigan,MAC,-1.93,101.9,237,103.8,137,68.1,171,12/8/24 0:00
187,Towson,CAA,-2.07,101.6,241,103.7,134,64.3,342,12/8/24 0:00
188,Southern Utah,WAC,-2.17,105.6,161,107.7,225,68.8,133,12/8/24 0:00
189,Brown,Ivy,-2.2,106.1,154,108.3,241,65.2,315,12/8/24 0:00
190,New Mexico St.,CUSA,-2.2,102.3,226,104.5,151,67,233,12/8/24 0:00
191,UNC Asheville,BSth,-2.23,106.6,144,108.9,253,66.9,237,12/8/24 0:00
192,Wyoming,MWC,-2.33,102.8,219,105.1,171,66,280,12/8/24 0:00
193,Missouri St.,MVC,-2.34,101.5,245,103.8,138,66.2,271,12/8/24 0:00
194,Vermont,AE,-2.56,99.6,280,102.1,111,63.7,355,12/8/24 0:00
195,Chattanooga,SC,-2.58,106.9,138,109.5,269,67.9,189,12/8/24 0:00
196,Drexel,CAA,-2.6,103.8,197,106.4,194,64.5,338,12/8/24 0:00
197,North Alabama,ASun,-2.67,104.3,187,107,210,68,181,12/8/24 0:00
198,Hawaii,BW,-2.68,103.9,194,106.6,199,66.2,269,12/8/24 0:00
199,Richmond,A10,-2.68,101.6,240,104.3,147,66.2,276,12/8/24 0:00
200,Utah Valley,WAC,-2.77,102.2,228,105,166,69.6,92,12/8/24 0:00
,,,,,Strength of Schedule,NCSOS,,,,12/8/24 0:00
Rk,Team,Conf,NetRtg,ORtg,DRtg,AdjT,Luck,NetRtg,ORtg,12/8/24 0:00
201,Longwood,BSth,-2.92,102.2,229,105.1,170,68.8,134,12/8/24 0:00
202,South Alabama,SB,-2.94,102.5,224,105.5,177,64.7,332,12/8/24 0:00
203,Indiana St.,MVC,-2.97,108.1,123,111.1,303,72.8,9,12/8/24 0:00
204,Charlotte,Amer,-3.37,104.8,176,108.1,240,64.1,348,12/8/24 0:00
205,Little Rock,OVC,-3.38,99.8,276,103.2,127,68.4,149,12/8/24 0:00
206,Massachusetts,A10,-3.42,103.3,206,106.7,201,70.9,47,12/8/24 0:00
207,Fordham,A10,-3.5,101.9,235,105.4,175,69.7,87,12/8/24 0:00
208,Eastern Kentucky,ASun,-3.51,106.2,149,109.7,273,67.9,191,12/8/24 0:00
209,Toledo,MAC,-3.55,108.2,121,111.8,318,69.8,85,12/8/24 0:00
210,Maine,AE,-3.67,98.7,300,102.4,114,67.6,205,12/8/24 0:00
211,William & Mary,CAA,-3.95,107.5,132,111.4,309,71.9,25,12/8/24 0:00
212,Saint Peter's,MAAC,-4.01,100.5,255,104.5,153,62.9,359,12/8/24 0:00
213,Central Connecticut,NEC,-4.09,98.4,303,102.5,118,65.4,304,12/8/24 0:00
214,San Jose St.,MWC,-4.1,104.9,173,109,257,64.6,333,12/8/24 0:00
215,Lamar,Slnd,-4.2,102,234,106.2,189,67.2,226,12/8/24 0:00
216,Merrimack,MAAC,-4.44,96.1,335,100.6,91,65.8,289,12/8/24 0:00
217,Duquesne,A10,-4.45,100,270,104.5,149,66.8,243,12/8/24 0:00
218,Youngstown St.,Horz,-4.7,96.5,326,101.2,98,68.9,131,12/8/24 0:00
219,Southeastern Louisiana,Slnd,-4.7,98.4,305,103.1,125,68.7,138,12/8/24 0:00
220,Northern Kentucky,Horz,-4.78,99.9,274,104.7,154,66.6,250,12/8/24 0:00
221,Weber St.,BSky,-4.79,103.7,198,108.5,247,66.9,238,12/8/24 0:00
222,Cal Poly,BW,-4.88,103.2,209,108,236,74.8,1,12/8/24 0:00
223,Southern,SWAC,-4.93,99.1,287,104.1,141,68,184,12/8/24 0:00
224,Georgia Southern,SB,-5.04,99.8,275,104.9,160,72.5,14,12/8/24 0:00
225,Gardner Webb,BSth,-5.13,102,233,107.1,212,69.8,84,12/8/24 0:00
226,Stephen F. Austin,Slnd,-5.23,94.5,352,99.7,75,65.6,294,12/8/24 0:00
227,Cleveland St.,Horz,-5.23,98.1,309,103.4,131,67.3,222,12/8/24 0:00
228,Tulane,Amer,-5.26,102.8,221,108,235,68,179,12/8/24 0:00
229,Georgia St.,SB,-5.32,103.3,205,108.6,248,69.1,120,12/8/24 0:00
230,American,PL,-5.32,104,193,109.3,264,63.6,356,12/8/24 0:00
231,Albany,AE,-5.38,103,217,108.3,242,69.6,94,12/8/24 0:00
232,Mercer,SC,-5.44,104.7,179,110.1,280,70.7,53,12/8/24 0:00
233,Idaho St.,BSky,-5.45,102,232,107.5,218,64.8,328,12/8/24 0:00
234,Austin Peay,ASun,-5.57,99.1,291,104.7,155,64.1,350,12/8/24 0:00
235,Illinois Chicago,MVC,-5.74,105.2,171,110.9,299,69.8,80,12/8/24 0:00
236,Delaware,CAA,-5.82,105.3,169,111.1,304,70.8,48,12/8/24 0:00
237,Nicholls,Slnd,-5.85,100.4,260,106.2,190,67.9,185,12/8/24 0:00
238,Southern Miss,SB,-5.9,100.5,257,106.4,195,71,43,12/8/24 0:00
239,Presbyterian,BSth,-5.93,102.5,225,108.4,244,65.8,288,12/8/24 0:00
240,UT Rio Grande Valley,Slnd,-6.08,104.2,190,110.2,281,70.8,50,12/8/24 0:00
,,,,,Strength of Schedule,NCSOS,,,,12/8/24 0:00
Rk,Team,Conf,NetRtg,ORtg,DRtg,AdjT,Luck,NetRtg,ORtg,12/8/24 0:00
241,UTSA,Amer,-6.21,103.3,208,109.5,267,70.8,52,12/8/24 0:00
242,South Dakota,Sum,-6.21,109.1,107,115.3,354,73.2,6,12/8/24 0:00
243,Pepperdine,WCC,-6.33,100.5,258,106.8,208,68.9,130,12/8/24 0:00
244,Quinnipiac,MAAC,-6.4,100.1,267,106.5,198,69.7,89,12/8/24 0:00
245,Valparaiso,MVC,-6.43,104.6,181,111,302,68.1,172,12/8/24 0:00
246,UMBC,AE,-6.47,104.7,177,111.2,306,72.1,21,12/8/24 0:00
247,Tulsa,Amer,-6.66,100.3,263,107,209,68.2,162,12/8/24 0:00
248,Marist,MAAC,-6.72,100.1,266,106.8,205,64.9,323,12/8/24 0:00
249,Lafayette,PL,-7.08,99.7,278,106.7,203,66.4,261,12/8/24 0:00
250,Boston University,PL,-7.12,100.6,253,107.7,224,64.5,337,12/8/24 0:00
251,Evansville,MVC,-7.18,101.5,244,108.6,251,68.3,158,12/8/24 0:00
252,Cal St. Bakersfield,BW,-7.26,101.8,239,109,256,65.2,314,12/8/24 0:00
253,Eastern Washington,BSky,-7.28,105.4,166,112.7,334,68.2,165,12/8/24 0:00
254,Bowling Green,MAC,-7.28,103.1,212,110.4,290,69.3,108,12/8/24 0:00
255,FIU,CUSA,-7.31,97.6,316,104.9,164,70,70,12/8/24 0:00
256,Alabama St.,SWAC,-7.36,102.1,231,109.5,268,70,68,12/8/24 0:00
257,Mount St. Mary's,MAAC,-7.4,97.1,324,104.5,152,67.4,215,12/8/24 0:00
258,Lehigh,PL,-7.41,105.5,162,112.9,338,67.1,228,12/8/24 0:00
259,Northwestern St.,Slnd,-7.49,99.9,273,107.4,214,65.5,303,12/8/24 0:00
260,Hampton,CAA,-7.59,100.9,250,108.5,246,65.3,311,12/8/24 0:00
261,Army,PL,-7.61,103.8,196,111.4,310,66.2,268,12/8/24 0:00
262,Grambling St.,SWAC,-7.62,99,294,106.6,200,67.8,199,12/8/24 0:00
263,Bucknell,PL,-7.68,97.6,317,105.3,174,67.9,188,12/8/24 0:00
264,Pacific,WCC,-7.93,98.9,295,106.8,207,68,182,12/8/24 0:00
265,Robert Morris,Horz,-7.94,96.9,325,104.8,158,68.5,147,12/8/24 0:00
266,Portland St.,BSky,-8.02,103.6,200,111.6,313,70.2,66,12/8/24 0:00
267,Harvard,Ivy,-8.37,98.9,296,107.3,213,67.4,214,12/8/24 0:00
268,Coastal Carolina,SB,-8.45,100,272,108.4,245,64.1,346,12/8/24 0:00
269,SIUE,OVC,-8.62,97.7,315,106.3,193,66.6,252,12/8/24 0:00
270,Western Michigan,MAC,-8.64,102.2,227,110.9,298,66.4,262,12/8/24 0:00
271,Fresno St.,MWC,-8.66,95.5,346,104.2,146,74.6,2,12/8/24 0:00
272,Northern Arizona,BSky,-8.66,103.1,211,111.8,321,66.8,242,12/8/24 0:00
273,Rider,MAAC,-8.69,100.6,254,109.3,263,64.4,339,12/8/24 0:00
274,Charleston Southern,BSth,-8.73,101.2,247,109.9,277,69.1,125,12/8/24 0:00
275,Louisiana,SB,-8.75,105.4,167,114.1,346,68.7,139,12/8/24 0:00
276,Howard,MEAC,-8.78,103.3,204,112.1,326,67.1,229,12/8/24 0:00
277,Sacred Heart,MAAC,-8.86,101.6,242,110.4,289,69.2,118,12/8/24 0:00
278,Idaho,BSky,-8.99,105.6,160,114.6,349,65.5,302,12/8/24 0:00
279,North Carolina Central,MEAC,-9.04,103,216,112,323,67,235,12/8/24 0:00
280,Southern Indiana,OVC,-9.12,101,249,110.1,278,66.7,246,12/8/24 0:00
,,,,,Strength of Schedule,NCSOS,,,,12/8/24 0:00
Rk,Team,Conf,NetRtg,ORtg,DRtg,AdjT,Luck,NetRtg,ORtg,12/8/24 0:00
281,Siena,MAAC,-9.24,99.1,289,108.4,243,64.7,331,12/8/24 0:00
282,Colgate,PL,-9.29,100.4,261,109.7,272,65.7,293,12/8/24 0:00
283,South Carolina St.,MEAC,-9.38,98.6,301,107.9,232,68.2,164,12/8/24 0:00
284,North Dakota,Sum,-9.38,103.1,213,112.5,330,68,177,12/8/24 0:00
285,Ball St.,MAC,-9.39,98.4,304,107.8,227,67.4,216,12/8/24 0:00
286,Campbell,CAA,-9.44,96.5,329,105.9,186,66.9,240,12/8/24 0:00
287,Queens,ASun,-9.62,99.6,279,109.2,261,70.3,63,12/8/24 0:00
288,Iona,MAAC,-9.62,97.2,322,106.8,204,69,126,12/8/24 0:00
289,Air Force,MWC,-9.8,100.5,259,110.3,285,62.7,361,12/8/24 0:00
290,Kansas City,Sum,-9.82,98.3,308,108.1,239,67.4,213,12/8/24 0:00
291,Incarnate Word,Slnd,-9.86,105,172,114.9,350,66.5,256,12/8/24 0:00
292,Bethune Cookman,SWAC,-9.91,96.4,331,106.3,192,69.9,75,12/8/24 0:00
293,San Diego,WCC,-9.98,93.4,357,103.3,130,72.9,8,12/8/24 0:00
294,Southeast Missouri,OVC,-10.02,96.3,333,106.3,191,71.5,33,12/8/24 0:00
295,Morehead St.,OVC,-10.15,100.3,264,110.4,288,67.4,217,12/8/24 0:00
296,Nebraska Omaha,Sum,-10.25,100.5,256,110.8,295,67.7,201,12/8/24 0:00
297,Detroit Mercy,Horz,-10.58,99.7,277,110.3,283,67.5,212,12/8/24 0:00
298,Utah Tech,WAC,-10.6,99.2,286,109.8,275,68,176,12/8/24 0:00
299,Manhattan,MAAC,-10.69,101.1,248,111.7,317,69.6,91,12/8/24 0:00
300,Monmouth,CAA,-10.7,100.6,251,111.3,308,68.1,173,12/8/24 0:00
301,Fairfield,MAAC,-10.78,100,269,110.8,296,66.4,263,12/8/24 0:00
302,Oral Roberts,Sum,-10.9,102.8,222,113.7,343,69.1,123,12/8/24 0:00
303,Eastern Michigan,MAC,-11.13,98.8,299,109.9,276,67.2,225,12/8/24 0:00
304,Niagara,MAAC,-11.44,99.3,284,110.8,294,65,322,12/8/24 0:00
305,Portland,WCC,-11.47,98.3,306,109.8,274,70,71,12/8/24 0:00
306,Texas Southern,SWAC,-11.49,98,310,109.5,270,69,129,12/8/24 0:00
307,North Carolina A&T,CAA,-11.52,100.1,268,111.6,312,72.6,12,12/8/24 0:00
308,Long Beach St.,BW,-11.53,99,292,110.6,292,65.3,310,12/8/24 0:00
309,Western Carolina,SC,-11.56,96.5,328,108.1,238,71.2,37,12/8/24 0:00
310,Wagner,NEC,-11.67,93,358,104.7,156,61,364,12/8/24 0:00
311,Penn,Ivy,-11.71,101.4,246,113.1,339,65.2,313,12/8/24 0:00
312,Jackson St.,SWAC,-12.01,95.8,341,107.8,229,69.5,99,12/8/24 0:00
313,Cal St. Fullerton,BW,-12.02,95.8,342,107.8,228,65.7,291,12/8/24 0:00
314,Navy,PL,-12.14,100.3,262,112.5,328,68.8,135,12/8/24 0:00
315,Binghamton,AE,-12.26,99.4,283,111.6,314,64.9,324,12/8/24 0:00
316,Green Bay,Horz,-12.3,103,215,115.3,353,70.6,55,12/8/24 0:00
317,Denver,Sum,-12.33,99.3,285,111.6,315,67.9,192,12/8/24 0:00
318,Tennessee St.,OVC,-12.76,99,293,111.8,319,71.6,29,12/8/24 0:00
319,Loyola MD,PL,-12.87,97.2,320,110.1,279,67.3,224,12/8/24 0:00
320,Tarleton St.,WAC,-12.95,95.1,349,108,234,66.6,254,12/8/24 0:00
,,,,,Strength of Schedule,NCSOS,,,,12/8/24 0:00
Rk,Team,Conf,NetRtg,ORtg,DRtg,AdjT,Luck,NetRtg,ORtg,12/8/24 0:00
321,Stonehill,NEC,-13.07,97.2,323,110.2,282,66.1,277,12/8/24 0:00
322,Saint Francis,NEC,-13.18,98,312,111.1,305,68.7,137,12/8/24 0:00
323,Buffalo,MAC,-13.32,99.4,282,112.7,333,69.7,88,12/8/24 0:00
324,Eastern Illinois,OVC,-13.44,95.4,348,108.9,254,66.7,248,12/8/24 0:00
325,Western Illinois,OVC,-13.63,98.9,298,112.5,329,63.9,353,12/8/24 0:00
326,Old Dominion,SB,-13.85,97.9,313,111.7,316,68.6,144,12/8/24 0:00
327,Dartmouth,Ivy,-14.02,96.5,330,110.5,291,69.9,73,12/8/24 0:00
328,The Citadel,SC,-14.41,95.9,340,110.3,284,65.5,299,12/8/24 0:00
329,Tennessee Tech,OVC,-14.42,99.1,288,113.5,342,67.8,194,12/8/24 0:00
330,Bellarmine,ASun,-14.43,101.5,243,115.9,357,66.9,239,12/8/24 0:00
331,Holy Cross,PL,-14.47,100.6,252,115.1,351,65.3,307,12/8/24 0:00
332,Sacramento St.,BSky,-14.68,94.7,351,109.4,265,65.3,308,12/8/24 0:00
333,Central Arkansas,ASun,-14.72,96.1,336,110.8,297,67.5,206,12/8/24 0:00
334,Stetson,ASun,-14.96,99.1,290,114.1,345,68.6,143,12/8/24 0:00
335,Tennessee Martin,OVC,-15.01,94.2,355,109.2,259,68.7,140,12/8/24 0:00
336,Louisiana Monroe,SB,-15.17,95.4,347,110.6,293,67.3,219,12/8/24 0:00
337,Stony Brook,CAA,-15.52,96.5,327,112.1,325,68.3,155,12/8/24 0:00
338,LIU,NEC,-15.52,95.7,343,111.3,307,68.2,166,12/8/24 0:00
339,Le Moyne,NEC,-15.8,96.1,337,111.9,322,69.2,117,12/8/24 0:00
340,USC Upstate,BSth,-16.06,99.5,281,115.5,355,72.1,22,12/8/24 0:00
341,VMI,SC,-16.14,97.3,319,113.4,340,68.3,159,12/8/24 0:00
342,Fairleigh Dickinson,NEC,-16.39,100.2,265,116.6,358,71.6,30,12/8/24 0:00
343,New Orleans,Slnd,-16.46,96.3,334,112.7,335,69.8,81,12/8/24 0:00
344,West Georgia,ASun,-16.74,96,339,112.8,337,67.1,230,12/8/24 0:00
345,Florida A&M,SWAC,-16.77,92.9,359,109.6,271,69.5,100,12/8/24 0:00
346,Delaware St.,MEAC,-17,95.6,345,112.6,331,70.5,60,12/8/24 0:00
347,Morgan St.,MEAC,-17.07,97.4,318,114.5,347,71.2,36,12/8/24 0:00
348,NJIT,AE,-17.34,95,350,112.3,327,65,320,12/8/24 0:00
349,Northern Illinois,MAC,-17.58,94.5,353,112,324,69.7,86,12/8/24 0:00
350,IU Indy,Horz,-17.79,100,271,117.8,362,66,278,12/8/24 0:00
351,Houston Christian,Slnd,-18.12,97.7,314,115.9,356,65.9,283,12/8/24 0:00
352,Lindenwood,OVC,-18.26,94.4,354,112.7,332,67.9,186,12/8/24 0:00
353,East Texas A&M,Slnd,-18.67,92.3,360,111,301,68.5,146,12/8/24 0:00
354,Mercyhurst,NEC,-18.76,96.4,332,115.1,352,64.1,349,12/8/24 0:00
355,Canisius,MAAC,-18.82,98,311,116.8,359,66.8,245,12/8/24 0:00
356,Alcorn St.,SWAC,-18.9,95.6,344,114.5,348,65.8,290,12/8/24 0:00
357,Prairie View A&M,SWAC,-19.6,98.9,297,118.5,363,72.7,10,12/8/24 0:00
358,Alabama A&M,SWAC,-20.04,93.4,356,113.5,341,71.3,34,12/8/24 0:00
359,Maryland Eastern Shore,MEAC,-20.88,96.1,338,117,360,67.7,202,12/8/24 0:00
360,New Hampshire,AE,-20.9,90.6,362,111.5,311,67.8,193,12/8/24 0:00
,,,,,Strength of Schedule,NCSOS,,,,12/8/24 0:00
Rk,Team,Conf,NetRtg,ORtg,DRtg,AdjT,Luck,NetRtg,ORtg,12/8/24 0:00
361,Chicago St.,NEC,-20.96,91.8,361,112.7,336,70.3,65,12/8/24 0:00
362,Arkansas Pine Bluff,SWAC,-22.72,98.3,307,121,364,71.5,32,12/8/24 0:00
363,Coppin St.,MEAC,-27.11,86.9,364,114,344,66.8,244,12/8/24 0:00
364,Mississippi Valley St.,SWAC,-30.09,87,363,117.1,361,64.9,326,12/8/24 0:00
1,Auburn,SEC,32.12,127.8,1,95.7,23,68.2,170,12/9/24 0:00
2,Tennessee,SEC,30.99,120.8,9,89.8,2,66,282,12/9/24 0:00
3,Duke,ACC,30.79,120,12,89.2,1,66.7,248,12/9/24 0:00
4,Gonzaga,WCC,29.71,125.4,2,95.7,22,69.3,115,12/9/24 0:00
5,Houston,B12,29.51,120.1,11,90.6,3,62.9,360,12/9/24 0:00
6,Iowa St.,B12,28.27,121.9,6,93.6,9,69.8,88,12/9/24 0:00
7,Alabama,SEC,25.46,122.6,4,97.2,34,73.5,5,12/9/24 0:00
8,Florida,SEC,25.3,121.9,5,96.6,29,69,131,12/9/24 0:00
9,Marquette,BE,24.95,119,15,94,12,69.3,117,12/9/24 0:00
10,Kentucky,SEC,24.94,120.6,10,95.7,24,72.2,18,12/9/24 0:00
11,Kansas,B12,23.53,117,24,93.5,8,69.7,94,12/9/24 0:00
12,Purdue,B10,21.92,120.9,8,99,58,65.2,313,12/9/24 0:00
13,Connecticut,BE,21.89,123,3,101.1,93,65.1,317,12/9/24 0:00
14,UCLA,B10,21.86,114,48,92.1,4,66.6,256,12/9/24 0:00
15,St. John's,BE,21.84,116.1,32,94.3,16,69.8,84,12/9/24 0:00
16,Cincinnati,B12,21.82,116.1,33,94.3,15,66,280,12/9/24 0:00
17,Illinois,B10,21.82,116.3,28,94.5,17,71.2,39,12/9/24 0:00
18,Clemson,ACC,21.75,115.1,39,93.3,5,65.2,312,12/9/24 0:00
19,Maryland,B10,21.64,115.7,36,94,13,69.8,80,12/9/24 0:00
20,Oregon,B10,21.52,117.4,20,95.8,26,68.2,169,12/9/24 0:00
21,Michigan,B10,21.1,114.7,43,93.6,10,69.4,108,12/9/24 0:00
22,Michigan St.,B10,21.04,116.2,31,95.2,20,67.9,192,12/9/24 0:00
23,Baylor,B12,20.96,121.3,7,100.3,86,65.6,292,12/9/24 0:00
24,Texas A&M,SEC,20.76,114.6,45,93.8,11,67.1,230,12/9/24 0:00
25,Texas Tech,B12,20.58,118,18,97.4,39,66.6,253,12/9/24 0:00
26,Mississippi St.,SEC,20.36,118.7,16,98.4,51,68.4,152,12/9/24 0:00
27,Mississippi,SEC,19.73,119.4,13,99.7,69,67.3,222,12/9/24 0:00
28,Arizona,B12,19.59,117.1,23,97.5,40,72.4,14,12/9/24 0:00
29,Ohio St.,B10,19.58,117.1,22,97.5,41,68.1,172,12/9/24 0:00
30,North Carolina,ACC,19.38,117.1,21,97.7,43,73.6,4,12/9/24 0:00
31,Pittsburgh,ACC,19.28,116.3,29,97,31,68.2,166,12/9/24 0:00
32,Dayton,A10,19.22,119.4,14,100.1,79,66.2,272,12/9/24 0:00
33,Penn St.,B10,19.09,116.4,25,97.3,37,71.9,25,12/9/24 0:00
34,Saint Mary's,WCC,18.41,114.9,42,96.5,28,64.3,344,12/9/24 0:00
35,Georgia,SEC,17.49,113.7,50,96.2,27,67.3,220,12/9/24 0:00
36,San Diego St.,MWC,17.43,110.9,77,93.5,6,66.4,262,12/9/24 0:00
37,Wisconsin,B10,17.42,117.9,19,100.5,88,67.9,194,12/9/24 0:00
38,Texas,SEC,16.73,112.4,60,95.7,21,66.9,238,12/9/24 0:00
39,Memphis,Amer,16.58,115.7,35,99.1,61,70.2,68,12/9/24 0:00
40,VCU,A10,16.54,110.8,83,94.2,14,67.6,209,12/9/24 0:00
,,,,,Strength of Schedule,NCSOS,,,,12/9/24 0:00
Rk,Team,Conf,NetRtg,ORtg,DRtg,AdjT,Luck,NetRtg,ORtg,12/9/24 0:00
41,Creighton,BE,16.45,113.9,49,97.4,38,69.5,104,12/9/24 0:00
42,Oklahoma,SEC,16.23,115.2,37,99,59,67.7,205,12/9/24 0:00
43,Villanova,BE,16.15,118.7,17,102.5,113,64.3,342,12/9/24 0:00
44,Indiana,B10,16.11,114.1,47,98,46,70.8,51,12/9/24 0:00
45,Arkansas,SEC,16.01,111,75,95,19,69.9,77,12/9/24 0:00
46,Iowa,B10,15.82,116,34,100.2,80,72.2,20,12/9/24 0:00
47,BYU,B12,15.5,116.3,30,100.8,89,68.8,137,12/9/24 0:00
48,Utah St.,MWC,14.81,114.5,46,99.7,70,69.5,105,12/9/24 0:00
49,Missouri,SEC,14.77,115.1,40,100.3,82,69.4,110,12/9/24 0:00
50,Arizona St.,B12,14.53,112.6,58,98,48,68.6,144,12/9/24 0:00
51,LSU,SEC,14.44,113.1,56,98.7,54,68.8,134,12/9/24 0:00
52,UC Irvine,BW,14.42,107.9,130,93.5,7,69.6,98,12/9/24 0:00
53,SMU,ACC,14.37,116.4,26,102,106,69.4,106,12/9/24 0:00
54,Nevada,MWC,14.37,113.7,51,99.3,63,64.1,348,12/9/24 0:00
55,Boise St.,MWC,14.35,114.7,44,100.3,85,68.4,153,12/9/24 0:00
56,West Virginia,B12,14.15,111.4,68,97.2,35,66.2,268,12/9/24 0:00
57,Louisville,ACC,14.13,110.8,82,96.6,30,69.1,126,12/9/24 0:00
58,San Francisco,WCC,13.96,111.9,64,98,47,67.1,231,12/9/24 0:00
59,Northwestern,B10,13.91,109.6,104,95.7,25,64.8,326,12/9/24 0:00
60,Vanderbilt,SEC,12.98,115.2,38,102.3,109,70.9,46,12/9/24 0:00
61,Nebraska,B10,12.68,109.8,98,97.1,33,69.9,78,12/9/24 0:00
62,Butler,BE,12.43,112.5,59,100.1,76,68,188,12/9/24 0:00
63,Liberty,CUSA,12.41,109.7,99,97.3,36,63.7,353,12/9/24 0:00
64,Utah,B12,12.09,111.3,71,99.2,62,70.8,52,12/9/24 0:00
65,Xavier,BE,11.94,112,61,100.1,77,69.2,123,12/9/24 0:00
66,Florida St.,ACC,11.72,109.6,107,97.9,45,70.9,48,12/9/24 0:00
67,Bradley,MVC,11.53,115,41,103.5,126,66,285,12/9/24 0:00
68,South Carolina,SEC,11.44,110.9,76,99.5,66,66.4,263,12/9/24 0:00
69,North Texas,Amer,11.25,105.9,165,94.6,18,64.3,343,12/9/24 0:00
70,N.C. State,ACC,11.22,111.1,74,99.9,74,66.4,261,12/9/24 0:00
71,Kansas St.,B12,11.1,110.4,90,99.3,64,69.1,127,12/9/24 0:00
72,Oregon St.,WCC,10.86,111.2,73,100.3,84,64.4,337,12/9/24 0:00
73,New Mexico,MWC,10.78,111.8,65,101,92,74.2,3,12/9/24 0:00
74,Rutgers,B10,10.59,112,62,101.4,97,70.4,63,12/9/24 0:00
75,Washington St.,WCC,10.39,108.8,118,98.4,53,71.2,40,12/9/24 0:00
76,Drake,MVC,10.13,108.3,126,98.1,50,64.1,349,12/9/24 0:00
77,Colorado,B12,9.84,108.7,119,98.9,57,68,178,12/9/24 0:00
78,George Mason,A10,9.6,107.7,135,98.1,49,66.2,274,12/9/24 0:00
79,Notre Dame,ACC,9.48,111.7,66,102.2,108,65.6,293,12/9/24 0:00
80,Stanford,ACC,9.44,113.2,55,103.7,129,67,234,12/9/24 0:00
,,,,,Strength of Schedule,NCSOS,,,,12/9/24 0:00
Rk,Team,Conf,NetRtg,ORtg,DRtg,AdjT,Luck,NetRtg,ORtg,12/9/24 0:00
81,Providence,BE,9.43,109.3,111,99.9,73,64,351,12/9/24 0:00
82,Loyola Chicago,A10,9.25,109,113,99.7,71,68.1,175,12/9/24 0:00
83,Rhode Island,A10,9.24,110.6,87,101.3,95,71.8,26,12/9/24 0:00
84,UCF,B12,9.21,108.2,127,99,60,69.8,86,12/9/24 0:00
85,Oklahoma St.,B12,9.02,110.6,86,101.6,98,72.2,19,12/9/24 0:00
86,St. Bonaventure,A10,8.73,107.1,142,98.4,52,65.3,306,12/9/24 0:00
87,UC San Diego,BW,8.72,110.9,79,102.1,107,66.7,249,12/9/24 0:00
88,Santa Clara,WCC,8.66,110.3,92,101.6,99,68.4,155,12/9/24 0:00
89,Wichita St.,Amer,8.6,108.9,115,100.3,83,71.4,33,12/9/24 0:00
90,Georgetown,BE,8.56,108.5,123,100,75,69.5,103,12/9/24 0:00
91,TCU,B12,8.46,106,158,97.6,42,68.6,142,12/9/24 0:00
92,Grand Canyon,WAC,8.14,110.1,95,102,105,71.8,27,12/9/24 0:00
93,USC,B10,7.83,109.6,103,101.8,101,67.3,219,12/9/24 0:00
94,Saint Joseph's,A10,7.69,108.8,117,101.2,94,69.5,101,12/9/24 0:00
95,McNeese,Slnd,7.69,110.5,88,102.8,116,65.7,289,12/9/24 0:00
96,DePaul,BE,7.21,110.3,93,103,120,67.8,200,12/9/24 0:00
97,Lipscomb,ASun,7.21,108.1,128,100.9,91,67.6,207,12/9/24 0:00
98,Yale,Ivy,7.04,113.1,57,106,179,67.8,201,12/9/24 0:00
99,Miami FL,ACC,6.93,116.3,27,109.4,260,65.8,287,12/9/24 0:00
100,Florida Atlantic,Amer,6.9,113.5,53,106.6,190,71.2,38,12/9/24 0:00
101,Murray St.,MVC,6.63,109.7,100,103,119,65.2,311,12/9/24 0:00
102,Georgia Tech,ACC,6.51,107.9,131,101.4,96,70.5,59,12/9/24 0:00
103,Louisiana Tech,CUSA,6.45,108.8,116,102.4,111,66.2,267,12/9/24 0:00
104,Washington,B10,6.3,105.9,162,99.6,68,68.5,151,12/9/24 0:00
105,Syracuse,ACC,6.29,110.6,85,104.3,143,70.3,64,12/9/24 0:00
106,Colorado St.,MWC,6.22,105.6,169,99.3,65,68.1,177,12/9/24 0:00
107,Princeton,Ivy,6.09,112,63,105.9,176,67.5,212,12/9/24 0:00
108,Virginia,ACC,6.04,104.8,185,98.7,55,61.7,363,12/9/24 0:00
109,Wake Forest,ACC,6.03,103.8,202,97.8,44,66.7,245,12/9/24 0:00
110,Northern Iowa,MVC,5.81,109.7,101,103.8,131,65.3,308,12/9/24 0:00
111,Minnesota,B10,5.54,106,160,100.4,87,62.2,362,12/9/24 0:00
112,Arkansas St.,SB,5.51,105.3,173,99.8,72,70.5,58,12/9/24 0:00
113,UNLV,MWC,5.37,110.2,94,104.8,151,66.2,276,12/9/24 0:00
114,Western Kentucky,CUSA,5.09,104.6,187,99.5,67,72.6,11,12/9/24 0:00
115,Samford,SC,4.85,113.6,52,108.8,246,72,23,12/9/24 0:00
116,Furman,SC,4.41,105.2,174,100.8,90,66.5,258,12/9/24 0:00
117,Kent St.,MAC,4.39,103.2,217,98.9,56,64.6,332,12/9/24 0:00
118,South Dakota St.,Sum,4.36,107,144,102.7,115,69.8,81,12/9/24 0:00
119,California,ACC,3.87,111.3,70,107.5,212,69.8,79,12/9/24 0:00
120,Davidson,A10,3.63,109.7,102,106,180,67.9,190,12/9/24 0:00
,,,,,Strength of Schedule,NCSOS,,,,12/9/24 0:00
Rk,Team,Conf,NetRtg,ORtg,DRtg,AdjT,Luck,NetRtg,ORtg,12/9/24 0:00
121,Troy,SB,3.57,106.1,157,102.5,112,68.3,161,12/9/24 0:00
122,Akron,MAC,3.5,111.3,72,107.8,221,69.1,124,12/9/24 0:00
123,Texas St.,SB,3.39,107.4,138,104,133,65.6,294,12/9/24 0:00
124,UC Santa Barbara,BW,3.18,109.4,110,106.2,181,65.5,299,12/9/24 0:00
125,James Madison,SB,3.12,108.4,124,105.3,161,66.3,266,12/9/24 0:00
126,UMass Lowell,AE,2.95,110.5,89,107.5,214,72.2,17,12/9/24 0:00
127,High Point,BSth,2.77,113.4,54,110.6,288,65.1,316,12/9/24 0:00
128,Montana St.,BSky,2.73,108,129,105.3,160,66.2,275,12/9/24 0:00
129,East Tennessee St.,SC,2.7,108.9,114,106.2,182,67.9,196,12/9/24 0:00
130,Sam Houston St.,CUSA,2.57,110.8,81,108.2,229,69.2,118,12/9/24 0:00
131,Wright St.,Horz,2.5,109.6,105,107.1,202,67.3,224,12/9/24 0:00
132,UAB,Amer,2.48,111.4,67,108.9,249,69.7,95,12/9/24 0:00
133,St. Thomas,Sum,2.41,110.4,91,108,223,68.3,164,12/9/24 0:00
134,Cornell,Ivy,2.38,110.9,78,108.5,238,71.3,35,12/9/24 0:00
135,Middle Tennessee,CUSA,2.37,106.5,151,104.2,137,68.5,149,12/9/24 0:00
136,Seattle,WAC,2.37,107.7,134,105.3,164,66.7,247,12/9/24 0:00
137,Purdue Fort Wayne,Horz,2.01,111.3,69,109.3,257,69.2,122,12/9/24 0:00
138,UNC Wilmington,CAA,2,106.5,150,104.5,146,67.4,216,12/9/24 0:00
139,UNC Greensboro,SC,1.9,103.8,203,101.9,102,64.6,333,12/9/24 0:00
140,Temple,Amer,1.81,108.6,120,106.8,194,69,130,12/9/24 0:00
141,Belmont,MVC,1.67,110.1,96,108.4,235,71.1,42,12/9/24 0:00
142,Seton Hall,BE,1.54,98.6,311,97,32,62.9,359,12/9/24 0:00
143,Charleston,CAA,1.38,106.7,147,105.3,165,70.1,71,12/9/24 0:00
144,Norfolk St.,MEAC,1.38,107.1,140,105.8,175,65.5,296,12/9/24 0:00
145,Elon,CAA,1.19,106.5,152,105.3,162,65.8,288,12/9/24 0:00
146,George Washington,A10,1.07,106.4,154,105.4,166,69.3,116,12/9/24 0:00
147,South Florida,Amer,1.06,106.7,148,105.6,173,69.4,113,12/9/24 0:00
148,East Carolina,Amer,1.01,106.6,149,105.6,172,64.7,330,12/9/24 0:00
149,Saint Louis,A10,0.98,109.2,112,108.3,230,69.4,109,12/9/24 0:00
150,UTEP,CUSA,0.97,103.5,209,102.5,114,69.5,99,12/9/24 0:00
151,Wofford,SC,0.97,110,97,109,250,65.1,319,12/9/24 0:00
152,Northeastern,CAA,0.91,103.9,200,103,118,68.5,150,12/9/24 0:00
153,Virginia Tech,ACC,0.89,103.2,220,102.3,110,65.4,302,12/9/24 0:00
154,Boston College,ACC,0.79,105.1,179,104.3,139,67,233,12/9/24 0:00
155,La Salle,A10,0.76,105.1,177,104.3,142,70.9,45,12/9/24 0:00
156,CSUN,BW,0.62,104.4,191,103.8,130,72.6,12,12/9/24 0:00
157,Loyola Marymount,WCC,0.08,104.5,190,104.4,144,67.6,208,12/9/24 0:00
158,Columbia,Ivy,0.05,109.5,108,109.5,261,68.6,145,12/9/24 0:00
159,Appalachian St.,SB,-0.09,103.2,216,103.3,122,64.4,334,12/9/24 0:00
160,Ohio,MAC,-0.19,109.6,106,109.8,269,69.8,82,12/9/24 0:00
,,,,,Strength of Schedule,NCSOS,,,,12/9/24 0:00
Rk,Team,Conf,NetRtg,ORtg,DRtg,AdjT,Luck,NetRtg,ORtg,12/9/24 0:00
161,Kennesaw St.,CUSA,-0.35,105.2,175,105.5,169,71.7,28,12/9/24 0:00
162,Milwaukee,Horz,-0.48,107.6,136,108.1,226,68.4,154,12/9/24 0:00
163,North Dakota St.,Sum,-0.55,110.7,84,111.3,298,64.8,328,12/9/24 0:00
164,Radford,BSth,-0.61,107,143,107.6,216,65,322,12/9/24 0:00
165,Winthrop,BSth,-0.72,105.7,168,106.4,186,72.4,15,12/9/24 0:00
166,Florida Gulf Coast,ASun,-0.77,105.5,170,106.2,183,64.3,338,12/9/24 0:00
167,Northern Colorado,BSky,-0.78,107.1,141,107.9,222,70.9,44,12/9/24 0:00
168,Texas A&M Corpus Chris,Slnd,-0.83,106.1,156,107,201,69.9,76,12/9/24 0:00
169,Hofstra,CAA,-0.87,102.3,238,103.2,121,65,321,12/9/24 0:00
170,Abilene Christian,WAC,-0.91,105,181,105.9,177,67.6,210,12/9/24 0:00
171,Miami OH,MAC,-1.03,104.1,197,105.1,156,68.4,159,12/9/24 0:00
172,Rice,Amer,-1.03,103.2,221,104.2,138,66,279,12/9/24 0:00
173,Jacksonville,ASun,-1.09,103.7,205,104.8,150,68.6,148,12/9/24 0:00
174,Jacksonville St.,CUSA,-1.19,107.6,137,108.8,245,66.3,264,12/9/24 0:00
175,North Florida,ASun,-1.19,110.8,80,112,313,70.5,61,12/9/24 0:00
176,Marshall,SB,-1.3,104.2,195,105.5,167,70.5,60,12/9/24 0:00
177,Cal Baptist,WAC,-1.33,107.8,133,109.1,253,65.5,297,12/9/24 0:00
178,Illinois St.,MVC,-1.35,107,145,108.3,232,66.2,270,12/9/24 0:00
179,UT Arlington,WAC,-1.42,108.3,125,109.8,268,71.1,41,12/9/24 0:00
180,UC Davis,BW,-1.43,98.8,304,100.2,81,71.5,30,12/9/24 0:00
181,Bryant,AE,-1.44,104.9,183,106.4,185,73.2,6,12/9/24 0:00
182,Southern Illinois,MVC,-1.46,102.5,233,103.9,132,70.3,66,12/9/24 0:00
183,UC Riverside,BW,-1.52,104.5,189,106,178,68,184,12/9/24 0:00
184,Oakland,Horz,-1.63,103,226,104.6,148,63.1,357,12/9/24 0:00
185,Montana,BSky,-1.89,105.8,167,107.7,218,69.2,119,12/9/24 0:00
186,Central Michigan,MAC,-1.92,102.2,240,104.1,135,68.1,176,12/9/24 0:00
187,Southern Utah,WAC,-2.1,106,159,108.1,224,68.8,135,12/9/24 0:00
188,Towson,CAA,-2.1,101.9,243,104,134,64.3,340,12/9/24 0:00
189,New Mexico St.,CUSA,-2.21,102.7,230,104.9,154,67,235,12/9/24 0:00
190,UNC Asheville,BSth,-2.27,107,146,109.2,255,67.1,232,12/9/24 0:00
191,Brown,Ivy,-2.31,106.4,155,108.7,244,65.2,314,12/9/24 0:00
192,Missouri St.,MVC,-2.32,101.8,247,104.1,136,66.2,273,12/9/24 0:00
193,Vermont,AE,-2.35,99.6,287,102,104,63.6,356,12/9/24 0:00
194,Wyoming,MWC,-2.4,103.1,222,105.5,171,66,284,12/9/24 0:00
195,North Alabama,ASun,-2.52,104.8,184,107.4,209,68,185,12/9/24 0:00
196,Utah Valley,WAC,-2.57,102.8,229,105.3,163,69.7,93,12/9/24 0:00
197,Drexel,CAA,-2.59,103.9,201,106.5,188,64.2,345,12/9/24 0:00
198,Merrimack,MAAC,-2.63,99.3,296,102,103,65.2,310,12/9/24 0:00
199,Hawaii,BW,-2.67,104.2,194,106.9,197,66.2,269,12/9/24 0:00
200,Fordham,A10,-2.68,102.8,227,105.5,170,70.6,56,12/9/24 0:00
,,,,,Strength of Schedule,NCSOS,,,,12/9/24 0:00
Rk,Team,Conf,NetRtg,ORtg,DRtg,AdjT,Luck,NetRtg,ORtg,12/9/24 0:00
201,Indiana St.,MVC,-2.72,108.5,121,111.3,297,72.8,9,12/9/24 0:00
202,Chattanooga,SC,-2.76,107.3,139,110,274,68,181,12/9/24 0:00
203,South Alabama,SB,-2.83,103.6,206,106.4,187,64.9,323,12/9/24 0:00
204,Longwood,BSth,-2.91,102.6,231,105.5,168,68.8,136,12/9/24 0:00
205,Little Rock,OVC,-3.11,100.3,273,103.5,125,68.3,162,12/9/24 0:00
206,Massachusetts,A10,-3.39,103.8,204,107.2,204,70.9,47,12/9/24 0:00
207,Richmond,A10,-3.4,101.4,253,104.8,149,66.7,246,12/9/24 0:00
208,Charlotte,Amer,-3.48,105.1,176,108.6,240,64,350,12/9/24 0:00
209,Toledo,MAC,-3.59,108.5,122,112.1,317,69.7,91,12/9/24 0:00
210,Eastern Kentucky,ASun,-3.64,106.5,153,110.1,276,67.9,189,12/9/24 0:00
211,William & Mary,CAA,-3.98,107.8,132,111.8,308,71.9,24,12/9/24 0:00
212,San Jose St.,MWC,-4.07,105.3,172,109.4,259,64.6,331,12/9/24 0:00
213,Lamar,Slnd,-4.13,102.4,236,106.5,189,67.2,227,12/9/24 0:00
214,Central Connecticut,NEC,-4.18,98.7,307,102.9,117,65.4,303,12/9/24 0:00
215,Duquesne,A10,-4.51,100.3,274,104.8,153,66.8,243,12/9/24 0:00
216,Youngstown St.,Horz,-4.69,96.9,327,101.6,100,68.9,133,12/9/24 0:00
217,Maine,AE,-4.78,98.7,308,103.5,124,68.3,160,12/9/24 0:00
218,Weber St.,BSky,-4.79,104.1,196,108.9,248,66.9,239,12/9/24 0:00
219,Southeastern Louisiana,Slnd,-4.82,98.6,309,103.4,123,68.7,139,12/9/24 0:00
220,Northern Kentucky,Horz,-4.82,100.2,277,105,155,66.6,255,12/9/24 0:00
221,Cal Poly,BW,-4.86,103.5,210,108.4,233,74.8,1,12/9/24 0:00
222,Southern,SWAC,-4.88,99.6,288,104.5,145,68,183,12/9/24 0:00
223,Stephen F. Austin,Slnd,-5.01,95.1,350,100.1,78,65.5,295,12/9/24 0:00
224,Georgia Southern,SB,-5.02,100.2,276,105.2,159,72.5,13,12/9/24 0:00
225,Gardner Webb,BSth,-5.18,102.3,237,107.5,213,69.8,83,12/9/24 0:00
226,American,PL,-5.22,104.4,192,109.6,265,63.7,355,12/9/24 0:00
227,Cleveland St.,Horz,-5.26,98.5,312,103.7,128,67.3,225,12/9/24 0:00
228,Tulane,Amer,-5.28,103.1,224,108.4,234,68,180,12/9/24 0:00
229,Saint Peter's,MAAC,-5.29,100.4,271,105.6,174,63.1,358,12/9/24 0:00
230,Mercer,SC,-5.34,105,180,110.3,281,70.7,55,12/9/24 0:00
231,Albany,AE,-5.37,103.4,213,108.7,242,69.5,100,12/9/24 0:00
232,Idaho St.,BSky,-5.39,102.4,235,107.8,219,64.8,329,12/9/24 0:00
233,Delaware,CAA,-5.65,105.9,166,111.5,303,70.7,54,12/9/24 0:00
234,Georgia St.,SB,-5.67,103.4,212,109.1,252,69.2,120,12/9/24 0:00
235,Quinnipiac,MAAC,-5.89,100.9,256,106.8,196,69.8,85,12/9/24 0:00
236,Southern Miss,SB,-5.92,100.9,258,106.8,195,71,43,12/9/24 0:00
237,Presbyterian,BSth,-5.93,102.8,228,108.7,243,65.8,286,12/9/24 0:00
238,Nicholls,Slnd,-5.94,100.7,265,106.7,192,67.9,191,12/9/24 0:00
239,UTSA,Amer,-6.01,103.6,207,109.6,263,70.9,49,12/9/24 0:00
240,UT Rio Grande Valley,Slnd,-6.07,104.5,188,110.6,285,70.8,50,12/9/24 0:00
,,,,,Strength of Schedule,NCSOS,,,,12/9/24 0:00
Rk,Team,Conf,NetRtg,ORtg,DRtg,AdjT,Luck,NetRtg,ORtg,12/9/24 0:00
241,Marist,MAAC,-6.16,101.5,250,107.6,215,64.9,325,12/9/24 0:00
242,South Dakota,Sum,-6.19,109.4,109,115.6,354,73.2,7,12/9/24 0:00
243,Pepperdine,WCC,-6.36,100.8,261,107.2,207,69,132,12/9/24 0:00
244,Valparaiso,MVC,-6.41,105,182,111.4,302,68.1,173,12/9/24 0:00
245,UMBC,AE,-6.5,105.1,178,111.6,305,72.1,22,12/9/24 0:00
246,Illinois Chicago,MVC,-6.58,103.3,215,109.9,271,70.1,70,12/9/24 0:00
247,Tulsa,Amer,-6.61,100.6,268,107.2,206,68.2,168,12/9/24 0:00
248,Boston University,PL,-7.02,101.1,255,108.1,225,64.3,341,12/9/24 0:00
249,Mount St. Mary's,MAAC,-7.02,100.4,270,107.4,210,67.9,193,12/9/24 0:00
250,Austin Peay,ASun,-7.1,97.5,324,104.6,147,63.7,354,12/9/24 0:00
251,Evansville,MVC,-7.13,101.9,244,109,251,68.4,156,12/9/24 0:00
252,Lafayette,PL,-7.17,99.7,284,106.9,198,66.5,259,12/9/24 0:00
253,Eastern Washington,BSky,-7.19,105.9,164,113.1,330,68.2,171,12/9/24 0:00
254,Cal St. Bakersfield,BW,-7.21,102.1,241,109.3,256,65.1,318,12/9/24 0:00
255,FIU,CUSA,-7.25,97.9,318,105.2,157,70,75,12/9/24 0:00
256,Bucknell,PL,-7.29,97.6,323,104.8,152,68,187,12/9/24 0:00
257,Robert Morris,Horz,-7.31,97,326,104.3,140,69.5,102,12/9/24 0:00
258,Lehigh,PL,-7.32,105.9,163,113.2,333,67.1,228,12/9/24 0:00
259,Alabama St.,SWAC,-7.45,102.4,234,109.8,270,70,74,12/9/24 0:00
260,Bowling Green,MAC,-7.46,103.2,218,110.7,290,69.4,107,12/9/24 0:00
261,SIUE,OVC,-7.51,99.8,282,107.3,208,66.6,254,12/9/24 0:00
262,Northwestern St.,Slnd,-7.56,100.1,278,107.7,217,65.5,301,12/9/24 0:00
263,Hampton,CAA,-7.6,101.2,254,108.8,247,65.3,307,12/9/24 0:00
264,Grambling St.,SWAC,-7.62,99.3,297,107,200,67.8,203,12/9/24 0:00
265,Pacific,WCC,-7.8,99.3,295,107.2,203,68,186,12/9/24 0:00
266,Harvard,Ivy,-7.99,99.2,301,107.2,205,67.6,211,12/9/24 0:00
267,Portland St.,BSky,-8.01,103.9,199,111.9,311,70.2,67,12/9/24 0:00
268,Howard,MEAC,-8.11,104,198,112.1,315,67.5,214,12/9/24 0:00
269,Siena,MAAC,-8.21,99.6,290,107.8,220,64.3,339,12/9/24 0:00
270,Coastal Carolina,SB,-8.46,100.3,275,108.7,241,64.1,347,12/9/24 0:00
271,Fresno St.,MWC,-8.47,95.9,342,104.3,141,74.7,2,12/9/24 0:00
272,Colgate,PL,-8.49,101.5,251,109.9,273,66.1,277,12/9/24 0:00
273,Rider,MAAC,-8.59,100.8,263,109.4,258,64.4,336,12/9/24 0:00
274,Iona,MAAC,-8.62,98,316,106.6,191,69.4,112,12/9/24 0:00
275,Northern Arizona,BSky,-8.63,103.5,208,112.2,319,66.8,242,12/9/24 0:00
276,Western Michigan,MAC,-8.64,102.5,232,111.2,295,66.5,260,12/9/24 0:00
277,Charleston Southern,BSth,-8.77,101.5,249,110.3,280,69,129,12/9/24 0:00
278,Idaho,BSky,-8.98,105.9,161,114.9,349,65.5,300,12/9/24 0:00
279,North Carolina Central,MEAC,-9.1,103.3,214,112.4,320,67,236,12/9/24 0:00
280,Southern Indiana,OVC,-9.1,101.4,252,110.6,284,66.6,251,12/9/24 0:00
,,,,,Strength of Schedule,NCSOS,,,,12/9/24 0:00
Rk,Team,Conf,NetRtg,ORtg,DRtg,AdjT,Luck,NetRtg,ORtg,12/9/24 0:00
281,Sacred Heart,MAAC,-9.14,102.2,239,111.3,299,69.4,114,12/9/24 0:00
282,Army,PL,-9.23,104.8,186,114,341,66.6,252,12/9/24 0:00
283,South Carolina St.,MEAC,-9.25,99,303,108.3,231,68.2,167,12/9/24 0:00
284,North Dakota,Sum,-9.37,103.5,211,112.9,327,68,182,12/9/24 0:00
285,Louisiana,SB,-9.39,104.4,193,113.8,337,68.6,146,12/9/24 0:00
286,Campbell,CAA,-9.44,96.9,328,106.3,184,66.9,241,12/9/24 0:00
287,Queens,ASun,-9.64,99.9,280,109.6,264,70.3,65,12/9/24 0:00
288,Incarnate Word,Slnd,-9.66,105.3,171,115,350,66.5,257,12/9/24 0:00
289,Air Force,MWC,-9.79,100.8,262,110.6,287,62.6,361,12/9/24 0:00
290,Kansas City,Sum,-9.87,98.6,310,108.5,237,67.5,213,12/9/24 0:00
291,San Diego,WCC,-9.95,93.7,357,103.7,127,72.9,8,12/9/24 0:00
292,Bethune Cookman,SWAC,-9.98,96.7,332,106.7,193,69.8,87,12/9/24 0:00
293,Nebraska Omaha,Sum,-10.26,100.9,259,111.1,294,67.8,204,12/9/24 0:00
294,Morehead St.,OVC,-10.36,100.6,267,111,293,67.4,217,12/9/24 0:00
295,Utah Tech,WAC,-10.62,99.6,289,110.2,278,68,179,12/9/24 0:00
296,Ball St.,MAC,-10.65,99.3,299,109.9,272,67.3,221,12/9/24 0:00
297,Southeast Missouri,OVC,-10.65,96.3,338,106.9,199,70.7,53,12/9/24 0:00
298,Monmouth,CAA,-10.74,100.8,260,111.6,306,68.1,174,12/9/24 0:00
299,Detroit Mercy,Horz,-10.84,99.7,285,110.6,286,67.4,215,12/9/24 0:00
300,Oral Roberts,Sum,-10.89,103.1,223,114,342,69.1,125,12/9/24 0:00
301,Fairfield,MAAC,-11.09,103,225,114.1,343,66.9,237,12/9/24 0:00
302,Eastern Michigan,MAC,-11.12,99.1,302,110.2,279,67.3,223,12/9/24 0:00
303,Texas Southern,SWAC,-11.3,98.5,313,109.8,267,69.1,128,12/9/24 0:00
304,Portland,WCC,-11.5,98.7,306,110.2,277,70,73,12/9/24 0:00
305,Long Beach St.,BW,-11.51,99.4,293,110.9,292,65.3,304,12/9/24 0:00
306,North Carolina A&T,CAA,-11.52,100.4,269,111.9,310,72.6,10,12/9/24 0:00
307,Manhattan,MAAC,-11.55,101.8,246,113.4,334,69.6,97,12/9/24 0:00
308,Western Carolina,SC,-11.57,96.9,331,108.4,236,71.2,37,12/9/24 0:00
309,Penn,Ivy,-11.81,101.7,248,113.5,335,65.1,315,12/9/24 0:00
310,Wagner,NEC,-11.86,93.3,358,105.2,158,61,364,12/9/24 0:00
311,Jackson St.,SWAC,-11.91,96.3,337,108.2,228,69.7,96,12/9/24 0:00
312,Cal St. Fullerton,BW,-11.96,96.2,341,108.1,227,65.7,290,12/9/24 0:00
313,Green Bay,Horz,-12.17,103.2,219,115.4,351,70.5,57,12/9/24 0:00
314,Navy,PL,-12.17,100.7,266,112.8,326,68.7,138,12/9/24 0:00
315,Denver,Sum,-12.34,99.7,286,112,312,67.9,195,12/9/24 0:00
316,Binghamton,AE,-12.39,99.5,292,111.9,309,64.9,324,12/9/24 0:00
317,Tennessee St.,OVC,-12.72,99.4,294,112.1,316,71.5,29,12/9/24 0:00
318,Tarleton St.,WAC,-12.74,94.7,354,107.4,211,66.3,265,12/9/24 0:00
319,Loyola MD,PL,-12.88,97.6,321,110.5,282,67.3,226,12/9/24 0:00
320,Stonehill,NEC,-12.95,97.6,322,110.5,283,66,278,12/9/24 0:00
,,,,,Strength of Schedule,NCSOS,,,,12/9/24 0:00
Rk,Team,Conf,NetRtg,ORtg,DRtg,AdjT,Luck,NetRtg,ORtg,12/9/24 0:00
321,Saint Francis,NEC,-13.17,98.2,315,111.3,300,68.7,140,12/9/24 0:00
322,Dartmouth,Ivy,-13.24,95.3,348,108.5,239,70.2,69,12/9/24 0:00
323,Buffalo,MAC,-13.29,99.8,283,113.1,328,69.8,89,12/9/24 0:00
324,Niagara,MAAC,-13.42,100.8,264,114.2,344,64.4,335,12/9/24 0:00
325,Eastern Illinois,OVC,-13.44,95.8,345,109.2,254,66.7,250,12/9/24 0:00
326,Western Illinois,OVC,-13.6,99.2,300,112.8,325,63.9,352,12/9/24 0:00
327,Old Dominion,SB,-13.85,98.2,314,112.1,314,68.6,147,12/9/24 0:00
328,Tennessee Tech,OVC,-14.36,99.5,291,113.9,340,67.8,199,12/9/24 0:00
329,The Citadel,SC,-14.43,96.2,339,110.7,289,65.5,298,12/9/24 0:00
330,Bellarmine,ASun,-14.46,101.8,245,116.3,357,66.9,240,12/9/24 0:00
331,Holy Cross,PL,-14.62,100.9,257,115.5,352,65.2,309,12/9/24 0:00
332,Sacramento St.,BSky,-14.66,95.1,351,109.7,266,65.3,305,12/9/24 0:00
333,Central Arkansas,ASun,-14.77,96.4,336,111.2,296,67.6,206,12/9/24 0:00
334,Tennessee Martin,OVC,-14.99,94.5,355,109.5,262,68.7,141,12/9/24 0:00
335,Stetson,ASun,-15.17,99.3,298,114.5,346,68.6,143,12/9/24 0:00
336,Louisiana Monroe,SB,-15.2,95.7,346,110.9,291,67.3,218,12/9/24 0:00
337,Stony Brook,CAA,-15.53,96.9,329,112.4,322,68.4,158,12/9/24 0:00
338,LIU,NEC,-15.72,95.8,344,111.5,304,68.2,165,12/9/24 0:00
339,Le Moyne,NEC,-15.94,96.2,340,112.1,318,69.2,121,12/9/24 0:00
340,USC Upstate,BSth,-16.07,99.8,281,115.9,355,72.1,21,12/9/24 0:00
341,VMI,SC,-16.16,97.6,320,113.8,338,68.3,163,12/9/24 0:00
342,New Orleans,Slnd,-16.38,96.7,334,113.1,331,69.8,90,12/9/24 0:00
343,West Georgia,ASun,-16.66,96.5,335,113.1,332,67.1,229,12/9/24 0:00
344,Fairleigh Dickinson,NEC,-16.68,99.9,279,116.6,358,71.4,32,12/9/24 0:00
345,Florida A&M,SWAC,-16.86,93.2,359,110,275,69.4,111,12/9/24 0:00
346,Prairie View A&M,SWAC,-16.97,102.1,242,119.1,363,72.3,16,12/9/24 0:00
347,Delaware St.,MEAC,-17.04,95.6,347,112.7,324,70.4,62,12/9/24 0:00
348,Morgan St.,MEAC,-17.1,97.8,319,114.9,348,71.2,36,12/9/24 0:00
349,NJIT,AE,-17.4,95.2,349,112.6,323,65.1,320,12/9/24 0:00
350,Northern Illinois,MAC,-17.59,94.8,353,112.4,321,69.7,92,12/9/24 0:00
351,IU Indy,Horz,-17.76,100.4,272,118.1,362,66,281,12/9/24 0:00
352,Lindenwood,OVC,-18.1,95,352,113.1,329,67.8,198,12/9/24 0:00
353,Houston Christian,Slnd,-18.2,98,317,116.2,356,66,283,12/9/24 0:00
354,East Texas A&M,Slnd,-18.62,92.7,360,111.3,301,68.4,157,12/9/24 0:00
355,Mercyhurst,NEC,-18.85,96.7,333,115.6,353,64.2,346,12/9/24 0:00
356,Alcorn St.,SWAC,-18.96,95.8,343,114.8,347,65.6,291,12/9/24 0:00
357,Canisius,MAAC,-19.87,97.3,325,117.1,359,66.2,271,12/9/24 0:00
358,Alabama A&M,SWAC,-20.02,93.8,356,113.8,339,71.3,34,12/9/24 0:00
359,Maryland Eastern Shore,MEAC,-20.64,96.9,330,117.5,361,67.8,202,12/9/24 0:00
360,New Hampshire,AE,-21.28,90.4,362,111.7,307,67.9,197,12/9/24 0:00
,,,,,Strength of Schedule,NCSOS,,,,12/9/24 0:00
Rk,Team,Conf,NetRtg,ORtg,DRtg,AdjT,Luck,NetRtg,ORtg,12/9/24 0:00
361,Chicago St.,NEC,-21.54,92.1,361,113.7,336,70,72,12/9/24 0:00
362,Arkansas Pine Bluff,SWAC,-22.67,98.7,305,121.4,364,71.4,31,12/9/24 0:00
363,Coppin St.,MEAC,-27.13,87.2,364,114.4,345,66.8,244,12/9/24 0:00
364,Mississippi Valley St.,SWAC,-30.1,87.4,363,117.5,360,64.8,327,12/9/24 0:00
1,Auburn,SEC,32.14,128,1,95.8,23,68.2,170,12/10/24 0:00
2,Tennessee,SEC,31.09,121,9,89.9,2,66,282,12/10/24 0:00
3,Duke,ACC,30.79,120.2,12,89.4,1,66.7,248,12/10/24 0:00
4,Gonzaga,WCC,29.84,125.6,2,95.7,21,69.3,117,12/10/24 0:00
5,Houston,B12,29.65,120.2,11,90.6,3,62.9,360,12/10/24 0:00
6,Iowa St.,B12,28.28,122,6,93.7,10,69.8,87,12/10/24 0:00
7,Alabama,SEC,25.48,122.8,4,97.3,34,73.5,5,12/10/24 0:00
8,Florida,SEC,25.32,122.1,5,96.8,30,69,131,12/10/24 0:00
9,Kentucky,SEC,24.95,120.8,10,95.8,24,72.2,18,12/10/24 0:00
10,Marquette,BE,24.94,119.1,15,94.2,14,69.3,116,12/10/24 0:00
11,Kansas,B12,23.51,117.2,24,93.7,9,69.7,94,12/10/24 0:00
12,Connecticut,BE,21.97,123.1,3,101.2,92,65.1,317,12/10/24 0:00
13,Purdue,B10,21.93,121.1,8,99.1,58,65.2,314,12/10/24 0:00
14,St. John's,BE,21.91,116.3,31,94.4,15,69.8,86,12/10/24 0:00
15,UCLA,B10,21.86,114.1,48,92.2,4,66.6,255,12/10/24 0:00
16,Illinois,B10,21.83,116.5,28,94.7,17,71.2,39,12/10/24 0:00
17,Baylor,B12,21.81,121.9,7,100.1,76,65.7,292,12/10/24 0:00
18,Cincinnati,B12,21.81,116.2,33,94.4,16,66,280,12/10/24 0:00
19,Clemson,ACC,21.68,115.2,40,93.5,6,65.2,313,12/10/24 0:00
20,Maryland,B10,21.64,115.8,36,94.2,13,69.9,80,12/10/24 0:00
21,Oregon,B10,21.52,117.5,20,96,26,68.2,169,12/10/24 0:00
22,Michigan,B10,21.12,114.9,43,93.8,11,69.4,108,12/10/24 0:00
23,Michigan St.,B10,21,116.3,32,95.3,20,67.9,192,12/10/24 0:00
24,Texas A&M,SEC,20.76,114.7,46,94,12,67.2,230,12/10/24 0:00
25,Texas Tech,B12,20.59,118.1,18,97.6,38,66.6,252,12/10/24 0:00
26,Mississippi St.,SEC,20.36,118.9,16,98.5,51,68.5,152,12/10/24 0:00
27,Mississippi,SEC,19.73,119.5,13,99.8,70,67.3,222,12/10/24 0:00
28,Ohio St.,B10,19.58,117.2,21,97.6,41,68.1,172,12/10/24 0:00
29,Arizona,B12,19.57,117.2,23,97.6,40,72.4,14,12/10/24 0:00
30,North Carolina,ACC,19.37,117.2,22,97.8,43,73.7,4,12/10/24 0:00
31,Pittsburgh,ACC,19.27,116.4,30,97.1,31,68.3,167,12/10/24 0:00
32,Dayton,A10,19.22,119.5,14,100.3,80,66.2,272,12/10/24 0:00
33,Penn St.,B10,19.08,116.6,25,97.5,37,71.9,25,12/10/24 0:00
34,Saint Mary's,WCC,18.41,115,42,96.6,28,64.3,343,12/10/24 0:00
35,Georgia,SEC,17.49,113.9,51,96.4,27,67.3,220,12/10/24 0:00
36,San Diego St.,MWC,17.45,111.1,77,93.6,7,66.4,262,12/10/24 0:00
37,Wisconsin,B10,17.4,118,19,100.6,87,67.9,195,12/10/24 0:00
38,Texas,SEC,16.74,112.5,60,95.8,22,66.9,238,12/10/24 0:00
39,Memphis,Amer,16.6,115.8,35,99.2,61,70.2,68,12/10/24 0:00
40,Indiana,B10,16.55,114.8,45,98.3,49,71.3,36,12/10/24 0:00
,,,,,Strength of Schedule,NCSOS,,,,12/10/24 0:00
Rk,Team,Conf,NetRtg,ORtg,DRtg,AdjT,Luck,NetRtg,ORtg,12/10/24 0:00
41,Creighton,BE,16.45,114,49,97.6,39,69.5,103,12/10/24 0:00
42,VCU,A10,16.34,109.8,105,93.4,5,67.6,210,12/10/24 0:00
43,Oklahoma,SEC,16.22,115.4,37,99.2,59,67.7,205,12/10/24 0:00
44,Villanova,BE,16.16,118.8,17,102.7,113,64.3,342,12/10/24 0:00
45,Arkansas,SEC,16.08,111.2,75,95.1,19,69.9,77,12/10/24 0:00
46,Iowa,B10,15.83,116.2,34,100.3,81,72.2,20,12/10/24 0:00
47,BYU,B12,15.5,116.4,29,100.9,88,68.8,137,12/10/24 0:00
48,Utah St.,MWC,14.8,114.6,47,99.8,71,69.5,105,12/10/24 0:00
49,Missouri,SEC,14.77,115.2,39,100.4,83,69.4,110,12/10/24 0:00
50,Arizona St.,B12,14.52,112.7,58,98.2,47,68.6,144,12/10/24 0:00
51,UC Irvine,BW,14.41,108,130,93.6,8,69.6,98,12/10/24 0:00
52,SMU,ACC,14.39,116.5,26,102.1,104,69.5,106,12/10/24 0:00
53,Nevada,MWC,14.36,113.9,50,99.6,65,64.1,348,12/10/24 0:00
54,LSU,SEC,14.36,113.2,55,98.9,54,68.8,136,12/10/24 0:00
55,Boise St.,MWC,14.33,114.8,44,100.5,86,68.4,153,12/10/24 0:00
56,West Virginia,B12,14.19,111.6,68,97.4,35,66.3,266,12/10/24 0:00
57,Louisville,ACC,14.17,110.9,81,96.7,29,69,129,12/10/24 0:00
58,San Francisco,WCC,13.95,112.1,63,98.1,46,67.1,231,12/10/24 0:00
59,Northwestern,B10,13.9,109.8,104,95.9,25,64.9,326,12/10/24 0:00
60,Vanderbilt,SEC,12.99,115.4,38,102.4,109,70.9,47,12/10/24 0:00
61,Nebraska,B10,12.66,109.9,97,97.3,33,69.9,78,12/10/24 0:00
62,Butler,BE,12.44,112.6,59,100.2,78,68,188,12/10/24 0:00
63,Liberty,CUSA,12.41,109.9,98,97.5,36,63.7,353,12/10/24 0:00
64,Utah,B12,12.09,111.5,70,99.4,62,70.8,52,12/10/24 0:00
65,Xavier,BE,12.08,112.2,61,100.1,77,69.2,123,12/10/24 0:00
66,Florida St.,ACC,11.91,109.8,102,97.9,44,70.9,50,12/10/24 0:00
67,South Carolina,SEC,11.56,111.1,76,99.6,66,66.3,263,12/10/24 0:00
68,Bradley,MVC,11.52,115.1,41,103.6,125,66,285,12/10/24 0:00
69,N.C. State,ACC,11.23,111.3,74,100.1,74,66.4,261,12/10/24 0:00
70,North Texas,Amer,11.21,106,167,94.8,18,64.3,344,12/10/24 0:00
71,Kansas St.,B12,11.09,110.6,89,99.5,63,69.1,128,12/10/24 0:00
72,Oregon St.,WCC,10.84,111.3,73,100.5,85,64.4,337,12/10/24 0:00
73,New Mexico,MWC,10.78,112,65,101.2,93,74.2,3,12/10/24 0:00
74,Rutgers,B10,10.59,112.1,62,101.5,96,70.4,63,12/10/24 0:00
75,Washington St.,WCC,10.38,108.9,118,98.6,53,71.2,41,12/10/24 0:00
76,Drake,MVC,10.12,108.4,126,98.3,50,64.1,349,12/10/24 0:00
77,Colorado,B12,9.85,108.9,119,99,56,68.1,177,12/10/24 0:00
78,George Mason,A10,9.57,107.8,135,98.3,48,66.2,273,12/10/24 0:00
79,Notre Dame,ACC,9.5,111.8,66,102.3,108,65.6,294,12/10/24 0:00
80,Providence,BE,9.45,109.4,111,100,73,64,351,12/10/24 0:00
,,,,,Strength of Schedule,NCSOS,,,,12/10/24 0:00
Rk,Team,Conf,NetRtg,ORtg,DRtg,AdjT,Luck,NetRtg,ORtg,12/10/24 0:00
81,Stanford,ACC,9.27,113.2,56,103.9,129,67,234,12/10/24 0:00
82,Loyola Chicago,A10,9.25,109.1,113,99.9,72,68.1,175,12/10/24 0:00
83,Rhode Island,A10,9.24,110.7,86,101.5,95,71.8,26,12/10/24 0:00
84,UCF,B12,9.22,108.4,127,99.2,60,69.8,85,12/10/24 0:00
85,Oklahoma St.,B12,9.02,110.7,85,101.7,98,72.2,19,12/10/24 0:00
86,St. Bonaventure,A10,8.73,107.2,141,98.5,52,65.3,306,12/10/24 0:00
87,UC San Diego,BW,8.71,111,79,102.3,107,66.7,249,12/10/24 0:00
88,Santa Clara,WCC,8.65,110.4,91,101.8,99,68.4,155,12/10/24 0:00
89,Georgetown,BE,8.57,108.7,123,100.1,75,69.5,104,12/10/24 0:00
90,Wichita St.,Amer,8.55,109,117,100.4,84,71.4,33,12/10/24 0:00
91,TCU,B12,8.47,106.2,158,97.7,42,68.7,142,12/10/24 0:00
92,Grand Canyon,WAC,7.93,110.1,96,102.2,105,71.8,27,12/10/24 0:00
93,USC,B10,7.83,109.8,101,102,101,67.4,219,12/10/24 0:00
94,Saint Joseph's,A10,7.69,109.1,114,101.4,94,69.6,101,12/10/24 0:00
95,McNeese,Slnd,7.68,110.7,87,103,117,65.7,290,12/10/24 0:00
96,Lipscomb,ASun,7.23,108.3,128,101,90,67.6,207,12/10/24 0:00
97,DePaul,BE,7.21,110.4,92,103.2,121,67.8,200,12/10/24 0:00
98,Yale,Ivy,6.99,113.2,57,106.2,177,67.8,203,12/10/24 0:00
99,Florida Atlantic,Amer,6.92,113.6,53,106.7,190,71.2,40,12/10/24 0:00
100,Miami FL,ACC,6.79,116.5,27,109.7,262,65.8,288,12/10/24 0:00
101,Murray St.,MVC,6.63,109.8,100,103.2,120,65.2,312,12/10/24 0:00
102,Louisiana Tech,CUSA,6.47,109,116,102.5,111,66.3,267,12/10/24 0:00
103,Georgia Tech,ACC,6.39,108,131,101.6,97,70.5,59,12/10/24 0:00
104,Syracuse,ACC,6.31,110.8,84,104.5,143,70.4,64,12/10/24 0:00
105,Washington,B10,6.29,106.1,162,99.8,69,68.5,151,12/10/24 0:00
106,Colorado St.,MWC,6.23,105.7,169,99.5,64,68.1,176,12/10/24 0:00
107,Princeton,Ivy,6.08,112.1,64,106,175,67.5,212,12/10/24 0:00
108,Virginia,ACC,6.06,104.9,184,98.9,55,61.7,363,12/10/24 0:00
109,Wake Forest,ACC,6,103.9,204,97.9,45,66.7,247,12/10/24 0:00
110,Northern Iowa,MVC,5.8,109.8,99,104,131,65.3,307,12/10/24 0:00
111,Arkansas St.,SB,5.71,105.5,171,99.8,68,70.5,58,12/10/24 0:00
112,UNLV,MWC,5.35,110.3,93,105,151,66.2,276,12/10/24 0:00
113,Western Kentucky,CUSA,5.09,104.8,186,99.7,67,72.6,11,12/10/24 0:00
114,Minnesota,B10,5.02,106.1,160,101.1,91,62.4,362,12/10/24 0:00
115,Samford,SC,4.97,113.9,52,108.9,242,72,23,12/10/24 0:00
116,Kent St.,MAC,4.38,103.4,218,99,57,64.6,332,12/10/24 0:00
117,South Dakota St.,Sum,4.36,107.2,143,102.8,115,69.9,81,12/10/24 0:00
118,Furman,SC,4.28,105.3,174,101,89,66.5,258,12/10/24 0:00
119,California,ACC,3.86,111.5,71,107.6,212,69.9,79,12/10/24 0:00
120,Troy,SB,3.57,106.2,157,102.6,112,68.3,160,12/10/24 0:00
,,,,,Strength of Schedule,NCSOS,,,,12/10/24 0:00
Rk,Team,Conf,NetRtg,ORtg,DRtg,AdjT,Luck,NetRtg,ORtg,12/10/24 0:00
121,Akron,MAC,3.51,111.5,72,107.9,222,69.2,125,12/10/24 0:00
122,Davidson,A10,3.49,109.7,107,106.3,178,67.9,190,12/10/24 0:00
123,Texas St.,SB,3.34,107.5,138,104.2,133,65.6,295,12/10/24 0:00
124,UC Santa Barbara,BW,3.16,109.5,110,106.3,179,65.5,299,12/10/24 0:00
125,UMass Lowell,AE,2.98,110.7,88,107.7,214,72.3,17,12/10/24 0:00
126,James Madison,SB,2.95,108.4,125,105.5,161,66.3,270,12/10/24 0:00
127,High Point,BSth,2.75,113.6,54,110.8,288,65.2,316,12/10/24 0:00
128,Sam Houston St.,CUSA,2.68,111,80,108.3,229,69.2,122,12/10/24 0:00
129,East Tennessee St.,SC,2.67,109.1,115,106.4,180,67.9,196,12/10/24 0:00
130,Montana St.,BSky,2.63,108.1,129,105.5,160,66.2,275,12/10/24 0:00
131,Wright St.,Horz,2.5,109.8,103,107.3,202,67.3,224,12/10/24 0:00
132,UAB,Amer,2.47,111.6,67,109.1,249,69.7,95,12/10/24 0:00
133,St. Thomas,Sum,2.41,110.5,90,108.1,224,68.3,165,12/10/24 0:00
134,Cornell,Ivy,2.41,111,78,108.6,238,71.4,34,12/10/24 0:00
135,Seattle,WAC,2.35,107.8,133,105.5,164,66.7,246,12/10/24 0:00
136,Middle Tennessee,CUSA,2.3,106.7,152,104.4,138,68.5,149,12/10/24 0:00
137,Purdue Fort Wayne,Horz,2.02,111.5,69,109.5,257,69.2,121,12/10/24 0:00
138,UNC Wilmington,CAA,2.02,106.7,151,104.7,146,67.5,216,12/10/24 0:00
139,UNC Greensboro,SC,1.93,103.9,206,102,102,64.5,333,12/10/24 0:00
140,Temple,Amer,1.85,108.7,120,106.9,193,69,130,12/10/24 0:00
141,Seton Hall,BE,1.68,98.8,308,97.1,32,62.9,359,12/10/24 0:00
142,Belmont,MVC,1.66,110.2,94,108.6,235,71.1,43,12/10/24 0:00
143,Charleston,CAA,1.38,106.9,147,105.5,162,70.1,71,12/10/24 0:00
144,Hofstra,CAA,1.3,104.3,196,103,116,65.2,311,12/10/24 0:00
145,Elon,CAA,1.19,106.7,150,105.5,166,65.8,287,12/10/24 0:00
146,South Florida,Amer,1.06,106.8,148,105.8,173,69.4,113,12/10/24 0:00
147,George Washington,A10,1.04,106.6,155,105.5,167,69.3,115,12/10/24 0:00
148,East Carolina,Amer,1.02,106.8,149,105.8,172,64.7,330,12/10/24 0:00
149,Saint Louis,A10,0.98,109.4,112,108.4,231,69.4,109,12/10/24 0:00
150,Wofford,SC,0.97,110.1,95,109.1,250,65.1,319,12/10/24 0:00
151,UTEP,CUSA,0.97,103.7,210,102.7,114,69.6,99,12/10/24 0:00
152,Northeastern,CAA,0.91,104.1,202,103.2,119,68.5,150,12/10/24 0:00
153,Virginia Tech,ACC,0.91,103.4,222,102.4,110,65.4,302,12/10/24 0:00
154,Boston College,ACC,0.79,105.3,176,104.5,142,67.1,233,12/10/24 0:00
155,La Salle,A10,0.76,105.2,178,104.5,140,70.9,46,12/10/24 0:00
156,CSUN,BW,0.61,104.6,191,104,130,72.6,12,12/10/24 0:00
157,Loyola Marymount,WCC,0.08,104.6,189,104.5,144,67.6,209,12/10/24 0:00
158,Columbia,Ivy,0.04,109.7,108,109.6,260,68.6,145,12/10/24 0:00
159,Appalachian St.,SB,-0.09,103.4,217,103.5,122,64.5,334,12/10/24 0:00
160,Ohio,MAC,-0.21,109.8,106,110,269,69.8,82,12/10/24 0:00
,,,,,Strength of Schedule,NCSOS,,,,12/10/24 0:00
Rk,Team,Conf,NetRtg,ORtg,DRtg,AdjT,Luck,NetRtg,ORtg,12/10/24 0:00
161,Kennesaw St.,CUSA,-0.41,105.3,175,105.7,171,71.7,28,12/10/24 0:00
162,Milwaukee,Horz,-0.49,107.8,136,108.3,227,68.4,154,12/10/24 0:00
163,North Dakota St.,Sum,-0.54,110.9,83,111.4,298,64.8,328,12/10/24 0:00
164,Radford,BSth,-0.63,107.2,142,107.8,217,65,322,12/10/24 0:00
165,Norfolk St.,MEAC,-0.67,107.1,146,107.8,215,65.7,289,12/10/24 0:00
166,Winthrop,BSth,-0.73,105.8,168,106.5,185,72.4,15,12/10/24 0:00
167,Northern Colorado,BSky,-0.78,107.3,140,108,223,70.9,45,12/10/24 0:00
168,Florida Gulf Coast,ASun,-0.78,105.6,170,106.4,181,64.4,338,12/10/24 0:00
169,Rice,Amer,-0.83,103.4,219,104.2,134,66,279,12/10/24 0:00
170,Texas A&M Corpus Chris,Slnd,-0.85,106.3,156,107.1,199,69.9,76,12/10/24 0:00
171,Jacksonville,ASun,-0.97,103.9,205,104.9,149,68.6,148,12/10/24 0:00
172,Miami OH,MAC,-0.99,104.2,198,105.2,156,68.3,161,12/10/24 0:00
173,Marshall,SB,-1.13,104.4,194,105.5,165,70.5,60,12/10/24 0:00
174,Jacksonville St.,CUSA,-1.2,107.7,137,108.9,246,66.3,264,12/10/24 0:00
175,North Florida,ASun,-1.33,110.9,82,112.2,314,70.5,61,12/10/24 0:00
176,Cal Baptist,WAC,-1.34,107.9,132,109.3,253,65.5,297,12/10/24 0:00
177,Illinois St.,MVC,-1.36,107.1,144,108.5,232,66.3,269,12/10/24 0:00
178,UT Arlington,WAC,-1.41,108.5,124,109.9,268,71.1,42,12/10/24 0:00
179,Bryant,AE,-1.44,105.1,182,106.5,184,73.2,6,12/10/24 0:00
180,Southern Illinois,MVC,-1.46,102.6,234,104.1,132,70.3,66,12/10/24 0:00
181,UC Riverside,BW,-1.52,104.6,188,106.2,176,68,184,12/10/24 0:00
182,UC Davis,BW,-1.62,98.8,310,100.4,82,71.5,30,12/10/24 0:00
183,Oakland,Horz,-1.63,103.1,227,104.8,148,63.2,357,12/10/24 0:00
184,Abilene Christian,WAC,-1.74,104.7,187,106.4,182,67.6,208,12/10/24 0:00
185,Montana,BSky,-1.89,106,166,107.9,219,69.3,118,12/10/24 0:00
186,Central Michigan,MAC,-1.99,102.3,240,104.3,136,68.1,178,12/10/24 0:00
187,Southern Utah,WAC,-2.11,106.1,159,108.2,225,68.8,134,12/10/24 0:00
188,Towson,CAA,-2.11,102.1,243,104.2,135,64.4,339,12/10/24 0:00
189,New Mexico St.,CUSA,-2.29,102.8,231,105.1,154,67,235,12/10/24 0:00
190,UNC Asheville,BSth,-2.29,107.1,145,109.4,255,67.1,232,12/10/24 0:00
191,Brown,Ivy,-2.32,106.6,154,108.9,245,65.2,315,12/10/24 0:00
192,Missouri St.,MVC,-2.32,102,247,104.3,137,66.2,274,12/10/24 0:00
193,Vermont,AE,-2.34,99.8,288,102.1,103,63.6,356,12/10/24 0:00
194,Wyoming,MWC,-2.39,103.3,223,105.7,170,66,284,12/10/24 0:00
195,North Alabama,ASun,-2.52,105,183,107.5,209,68,185,12/10/24 0:00
196,Utah Valley,WAC,-2.58,102.9,230,105.5,163,69.7,93,12/10/24 0:00
197,Drexel,CAA,-2.59,104.1,200,106.7,189,64.2,345,12/10/24 0:00
198,Merrimack,MAAC,-2.64,99.5,296,102.2,106,65.2,310,12/10/24 0:00
199,Fordham,A10,-2.66,103,228,105.6,169,70.6,56,12/10/24 0:00
200,Indiana St.,MVC,-2.67,108.7,121,111.4,297,72.8,9,12/10/24 0:00
,,,,,Strength of Schedule,NCSOS,,,,12/10/24 0:00
Rk,Team,Conf,NetRtg,ORtg,DRtg,AdjT,Luck,NetRtg,ORtg,12/10/24 0:00
201,Hawaii,BW,-2.68,104.4,195,107.1,196,66.3,268,12/10/24 0:00
202,Chattanooga,SC,-2.75,107.4,139,110.2,274,68.1,181,12/10/24 0:00
203,South Alabama,SB,-2.83,103.8,207,106.6,186,64.9,323,12/10/24 0:00
204,Longwood,BSth,-2.92,102.7,232,105.6,168,68.8,135,12/10/24 0:00
205,Little Rock,OVC,-3.09,100.5,273,103.6,124,68.3,162,12/10/24 0:00
206,Massachusetts,A10,-3.21,103.9,203,107.2,201,70.9,48,12/10/24 0:00
207,Richmond,A10,-3.39,101.5,251,104.9,150,66.7,245,12/10/24 0:00
208,Charlotte,Amer,-3.48,105.3,177,108.7,240,64.1,350,12/10/24 0:00
209,Toledo,MAC,-3.58,108.7,122,112.3,317,69.8,92,12/10/24 0:00
210,Eastern Kentucky,ASun,-3.65,106.6,153,110.3,276,68,189,12/10/24 0:00
211,San Jose St.,MWC,-4.07,105.5,173,109.5,259,64.7,331,12/10/24 0:00
212,Lamar,Slnd,-4.14,102.5,237,106.7,188,67.3,227,12/10/24 0:00
213,William & Mary,CAA,-4.14,107.8,134,112,308,71.9,24,12/10/24 0:00
214,Central Connecticut,NEC,-4.15,98.8,306,103,118,65.4,303,12/10/24 0:00
215,Duquesne,A10,-4.52,100.5,274,105,153,66.8,243,12/10/24 0:00
216,Youngstown St.,Horz,-4.69,97.1,328,101.8,100,68.9,133,12/10/24 0:00
217,Maine,AE,-4.78,98.9,305,103.7,126,68.4,159,12/10/24 0:00
218,Northern Kentucky,Horz,-4.79,100.3,277,105.1,155,66.6,254,12/10/24 0:00
219,Weber St.,BSky,-4.79,104.3,197,109.1,248,66.9,239,12/10/24 0:00
220,Southeastern Louisiana,Slnd,-4.81,98.8,309,103.6,123,68.8,139,12/10/24 0:00
221,Southern,SWAC,-4.87,99.8,289,104.6,145,68,183,12/10/24 0:00
222,Cal Poly,BW,-4.9,103.7,211,108.6,234,74.8,1,12/10/24 0:00
223,Stephen F. Austin,Slnd,-5,95.2,350,100.2,79,65.6,296,12/10/24 0:00
224,Georgia Southern,SB,-5.06,100.4,276,105.5,159,72.5,13,12/10/24 0:00
225,Gardner Webb,BSth,-5.17,102.5,238,107.7,213,69.8,83,12/10/24 0:00
226,American,PL,-5.22,104.6,192,109.8,265,63.7,355,12/10/24 0:00
227,Saint Peter's,MAAC,-5.26,100.5,272,105.8,174,63.1,358,12/10/24 0:00
228,Tulane,Amer,-5.28,103.3,224,108.5,233,68.1,179,12/10/24 0:00
229,Cleveland St.,Horz,-5.29,98.6,313,103.9,128,67.3,226,12/10/24 0:00
230,Mercer,SC,-5.32,105.2,180,110.5,280,70.7,55,12/10/24 0:00
231,Albany,AE,-5.36,103.5,214,108.9,243,69.6,100,12/10/24 0:00
232,Idaho St.,BSky,-5.39,102.5,235,107.9,221,64.8,329,12/10/24 0:00
233,Delaware,CAA,-5.64,106,164,111.7,303,70.8,54,12/10/24 0:00
234,Georgia St.,SB,-5.67,103.6,213,109.2,252,69.2,119,12/10/24 0:00
235,Quinnipiac,MAAC,-5.88,101.1,255,106.9,194,69.8,84,12/10/24 0:00
236,Nicholls,Slnd,-5.93,100.9,264,106.8,192,67.9,191,12/10/24 0:00
237,Presbyterian,BSth,-5.94,103,229,108.9,244,65.9,286,12/10/24 0:00
238,Southern Miss,SB,-6,101,257,107,195,71,44,12/10/24 0:00
239,UTSA,Amer,-6,103.7,208,109.7,261,70.9,49,12/10/24 0:00
240,Marist,MAAC,-6.15,101.6,248,107.8,216,64.9,325,12/10/24 0:00
,,,,,Strength of Schedule,NCSOS,,,,12/10/24 0:00
Rk,Team,Conf,NetRtg,ORtg,DRtg,AdjT,Luck,NetRtg,ORtg,12/10/24 0:00
241,South Dakota,Sum,-6.19,109.6,109,115.8,354,73.2,7,12/10/24 0:00
242,UT Rio Grande Valley,Slnd,-6.21,104.6,190,110.8,286,70.8,51,12/10/24 0:00
243,Pepperdine,WCC,-6.37,101,258,107.4,206,69,132,12/10/24 0:00
244,Valparaiso,MVC,-6.4,105.1,181,111.5,302,68.1,173,12/10/24 0:00
245,UMBC,AE,-6.51,105.2,179,111.7,306,72.1,22,12/10/24 0:00
246,Illinois Chicago,MVC,-6.6,103.5,216,110.1,272,70.1,70,12/10/24 0:00
247,Tulsa,Amer,-6.61,100.7,268,107.3,205,68.2,168,12/10/24 0:00
248,Boston University,PL,-7.01,101.2,253,108.2,226,64.4,341,12/10/24 0:00
249,Mount St. Mary's,MAAC,-7.02,100.5,271,107.6,210,67.9,193,12/10/24 0:00
250,Austin Peay,ASun,-7.08,97.7,324,104.8,147,63.7,354,12/10/24 0:00
251,Evansville,MVC,-7.13,102,245,109.2,251,68.4,156,12/10/24 0:00
252,Lafayette,PL,-7.17,100,282,107.1,200,66.5,259,12/10/24 0:00
253,Eastern Washington,BSky,-7.19,106,165,113.2,332,68.2,171,12/10/24 0:00
254,Cal St. Bakersfield,BW,-7.21,102.3,241,109.5,256,65.1,318,12/10/24 0:00
255,FIU,CUSA,-7.23,98.1,318,105.3,157,70,75,12/10/24 0:00
256,Bucknell,PL,-7.28,97.7,322,105,152,68,187,12/10/24 0:00
257,Robert Morris,Horz,-7.3,97.1,326,104.4,139,69.5,102,12/10/24 0:00
258,Lehigh,PL,-7.31,106.1,163,113.4,334,67.2,228,12/10/24 0:00
259,Alabama St.,SWAC,-7.48,102.5,236,110,270,70,74,12/10/24 0:00
260,Bowling Green,MAC,-7.49,103.4,221,110.8,289,69.4,107,12/10/24 0:00
261,SIUE,OVC,-7.49,100,283,107.4,208,66.6,256,12/10/24 0:00
262,Northwestern St.,Slnd,-7.55,100.3,278,107.8,218,65.5,301,12/10/24 0:00
263,Grambling St.,SWAC,-7.62,99.5,298,107.1,198,67.8,202,12/10/24 0:00
264,South Carolina St.,MEAC,-7.68,99.9,285,107.6,211,68.3,163,12/10/24 0:00
265,Hampton,CAA,-7.77,101.2,252,109,247,65.3,308,12/10/24 0:00
266,Pacific,WCC,-7.8,99.5,297,107.3,203,68,186,12/10/24 0:00
267,Harvard,Ivy,-7.97,99.3,302,107.3,204,67.6,211,12/10/24 0:00
268,Portland St.,BSky,-8.01,104.1,201,112.1,310,70.3,67,12/10/24 0:00
269,Howard,MEAC,-8.11,104.1,199,112.3,316,67.5,214,12/10/24 0:00
270,Siena,MAAC,-8.19,99.7,290,107.9,220,64.4,340,12/10/24 0:00
271,Coastal Carolina,SB,-8.43,100.4,275,108.9,241,64.1,347,12/10/24 0:00
272,Iona,MAAC,-8.45,98.2,316,106.6,187,69.4,114,12/10/24 0:00
273,Colgate,PL,-8.47,101.6,249,110.1,273,66.2,277,12/10/24 0:00
274,Fresno St.,MWC,-8.47,96,342,104.5,141,74.7,2,12/10/24 0:00
275,Rider,MAAC,-8.59,100.9,262,109.5,258,64.4,336,12/10/24 0:00
276,Western Michigan,MAC,-8.63,102.7,233,111.3,294,66.5,260,12/10/24 0:00
277,Northern Arizona,BSky,-8.65,103.7,209,112.3,319,66.9,242,12/10/24 0:00
278,Idaho,BSky,-9,106.1,161,115.1,349,65.5,300,12/10/24 0:00
279,Southern Indiana,OVC,-9.08,101.6,250,110.7,281,66.7,250,12/10/24 0:00
280,Sacred Heart,MAAC,-9.11,102.3,239,111.5,299,69.4,112,12/10/24 0:00
,,,,,Strength of Schedule,NCSOS,,,,12/10/24 0:00
Rk,Team,Conf,NetRtg,ORtg,DRtg,AdjT,Luck,NetRtg,ORtg,12/10/24 0:00
281,North Carolina Central,MEAC,-9.12,103.5,215,112.6,321,67,236,12/10/24 0:00
282,Army,PL,-9.23,104.9,185,114.2,341,66.6,251,12/10/24 0:00
283,Louisiana,SB,-9.36,104.6,193,113.9,338,68.6,146,12/10/24 0:00
284,North Dakota,Sum,-9.37,103.6,212,113,327,68,182,12/10/24 0:00
285,Campbell,CAA,-9.43,97,329,106.5,183,66.9,241,12/10/24 0:00
286,Queens,ASun,-9.65,100.1,280,109.7,263,70.3,65,12/10/24 0:00
287,Incarnate Word,Slnd,-9.66,105.5,172,115.1,350,66.6,257,12/10/24 0:00
288,Air Force,MWC,-9.81,100.9,261,110.8,285,62.7,361,12/10/24 0:00
289,Bethune Cookman,SWAC,-9.87,96.9,331,106.8,191,69.8,88,12/10/24 0:00
290,Kansas City,Sum,-9.88,98.7,311,108.6,237,67.5,213,12/10/24 0:00
291,San Diego,WCC,-9.95,93.9,357,103.8,127,72.9,8,12/10/24 0:00
292,Morehead St.,OVC,-10.35,100.8,267,111.1,292,67.4,217,12/10/24 0:00
293,Charleston Southern,BSth,-10.35,100.9,266,111.2,293,69.2,124,12/10/24 0:00
294,Nebraska Omaha,Sum,-10.38,100.9,260,111.3,295,67.8,204,12/10/24 0:00
295,Utah Tech,WAC,-10.63,99.7,291,110.4,278,68.1,180,12/10/24 0:00
296,Ball St.,MAC,-10.64,99.4,300,110,271,67.3,221,12/10/24 0:00
297,Southeast Missouri,OVC,-10.65,96.4,338,107.1,197,70.8,53,12/10/24 0:00
298,Monmouth,CAA,-10.73,101,256,111.7,305,68.1,174,12/10/24 0:00
299,Detroit Mercy,Horz,-10.84,99.9,286,110.7,284,67.5,215,12/10/24 0:00
300,Oral Roberts,Sum,-10.93,103.2,225,114.2,342,69.1,126,12/10/24 0:00
301,Fairfield,MAAC,-11.09,103.2,226,114.3,343,66.9,237,12/10/24 0:00
302,Eastern Michigan,MAC,-11.11,99.3,303,110.4,279,67.3,223,12/10/24 0:00
303,Texas Southern,SWAC,-11.28,98.6,312,109.9,266,69.1,127,12/10/24 0:00
304,Portland,WCC,-11.5,98.8,307,110.3,277,70,73,12/10/24 0:00
305,Long Beach St.,BW,-11.51,99.6,294,111.1,291,65.3,304,12/10/24 0:00
306,North Carolina A&T,CAA,-11.54,100.5,270,112.1,311,72.6,10,12/10/24 0:00
307,Manhattan,MAAC,-11.55,102,246,113.5,335,69.7,97,12/10/24 0:00
308,Western Carolina,SC,-11.56,97,330,108.6,236,71.2,38,12/10/24 0:00
309,Penn,Ivy,-11.82,101,259,112.8,323,65.1,320,12/10/24 0:00
310,Wagner,NEC,-11.84,93.5,358,105.3,158,61,364,12/10/24 0:00
311,Jackson St.,SWAC,-11.88,96.5,337,108.3,230,69.7,96,12/10/24 0:00
312,Cal St. Fullerton,BW,-11.99,96.3,341,108.3,228,65.7,291,12/10/24 0:00
313,Green Bay,Horz,-12.16,103.4,220,115.5,351,70.6,57,12/10/24 0:00
314,Navy,PL,-12.17,100.9,265,113,328,68.8,138,12/10/24 0:00
315,Denver,Sum,-12.36,99.8,287,112.2,312,67.9,194,12/10/24 0:00
316,Binghamton,AE,-12.4,99.7,293,112.1,309,64.9,324,12/10/24 0:00
317,Tarleton St.,WAC,-12.48,94.9,354,107.4,207,66.3,265,12/10/24 0:00
318,Tennessee St.,OVC,-12.71,99.5,295,112.2,315,71.6,29,12/10/24 0:00
319,Loyola MD,PL,-12.9,97.8,320,110.7,283,67.3,225,12/10/24 0:00
320,Stonehill,NEC,-12.94,97.8,321,110.7,282,66.1,278,12/10/24 0:00
,,,,,Strength of Schedule,NCSOS,,,,12/10/24 0:00
Rk,Team,Conf,NetRtg,ORtg,DRtg,AdjT,Luck,NetRtg,ORtg,12/10/24 0:00
321,Saint Francis,NEC,-13.17,98.3,315,111.5,301,68.7,140,12/10/24 0:00
322,Dartmouth,Ivy,-13.24,95.4,348,108.7,239,70.2,69,12/10/24 0:00
323,Buffalo,MAC,-13.29,99.9,284,113.2,331,69.8,89,12/10/24 0:00
324,Eastern Illinois,OVC,-13.41,95.9,345,109.3,254,66.6,253,12/10/24 0:00
325,Niagara,MAAC,-13.42,100.9,263,114.3,344,64.4,335,12/10/24 0:00
326,Western Illinois,OVC,-13.6,99.3,301,112.9,326,63.9,352,12/10/24 0:00
327,Old Dominion,SB,-13.87,98.3,314,112.2,313,68.6,147,12/10/24 0:00
328,Tennessee Tech,OVC,-14.39,99.7,292,114.1,340,67.8,198,12/10/24 0:00
329,The Citadel,SC,-14.43,96.4,339,110.8,287,65.5,298,12/10/24 0:00
330,Bellarmine,ASun,-14.46,102.1,244,116.5,357,66.9,240,12/10/24 0:00
331,Holy Cross,PL,-14.61,101.1,254,115.7,352,65.3,309,12/10/24 0:00
332,Sacramento St.,BSky,-14.68,95.2,351,109.9,267,65.3,305,12/10/24 0:00
333,Central Arkansas,ASun,-14.78,96.6,336,111.4,296,67.7,206,12/10/24 0:00
334,Tennessee Martin,OVC,-15.14,94.6,355,109.8,264,68.7,141,12/10/24 0:00
335,Stetson,ASun,-15.18,99.4,299,114.6,346,68.7,143,12/10/24 0:00
336,Louisiana Monroe,SB,-15.19,95.8,346,111,290,67.4,218,12/10/24 0:00
337,Stony Brook,CAA,-15.72,96.9,332,112.6,322,68.4,158,12/10/24 0:00
338,LIU,NEC,-15.72,96,344,111.7,304,68.3,166,12/10/24 0:00
339,Le Moyne,NEC,-15.96,96.3,340,112.3,318,69.2,120,12/10/24 0:00
340,USC Upstate,BSth,-16.07,100,281,116,355,72.1,21,12/10/24 0:00
341,VMI,SC,-16.31,97.7,323,114,339,68.3,164,12/10/24 0:00
342,New Orleans,Slnd,-16.34,96.9,334,113.2,329,69.8,90,12/10/24 0:00
343,West Georgia,ASun,-16.67,96.6,335,113.3,333,67.2,229,12/10/24 0:00
344,Fairleigh Dickinson,NEC,-16.69,100.1,279,116.8,358,71.4,32,12/10/24 0:00
345,Florida A&M,SWAC,-16.86,93.3,359,110.2,275,69.4,111,12/10/24 0:00
346,Prairie View A&M,SWAC,-16.97,102.2,242,119.2,363,72.3,16,12/10/24 0:00
347,Delaware St.,MEAC,-17.03,95.8,347,112.8,325,70.5,62,12/10/24 0:00
348,Morgan St.,MEAC,-17.1,97.9,319,115,348,71.3,37,12/10/24 0:00
349,NJIT,AE,-17.38,95.4,349,112.8,324,65.1,321,12/10/24 0:00
350,Northern Illinois,MAC,-17.58,95,353,112.6,320,69.8,91,12/10/24 0:00
351,IU Indy,Horz,-17.6,100.6,269,118.2,362,66,281,12/10/24 0:00
352,Lindenwood,OVC,-18.1,95.1,352,113.2,330,67.8,199,12/10/24 0:00
353,Houston Christian,Slnd,-18.18,98.1,317,116.3,356,66,283,12/10/24 0:00
354,East Texas A&M,Slnd,-18.62,92.9,360,111.5,300,68.4,157,12/10/24 0:00
355,Mercyhurst,NEC,-18.85,96.9,333,115.7,353,64.2,346,12/10/24 0:00
356,Alcorn St.,SWAC,-18.96,96,343,115,347,65.7,293,12/10/24 0:00
357,Alabama A&M,SWAC,-19.85,94,356,113.9,337,71.4,35,12/10/24 0:00
358,Canisius,MAAC,-19.87,97.4,325,117.3,359,66.3,271,12/10/24 0:00
359,Maryland Eastern Shore,MEAC,-20.63,97.1,327,117.7,361,67.8,201,12/10/24 0:00
360,New Hampshire,AE,-21.26,90.6,362,111.8,307,67.9,197,12/10/24 0:00
,,,,,Strength of Schedule,NCSOS,,,,12/10/24 0:00
Rk,Team,Conf,NetRtg,ORtg,DRtg,AdjT,Luck,NetRtg,ORtg,12/10/24 0:00
361,Chicago St.,NEC,-21.54,92.3,361,113.8,336,70,72,12/10/24 0:00
362,Arkansas Pine Bluff,SWAC,-22.67,98.9,304,121.6,364,71.4,31,12/10/24 0:00
363,Coppin St.,MEAC,-27.14,87.4,364,114.5,345,66.8,244,12/10/24 0:00
364,Mississippi Valley St.,SWAC,-30.1,87.5,363,117.6,360,64.8,327,12/10/24 0:00
1,Auburn,SEC,32.16,128.1,1,95.9,25,68.3,163,12/11/24 0:00
2,Tennessee,SEC,30.96,119.9,10,89,2,66.4,263,12/11/24 0:00
3,Duke,ACC,30.77,119.5,13,88.7,1,66.4,261,12/11/24 0:00
4,Gonzaga,WCC,29.95,125.5,2,95.5,20,69.4,109,12/11/24 0:00
5,Houston,B12,29.83,119.7,11,89.9,3,62.1,362,12/11/24 0:00
6,Iowa St.,B12,28.3,122,6,93.7,10,69.8,90,12/11/24 0:00
7,Alabama,SEC,25.53,122.9,4,97.3,35,73.5,6,12/11/24 0:00
8,Florida,SEC,25.29,122.1,5,96.8,30,69,132,12/11/24 0:00
9,Kentucky,SEC,24.99,120.9,9,95.9,24,72.2,16,12/11/24 0:00
10,Marquette,BE,24.95,119.1,15,94.1,12,69.3,117,12/11/24 0:00
11,Kansas,B12,23.51,117.2,22,93.7,9,69.7,94,12/11/24 0:00
12,Connecticut,BE,21.96,123.1,3,101.2,92,65.1,315,12/11/24 0:00
13,St. John's,BE,21.93,116.3,30,94.4,14,69.8,86,12/11/24 0:00
14,UCLA,B10,21.88,114.1,48,92.2,4,66.5,255,12/11/24 0:00
15,Illinois,B10,21.87,116.7,25,94.8,17,71.6,30,12/11/24 0:00
16,Baylor,B12,21.86,122,7,100.1,76,65.6,297,12/11/24 0:00
17,Cincinnati,B12,21.8,116.2,31,94.4,15,66,280,12/11/24 0:00
18,Purdue,B10,21.76,121,8,99.2,63,65.2,311,12/11/24 0:00
19,Clemson,ACC,21.65,115.2,40,93.6,6,65.1,317,12/11/24 0:00
20,Maryland,B10,21.63,115.8,36,94.2,13,69.9,84,12/11/24 0:00
21,Oregon,B10,21.48,117.5,20,96.1,26,68.3,164,12/11/24 0:00
22,Michigan St.,B10,21.04,116.3,29,95.3,19,67.9,189,12/11/24 0:00
23,Texas A&M,SEC,20.82,114.7,46,93.9,11,67.2,229,12/11/24 0:00
24,Michigan,B10,20.72,115.5,38,94.8,18,70.1,73,12/11/24 0:00
25,Texas Tech,B12,20.49,118.1,19,97.6,40,66.5,259,12/11/24 0:00
26,Mississippi St.,SEC,20.22,118.8,17,98.5,53,68.5,152,12/11/24 0:00
27,Mississippi,SEC,19.72,119.5,14,99.8,72,67.3,221,12/11/24 0:00
28,Arizona,B12,19.65,117.2,24,97.5,37,72.5,12,12/11/24 0:00
29,Ohio St.,B10,19.63,117.2,21,97.6,39,68.1,173,12/11/24 0:00
30,North Carolina,ACC,19.39,117.2,23,97.8,44,73.6,5,12/11/24 0:00
31,Pittsburgh,ACC,19.34,116.4,27,97.1,32,68.2,168,12/11/24 0:00
32,Dayton,A10,19.21,119.5,12,100.3,78,66.2,272,12/11/24 0:00
33,Penn St.,B10,18.48,116.2,32,97.7,42,71.9,26,12/11/24 0:00
34,Saint Mary's,WCC,18.38,115,43,96.6,29,64.3,341,12/11/24 0:00
35,Wisconsin,B10,17.52,118.3,18,100.8,86,68.1,172,12/11/24 0:00
36,San Diego St.,MWC,17.42,111,81,93.6,7,66.5,256,12/11/24 0:00
37,Georgia,SEC,17.4,113.9,52,96.5,27,67.3,223,12/11/24 0:00
38,Arkansas,SEC,16.62,112.4,61,95.7,21,70.5,58,12/11/24 0:00
39,Indiana,B10,16.62,115,44,98.4,50,71.2,40,12/11/24 0:00
40,Memphis,Amer,16.59,115.8,35,99.2,61,70.2,70,12/11/24 0:00
,,,,,Strength of Schedule,NCSOS,,,,12/11/24 0:00
Rk,Team,Conf,NetRtg,ORtg,DRtg,AdjT,Luck,NetRtg,ORtg,12/11/24 0:00
41,Texas,SEC,16.52,112.4,62,95.8,22,66.9,240,12/11/24 0:00
42,Creighton,BE,16.48,114,49,97.5,38,69.5,105,12/11/24 0:00
43,VCU,A10,16.37,109.8,98,93.5,5,67.6,208,12/11/24 0:00
44,Oklahoma,SEC,16.31,115.5,37,99.2,62,67.7,203,12/11/24 0:00
45,Villanova,BE,16.07,118.8,16,102.7,115,64.3,343,12/11/24 0:00
46,Iowa,B10,15.78,116.1,33,100.3,79,72.1,22,12/11/24 0:00
47,BYU,B12,15.38,116.5,26,101.1,91,68.8,138,12/11/24 0:00
48,West Virginia,B12,15.26,111.7,69,96.5,28,66,285,12/11/24 0:00
49,Utah St.,MWC,14.83,114.6,47,99.8,69,69.5,104,12/11/24 0:00
50,Missouri,SEC,14.65,115.1,42,100.4,81,69.4,113,12/11/24 0:00
51,Arizona St.,B12,14.46,112.6,59,98.2,47,68.7,145,12/11/24 0:00
52,Nevada,MWC,14.42,113.9,51,99.5,66,64.1,349,12/11/24 0:00
53,UC Irvine,BW,14.42,108,129,93.6,8,69.6,102,12/11/24 0:00
54,LSU,SEC,14.36,113.2,55,98.9,55,68.8,137,12/11/24 0:00
55,Boise St.,MWC,14.32,114.8,45,100.5,84,68.4,154,12/11/24 0:00
56,Louisville,ACC,14.25,111.1,79,96.8,31,69,130,12/11/24 0:00
57,SMU,ACC,14.24,116.4,28,102.2,106,69.5,108,12/11/24 0:00
58,San Francisco,WCC,13.99,112,65,98,46,67.2,230,12/11/24 0:00
59,Northwestern,B10,13.77,109.7,105,95.9,23,64.9,325,12/11/24 0:00
60,Vanderbilt,SEC,12.93,115.3,39,102.4,111,70.9,46,12/11/24 0:00
61,Xavier,BE,12.76,112.7,58,99.9,74,69.2,122,12/11/24 0:00
62,Nebraska,B10,12.69,109.9,97,97.2,34,69.8,89,12/11/24 0:00
63,Liberty,CUSA,12.6,110,96,97.4,36,63.6,354,12/11/24 0:00
64,Utah,B12,12.06,111.4,75,99.4,64,70.8,53,12/11/24 0:00
65,Florida St.,ACC,11.79,109.8,102,98,45,70.9,49,12/11/24 0:00
66,South Carolina,SEC,11.6,111.1,78,99.5,68,66.3,264,12/11/24 0:00
67,Bradley,MVC,11.53,115.1,41,103.6,125,66,286,12/11/24 0:00
68,North Texas,Amer,11.22,106,165,94.8,16,64.3,344,12/11/24 0:00
69,Rutgers,B10,11.2,112.4,60,101.2,95,70.4,66,12/11/24 0:00
70,Kansas St.,B12,11.11,110.6,88,99.5,65,69.1,128,12/11/24 0:00
71,Butler,BE,10.87,112.1,64,101.2,94,67.7,202,12/11/24 0:00
72,Oregon St.,WCC,10.84,111.3,76,100.5,83,64.3,339,12/11/24 0:00
73,New Mexico,MWC,10.78,112,66,101.2,93,74.2,3,12/11/24 0:00
74,Washington St.,WCC,10.35,108.9,114,98.6,54,71.2,41,12/11/24 0:00
75,Drake,MVC,10.25,108.6,122,98.3,49,64,350,12/11/24 0:00
76,Providence,BE,10.08,108.4,126,98.4,51,64.2,346,12/11/24 0:00
77,Colorado,B12,9.84,108.8,115,99,58,68,180,12/11/24 0:00
78,George Mason,A10,9.73,107.9,133,98.2,48,66.3,267,12/11/24 0:00
79,Notre Dame,ACC,9.59,111.8,68,102.2,108,65.7,293,12/11/24 0:00
80,N.C. State,ACC,9.46,110.1,95,100.6,85,66.2,268,12/11/24 0:00
,,,,,Strength of Schedule,NCSOS,,,,12/11/24 0:00
Rk,Team,Conf,NetRtg,ORtg,DRtg,AdjT,Luck,NetRtg,ORtg,12/11/24 0:00
81,UCF,B12,9.29,108.5,124,99.2,60,69.8,92,12/11/24 0:00
82,Stanford,ACC,9.18,113.1,57,103.9,129,67,235,12/11/24 0:00
83,Oklahoma St.,B12,9.17,110.9,84,101.7,100,72.2,19,12/11/24 0:00
84,Loyola Chicago,A10,9.15,109.1,112,99.9,73,68.1,174,12/11/24 0:00
85,Santa Clara,WCC,8.79,110.5,90,101.7,99,68.4,153,12/11/24 0:00
86,St. Bonaventure,A10,8.74,107.2,141,98.5,52,65.3,303,12/11/24 0:00
87,UC San Diego,BW,8.69,111,82,102.3,109,66.7,246,12/11/24 0:00
88,Georgetown,BE,8.64,108.7,120,100,75,69.5,107,12/11/24 0:00
89,Wichita St.,Amer,8.64,109.1,111,100.5,82,71.4,38,12/11/24 0:00
90,Rhode Island,A10,8.54,109.3,110,100.8,87,71.9,24,12/11/24 0:00
91,TCU,B12,8.52,106.1,158,97.6,41,68.6,148,12/11/24 0:00
92,Grand Canyon,WAC,7.98,110.2,93,102.2,107,71.7,27,12/11/24 0:00
93,Florida Atlantic,Amer,7.97,113.6,54,105.6,168,71.6,29,12/11/24 0:00
94,USC,B10,7.76,109.7,104,102,102,67.3,218,12/11/24 0:00
95,McNeese,Slnd,7.71,110.7,86,103,117,65.7,291,12/11/24 0:00
96,Lipscomb,ASun,7.31,108.3,127,100.9,88,67.6,209,12/11/24 0:00
97,Miami FL,ACC,7.07,116,34,108.9,244,66,279,12/11/24 0:00
98,Yale,Ivy,6.94,113.2,56,106.3,178,67.8,199,12/11/24 0:00
99,Syracuse,ACC,6.73,112.3,63,105.6,167,70.4,64,12/11/24 0:00
100,Washington,B10,6.67,106.4,156,99.8,70,68.7,142,12/11/24 0:00
101,Murray St.,MVC,6.65,109.8,99,103.2,120,65.2,312,12/11/24 0:00
102,Saint Joseph's,A10,6.59,108.2,128,101.6,97,69.9,77,12/11/24 0:00
103,Louisiana Tech,CUSA,6.49,109,113,102.5,114,66.2,270,12/11/24 0:00
104,Georgia Tech,ACC,6.4,108,132,101.6,96,70.5,60,12/11/24 0:00
105,DePaul,BE,6.38,108.5,123,102.1,103,68.2,170,12/11/24 0:00
106,Colorado St.,MWC,6.23,105.7,169,99.5,67,68.1,176,12/11/24 0:00
107,Virginia,ACC,6.12,105,183,98.9,56,61.7,363,12/11/24 0:00
108,Wake Forest,ACC,6.08,103.9,205,97.8,43,66.7,247,12/11/24 0:00
109,Northern Iowa,MVC,5.8,109.8,100,104,131,65.3,306,12/11/24 0:00
110,Arkansas St.,SB,5.74,105.5,171,99.8,71,70.5,59,12/11/24 0:00
111,Western Kentucky,CUSA,5.64,104.6,191,98.9,57,72.6,9,12/11/24 0:00
112,UNLV,MWC,5.31,110.3,92,105,151,66.2,277,12/11/24 0:00
113,Samford,SC,5.21,114,50,108.8,241,72,23,12/11/24 0:00
114,Minnesota,B10,5.04,106.1,162,101,89,62.4,361,12/11/24 0:00
115,Princeton,Ivy,5.02,111.3,77,106.3,179,67.4,215,12/11/24 0:00
116,Kent St.,MAC,4.32,103.4,218,99.1,59,64.6,330,12/11/24 0:00
117,Furman,SC,4.28,105.4,174,101.1,90,66.5,257,12/11/24 0:00
118,South Dakota St.,Sum,4.2,107,148,102.8,116,69.9,82,12/11/24 0:00
119,Cornell,Ivy,3.68,111.7,70,108,223,71.4,34,12/11/24 0:00
120,Akron,MAC,3.49,111.4,74,108,221,69.2,125,12/11/24 0:00
,,,,,Strength of Schedule,NCSOS,,,,12/11/24 0:00
Rk,Team,Conf,NetRtg,ORtg,DRtg,AdjT,Luck,NetRtg,ORtg,12/11/24 0:00
121,Troy,SB,3.34,105.5,172,102.2,104,67.6,207,12/11/24 0:00
122,Texas St.,SB,3.24,107.5,138,104.2,135,65.6,295,12/11/24 0:00
123,Davidson,A10,3.23,111.5,71,108.3,231,67.1,231,12/11/24 0:00
124,UC Santa Barbara,BW,3.07,109.5,107,106.4,181,65.5,300,12/11/24 0:00
125,UMass Lowell,AE,3.01,110.6,87,107.6,213,72.2,18,12/11/24 0:00
126,James Madison,SB,2.97,108.5,125,105.5,160,66.2,275,12/11/24 0:00
127,High Point,BSth,2.77,113.6,53,110.8,287,65.2,313,12/11/24 0:00
128,Sam Houston St.,CUSA,2.7,111,83,108.3,230,69.2,119,12/11/24 0:00
129,East Tennessee St.,SC,2.67,108.7,118,106,176,68,177,12/11/24 0:00
130,California,ACC,2.64,111.1,80,108.4,236,69.9,80,12/11/24 0:00
131,Montana St.,BSky,2.45,108,130,105.6,166,66.2,276,12/11/24 0:00
132,Charleston,CAA,2.44,107.2,144,104.7,146,70.4,65,12/11/24 0:00
133,Wright St.,Horz,2.41,109.7,103,107.3,202,67.3,217,12/11/24 0:00
134,St. Thomas,Sum,2.4,110.5,89,108.1,227,68.3,166,12/11/24 0:00
135,Seattle,WAC,2.33,107.8,134,105.5,164,66.7,245,12/11/24 0:00
136,UAB,Amer,2.33,111.5,73,109.2,248,69.7,98,12/11/24 0:00
137,Middle Tennessee,CUSA,2.29,106.6,154,104.4,139,68.5,150,12/11/24 0:00
138,UNC Greensboro,SC,2.02,103.8,207,101.8,101,64.6,331,12/11/24 0:00
139,UNC Wilmington,CAA,2.01,106.7,153,104.7,145,67.4,212,12/11/24 0:00
140,Purdue Fort Wayne,Horz,2.01,111.5,72,109.5,257,69.2,121,12/11/24 0:00
141,Temple,Amer,1.92,108.8,117,106.9,193,69,131,12/11/24 0:00
142,Belmont,MVC,1.86,110.3,91,108.5,237,71.1,43,12/11/24 0:00
143,Seton Hall,BE,1.83,98.9,306,97.1,33,62.9,359,12/11/24 0:00
144,Hofstra,CAA,1.32,104.3,198,103,118,65.3,307,12/11/24 0:00
145,Elon,CAA,1.19,106.7,152,105.5,163,65.8,289,12/11/24 0:00
146,North Dakota St.,Sum,1.11,111.9,67,110.8,289,64.4,337,12/11/24 0:00
147,UTEP,CUSA,1.09,103.6,212,102.5,112,69.6,101,12/11/24 0:00
148,South Florida,Amer,1.08,106.9,149,105.8,174,69.3,115,12/11/24 0:00
149,George Washington,A10,1.04,106.6,155,105.5,165,69.3,116,12/11/24 0:00
150,East Carolina,Amer,1.02,106.8,150,105.8,173,64.7,329,12/11/24 0:00
151,Saint Louis,A10,1.02,109.4,108,108.4,234,69.4,110,12/11/24 0:00
152,Wofford,SC,0.94,110.1,94,109.2,249,65.1,318,12/11/24 0:00
153,Northeastern,CAA,0.86,104.1,203,103.2,121,68.5,151,12/11/24 0:00
154,Boston College,ACC,0.81,105.3,176,104.5,140,67.1,232,12/11/24 0:00
155,La Salle,A10,0.78,105.3,177,104.5,141,70.9,50,12/11/24 0:00
156,Virginia Tech,ACC,0.75,103.3,220,102.5,113,65.3,308,12/11/24 0:00
157,CSUN,BW,0.57,104.5,193,104,130,72.6,11,12/11/24 0:00
158,Loyola Marymount,WCC,0.12,104.7,186,104.5,142,67.5,210,12/11/24 0:00
159,Columbia,Ivy,0.02,109.5,106,109.5,259,68.6,147,12/11/24 0:00
160,Appalachian St.,SB,-0.1,103.4,217,103.5,122,64.4,334,12/11/24 0:00
,,,,,Strength of Schedule,NCSOS,,,,12/11/24 0:00
Rk,Team,Conf,NetRtg,ORtg,DRtg,AdjT,Luck,NetRtg,ORtg,12/11/24 0:00
161,Ohio,MAC,-0.25,109.8,101,110,267,69.8,85,12/11/24 0:00
162,Kennesaw St.,CUSA,-0.4,105.3,175,105.7,171,71.7,28,12/11/24 0:00
163,Northern Colorado,BSky,-0.65,107.3,140,108,222,71,45,12/11/24 0:00
164,Norfolk St.,MEAC,-0.68,107.1,147,107.7,214,65.7,290,12/11/24 0:00
165,Florida Gulf Coast,ASun,-0.68,105.7,170,106.4,180,64.3,340,12/11/24 0:00
166,Milwaukee,Horz,-0.7,107.7,137,108.4,233,68.4,155,12/11/24 0:00
167,Radford,BSth,-0.71,107.1,145,107.9,217,65,321,12/11/24 0:00
168,Rice,Amer,-0.82,103.4,219,104.2,132,66,283,12/11/24 0:00
169,Winthrop,BSth,-0.83,105.8,168,106.6,186,72.4,14,12/11/24 0:00
170,Texas A&M Corpus Chris,Slnd,-0.85,106.3,157,107.1,197,69.9,78,12/11/24 0:00
171,Miami OH,MAC,-1.04,104.2,200,105.2,154,68.3,165,12/11/24 0:00
172,Marshall,SB,-1.11,104.4,195,105.5,162,70.5,61,12/11/24 0:00
173,Southern Illinois,MVC,-1.18,102.7,231,103.9,128,70.3,68,12/11/24 0:00
174,Jacksonville St.,CUSA,-1.23,107.7,136,108.9,243,66.3,265,12/11/24 0:00
175,Illinois St.,MVC,-1.23,107.2,143,108.4,235,66.3,266,12/11/24 0:00
176,Brown,Ivy,-1.27,106.1,160,107.4,206,65.2,314,12/11/24 0:00
177,North Florida,ASun,-1.33,110.9,85,112.2,316,70.5,62,12/11/24 0:00
178,Cal Baptist,WAC,-1.34,108,131,109.3,252,65.5,298,12/11/24 0:00
179,Bryant,AE,-1.4,105.2,181,106.6,184,73.2,7,12/11/24 0:00
180,UT Arlington,WAC,-1.47,108.6,121,110,268,71.1,42,12/11/24 0:00
181,UC Riverside,BW,-1.5,104.6,187,106.1,177,68,185,12/11/24 0:00
182,UC Davis,BW,-1.62,98.8,309,100.4,80,71.5,32,12/11/24 0:00
183,Oakland,Horz,-1.63,103.1,223,104.8,148,63.1,358,12/11/24 0:00
184,Montana,BSky,-1.92,106,163,107.9,219,69.2,124,12/11/24 0:00
185,Abilene Christian,WAC,-1.95,104.6,189,106.5,183,67.6,205,12/11/24 0:00
186,Central Michigan,MAC,-1.96,102.3,241,104.2,134,68,179,12/11/24 0:00
187,Jacksonville,ASun,-2.04,102.6,234,104.6,143,69.1,127,12/11/24 0:00
188,Towson,CAA,-2.19,102,245,104.2,133,64.3,338,12/11/24 0:00
189,Southern Utah,WAC,-2.2,105.9,167,108.1,229,68.9,134,12/11/24 0:00
190,Wyoming,MWC,-2.29,103,225,105.3,158,66.5,254,12/11/24 0:00
191,Vermont,AE,-2.29,99.9,286,102.2,105,63.6,355,12/11/24 0:00
192,UNC Asheville,BSth,-2.32,107.1,146,109.4,256,67.1,233,12/11/24 0:00
193,New Mexico St.,CUSA,-2.33,102.8,229,105.1,153,67,234,12/11/24 0:00
194,Utah Valley,WAC,-2.38,103,226,105.4,159,69.8,93,12/11/24 0:00
195,Missouri St.,MVC,-2.43,101.9,247,104.3,136,66.2,271,12/11/24 0:00
196,North Alabama,ASun,-2.5,105,184,107.5,209,68,183,12/11/24 0:00
197,Indiana St.,MVC,-2.57,108.8,116,111.4,298,72.8,8,12/11/24 0:00
198,Hawaii,BW,-2.57,104.3,197,106.9,192,66.4,262,12/11/24 0:00
199,Drexel,CAA,-2.58,104.1,202,106.7,189,64.2,345,12/11/24 0:00
200,Fordham,A10,-2.67,103,227,105.6,169,70.6,55,12/11/24 0:00
,,,,,Strength of Schedule,NCSOS,,,,12/11/24 0:00
Rk,Team,Conf,NetRtg,ORtg,DRtg,AdjT,Luck,NetRtg,ORtg,12/11/24 0:00
201,Chattanooga,SC,-2.79,107.4,139,110.2,273,68,178,12/11/24 0:00
202,South Alabama,SB,-2.8,103.8,208,106.6,185,65,322,12/11/24 0:00
203,Merrimack,MAAC,-2.82,99.5,296,102.3,110,65.3,302,12/11/24 0:00
204,Longwood,BSth,-3.01,102.6,233,105.6,170,68.8,136,12/11/24 0:00
205,Little Rock,OVC,-3.05,100.4,274,103.5,123,68.2,171,12/11/24 0:00
206,Massachusetts,A10,-3.15,104,204,107.1,198,70.9,47,12/11/24 0:00
207,Tulane,Amer,-3.26,104.2,199,107.4,208,67.9,194,12/11/24 0:00
208,Charlotte,Amer,-3.33,107.2,142,110.5,279,63.1,356,12/11/24 0:00
209,Richmond,A10,-3.36,101.4,252,104.7,147,66.8,242,12/11/24 0:00
210,Toledo,MAC,-3.6,108.7,119,112.3,317,69.8,87,12/11/24 0:00
211,Eastern Kentucky,ASun,-3.64,106.7,151,110.4,274,68,181,12/11/24 0:00
212,San Jose St.,MWC,-3.98,105.4,173,109.4,255,64.7,328,12/11/24 0:00
213,Lamar,Slnd,-4.16,102.5,235,106.7,188,67.2,225,12/11/24 0:00
214,Central Connecticut,NEC,-4.18,98.9,307,103.1,119,65.3,304,12/11/24 0:00
215,William & Mary,CAA,-4.36,107.7,135,112.1,309,71.9,25,12/11/24 0:00
216,Youngstown St.,Horz,-4.59,97.1,328,101.7,98,68.9,135,12/11/24 0:00
217,Southeastern Louisiana,Slnd,-4.65,98.9,308,103.5,124,68.7,140,12/11/24 0:00
218,Duquesne,A10,-4.67,100.5,271,105.2,155,66.8,243,12/11/24 0:00
219,Weber St.,BSky,-4.67,104.3,196,109,246,66.9,236,12/11/24 0:00
220,Maine,AE,-4.7,99,303,103.7,126,68.4,157,12/11/24 0:00
221,Northern Kentucky,Horz,-4.72,100.4,276,105.1,152,66.6,252,12/11/24 0:00
222,Southern,SWAC,-4.86,99.8,288,104.6,144,68,187,12/11/24 0:00
223,Stephen F. Austin,Slnd,-4.91,95.3,350,100.2,77,65.6,296,12/11/24 0:00
224,Cal Poly,BW,-5.02,103.6,213,108.6,239,74.8,1,12/11/24 0:00
225,Georgia Southern,SB,-5.14,100.4,277,105.5,161,72.5,13,12/11/24 0:00
226,Saint Peter's,MAAC,-5.19,100.5,270,105.7,172,63.1,357,12/11/24 0:00
227,American,PL,-5.2,104.5,194,109.7,260,63.7,352,12/11/24 0:00
228,Gardner Webb,BSth,-5.27,102.4,239,107.6,211,69.9,79,12/11/24 0:00
229,Cleveland St.,Horz,-5.33,98.5,312,103.9,127,67.2,226,12/11/24 0:00
230,Mercer,SC,-5.47,105.3,179,110.7,282,70.6,56,12/11/24 0:00
231,Idaho St.,BSky,-5.49,102.4,238,107.9,218,64.8,327,12/11/24 0:00
232,Delaware,CAA,-5.62,106,164,111.6,303,70.7,54,12/11/24 0:00
233,Albany,AE,-5.74,104.6,188,110.4,275,69.7,99,12/11/24 0:00
234,Georgia St.,SB,-5.78,103.5,214,109.3,251,69.2,118,12/11/24 0:00
235,Quinnipiac,MAAC,-5.86,101.1,256,106.9,194,69.8,88,12/11/24 0:00
236,Nicholls,Slnd,-5.9,100.9,263,106.8,191,67.9,190,12/11/24 0:00
237,Presbyterian,BSth,-5.95,102.9,228,108.8,242,66,287,12/11/24 0:00
238,UTSA,Amer,-6,103.7,210,109.7,261,70.9,48,12/11/24 0:00
239,South Dakota,Sum,-6.11,109.4,109,115.5,350,73.8,4,12/11/24 0:00
240,Marist,MAAC,-6.13,101.7,249,107.8,215,64.9,324,12/11/24 0:00
,,,,,Strength of Schedule,NCSOS,,,,12/11/24 0:00
Rk,Team,Conf,NetRtg,ORtg,DRtg,AdjT,Luck,NetRtg,ORtg,12/11/24 0:00
241,UT Rio Grande Valley,Slnd,-6.19,104.6,190,110.8,283,70.8,51,12/11/24 0:00
242,Pepperdine,WCC,-6.37,101,257,107.4,205,68.9,133,12/11/24 0:00
243,Valparaiso,MVC,-6.46,105.2,180,111.6,304,68.1,175,12/11/24 0:00
244,UMBC,AE,-6.52,105.3,178,111.8,305,72.1,21,12/11/24 0:00
245,Illinois Chicago,MVC,-6.61,103.4,216,110.1,270,70.1,72,12/11/24 0:00
246,Tulsa,Amer,-6.62,100.7,268,107.3,203,68.2,167,12/11/24 0:00
247,Mount St. Mary's,MAAC,-7.02,100.5,272,107.5,210,67.9,193,12/11/24 0:00
248,Evansville,MVC,-7.08,102.1,243,109.2,250,68.4,156,12/11/24 0:00
249,Boston University,PL,-7.11,100.9,258,108.1,225,64.4,335,12/11/24 0:00
250,Robert Morris,Horz,-7.13,97.2,326,104.3,138,69.5,103,12/11/24 0:00
251,FIU,CUSA,-7.15,98.1,317,105.3,157,69.9,76,12/11/24 0:00
252,Lafayette,PL,-7.15,100,281,107.2,199,66.5,258,12/11/24 0:00
253,Cal St. Bakersfield,BW,-7.16,102.3,242,109.4,254,65.1,316,12/11/24 0:00
254,Austin Peay,ASun,-7.21,97.6,323,104.9,149,63.7,353,12/11/24 0:00
255,Lehigh,PL,-7.23,106.1,159,113.4,334,67.2,227,12/11/24 0:00
256,Bucknell,PL,-7.28,97.7,321,105,150,68,186,12/11/24 0:00
257,SIUE,OVC,-7.47,99.9,284,107.4,207,66.6,251,12/11/24 0:00
258,Northwestern St.,Slnd,-7.51,100.3,278,107.8,216,65.5,299,12/11/24 0:00
259,Eastern Washington,BSky,-7.59,106.1,161,113.7,336,68.3,162,12/11/24 0:00
260,Grambling St.,SWAC,-7.64,99.5,297,107.1,196,67.8,197,12/11/24 0:00
261,South Carolina St.,MEAC,-7.68,100,283,107.6,212,68.2,169,12/11/24 0:00
262,Alabama St.,SWAC,-7.73,102.4,237,110.1,271,70,75,12/11/24 0:00
263,Hampton,CAA,-7.75,101.3,253,109.1,247,65.3,309,12/11/24 0:00
264,Pacific,WCC,-7.75,99.5,295,107.2,200,67.9,191,12/11/24 0:00
265,Bowling Green,MAC,-7.78,103,224,110.8,286,69.5,106,12/11/24 0:00
266,Harvard,Ivy,-7.95,99.3,301,107.3,201,67.6,206,12/11/24 0:00
267,Portland St.,BSky,-8.13,103.9,206,112,307,70.3,67,12/11/24 0:00
268,Howard,MEAC,-8.16,104.1,201,112.3,318,67.5,211,12/11/24 0:00
269,Siena,MAAC,-8.18,99.8,290,107.9,220,64.3,342,12/11/24 0:00
270,Iona,MAAC,-8.34,98.3,315,106.6,187,69.4,111,12/11/24 0:00
271,Colgate,PL,-8.41,101.5,250,109.9,265,66.1,278,12/11/24 0:00
272,Fresno St.,MWC,-8.41,95.9,344,104.3,137,74.7,2,12/11/24 0:00
273,Southern Miss,SB,-8.42,99.6,294,108.1,224,71,44,12/11/24 0:00
274,Coastal Carolina,SB,-8.56,100.4,275,108.9,245,64.1,348,12/11/24 0:00
275,Rider,MAAC,-8.58,100.8,265,109.4,253,64.5,333,12/11/24 0:00
276,Northern Arizona,BSky,-8.62,103.8,209,112.4,319,66.8,241,12/11/24 0:00
277,Western Michigan,MAC,-8.71,102.7,232,111.4,297,66.4,260,12/11/24 0:00
278,Sacred Heart,MAAC,-9.01,102.4,236,111.5,299,69.4,114,12/11/24 0:00
279,Idaho,BSky,-9.07,106,166,115,349,65.6,294,12/11/24 0:00
280,Southern Indiana,OVC,-9.1,101.7,248,110.8,288,66.5,253,12/11/24 0:00
,,,,,Strength of Schedule,NCSOS,,,,12/11/24 0:00
Rk,Team,Conf,NetRtg,ORtg,DRtg,AdjT,Luck,NetRtg,ORtg,12/11/24 0:00
281,Army,PL,-9.12,104.9,185,114,341,66.6,248,12/11/24 0:00
282,North Dakota,Sum,-9.33,103.6,211,113,327,68,182,12/11/24 0:00
283,Louisiana,SB,-9.36,104.6,192,113.9,340,68.7,144,12/11/24 0:00
284,Kansas City,Sum,-9.38,98.7,310,108.1,226,67.2,228,12/11/24 0:00
285,Campbell,CAA,-9.44,97,330,106.5,182,66.9,239,12/11/24 0:00
286,Incarnate Word,Slnd,-9.47,105.1,182,114.6,346,66.2,269,12/11/24 0:00
287,Queens,ASun,-9.68,100.1,280,109.8,262,70.3,69,12/11/24 0:00
288,Bethune Cookman,SWAC,-9.71,97,329,106.8,190,69.8,91,12/11/24 0:00
289,Air Force,MWC,-9.89,100.9,261,110.8,285,62.7,360,12/11/24 0:00
290,Monmouth,CAA,-9.97,101.1,255,111,292,68,188,12/11/24 0:00
291,North Carolina Central,MEAC,-10.08,102.8,230,112.8,324,66.8,244,12/11/24 0:00
292,Charleston Southern,BSth,-10.34,100.8,266,111.1,293,69.2,120,12/11/24 0:00
293,Morehead St.,OVC,-10.36,100.8,267,111.1,294,67.4,214,12/11/24 0:00
294,Nebraska Omaha,Sum,-10.45,100.9,260,111.4,296,67.7,201,12/11/24 0:00
295,Southeast Missouri,OVC,-10.6,96.5,338,107.1,195,70.8,52,12/11/24 0:00
296,Ball St.,MAC,-10.64,99.4,298,110,269,67.3,220,12/11/24 0:00
297,Utah Tech,WAC,-10.65,99.7,291,110.4,278,68,184,12/11/24 0:00
298,Long Beach St.,BW,-10.66,101.4,251,112,308,64.5,332,12/11/24 0:00
299,Detroit Mercy,Horz,-10.9,99.9,285,110.8,290,67.4,213,12/11/24 0:00
300,Oral Roberts,Sum,-10.93,103.2,221,114.2,343,69.1,126,12/11/24 0:00
301,San Diego,WCC,-11.08,94.7,355,105.8,175,72.2,17,12/11/24 0:00
302,Fairfield,MAAC,-11.12,103.2,222,114.3,344,66.9,237,12/11/24 0:00
303,Eastern Michigan,MAC,-11.13,99.2,302,110.4,276,67.3,219,12/11/24 0:00
304,Texas Southern,SWAC,-11.23,98.6,311,109.9,264,69.1,129,12/11/24 0:00
305,Manhattan,MAAC,-11.52,102,246,113.5,335,69.7,100,12/11/24 0:00
306,Western Carolina,SC,-11.57,97,332,108.6,238,71.2,39,12/11/24 0:00
307,North Carolina A&T,CAA,-11.6,100.5,273,112.1,310,72.6,10,12/11/24 0:00
308,Wagner,NEC,-11.64,93.6,358,105.2,156,61,364,12/11/24 0:00
309,Jackson St.,SWAC,-11.79,96.5,337,108.3,232,69.7,97,12/11/24 0:00
310,Penn,Ivy,-11.89,100.9,259,112.8,323,65.1,320,12/11/24 0:00
311,Cal St. Fullerton,BW,-11.92,96.2,341,108.1,228,65.8,288,12/11/24 0:00
312,Green Bay,Horz,-12.11,103.5,215,115.6,351,70.6,57,12/11/24 0:00
313,Portland,WCC,-12.23,98.2,316,110.4,277,69.9,81,12/11/24 0:00
314,Navy,PL,-12.23,100.9,264,113.1,328,68.7,139,12/11/24 0:00
315,Binghamton,AE,-12.41,99.7,293,112.1,311,64.9,323,12/11/24 0:00
316,Denver,Sum,-12.45,99.8,289,112.2,315,67.9,192,12/11/24 0:00
317,Tarleton St.,WAC,-12.48,94.9,354,107.3,204,66.2,274,12/11/24 0:00
318,Loyola MD,PL,-12.76,97.9,319,110.7,280,67.3,222,12/11/24 0:00
319,Stonehill,NEC,-12.86,97.9,320,110.7,281,66,281,12/11/24 0:00
320,Saint Francis,NEC,-13.19,98.3,314,111.5,300,68.7,141,12/11/24 0:00
,,,,,Strength of Schedule,NCSOS,,,,12/11/24 0:00
Rk,Team,Conf,NetRtg,ORtg,DRtg,AdjT,Luck,NetRtg,ORtg,12/11/24 0:00
321,Tennessee St.,OVC,-13.22,98.9,304,112.2,312,71.5,31,12/11/24 0:00
322,Dartmouth,Ivy,-13.26,95.3,349,108.6,240,70.2,71,12/11/24 0:00
323,Buffalo,MAC,-13.39,99.8,287,113.2,332,69.7,96,12/11/24 0:00
324,Niagara,MAAC,-13.47,100.9,262,114.4,345,64.4,336,12/11/24 0:00
325,Western Illinois,OVC,-13.57,99.4,300,113,326,63.9,351,12/11/24 0:00
326,Eastern Illinois,OVC,-13.58,95.9,343,109.5,258,66.6,250,12/11/24 0:00
327,Old Dominion,SB,-13.9,98.3,313,112.2,314,68.6,149,12/11/24 0:00
328,The Citadel,SC,-14.33,96.4,339,110.8,284,65.5,301,12/11/24 0:00
329,Tennessee Tech,OVC,-14.37,99.7,292,114.1,342,67.8,198,12/11/24 0:00
330,Bellarmine,ASun,-14.48,102,244,116.5,357,66.9,238,12/11/24 0:00
331,Holy Cross,PL,-14.54,101.2,254,115.7,352,65.2,310,12/11/24 0:00
332,Central Arkansas,ASun,-14.77,96.6,336,111.3,295,67.7,204,12/11/24 0:00
333,Sacramento St.,BSky,-14.8,95.2,351,110,266,65.3,305,12/11/24 0:00
334,Louisiana Monroe,SB,-15.01,95.9,345,110.9,291,67.4,216,12/11/24 0:00
335,Tennessee Martin,OVC,-15.14,94.7,356,109.8,263,68.6,146,12/11/24 0:00
336,Stetson,ASun,-15.18,99.4,299,114.6,347,68.7,143,12/11/24 0:00
337,Stony Brook,CAA,-15.63,97,331,112.6,321,68.4,160,12/11/24 0:00
338,LIU,NEC,-15.73,95.8,347,111.5,302,68.3,161,12/11/24 0:00
339,Le Moyne,NEC,-15.93,96.3,340,112.2,313,69.2,123,12/11/24 0:00
340,New Orleans,Slnd,-16.16,97,333,113.2,329,69.9,83,12/11/24 0:00
341,USC Upstate,BSth,-16.17,100,282,116.1,355,72.1,20,12/11/24 0:00
342,VMI,SC,-16.32,97.6,324,113.9,338,68.4,159,12/11/24 0:00
343,West Georgia,ASun,-16.57,96.7,335,113.2,331,67.3,224,12/11/24 0:00
344,Fairleigh Dickinson,NEC,-16.65,100.1,279,116.8,358,71.4,37,12/11/24 0:00
345,Florida A&M,SWAC,-16.87,93.3,359,110.2,272,69.4,112,12/11/24 0:00
346,Delaware St.,MEAC,-16.99,95.9,346,112.9,325,70.5,63,12/11/24 0:00
347,Prairie View A&M,SWAC,-17.01,102.3,240,119.3,363,72.3,15,12/11/24 0:00
348,NJIT,AE,-17.45,95.4,348,112.8,322,65.1,319,12/11/24 0:00
349,IU Indy,Horz,-17.57,100.6,269,118.1,362,66,282,12/11/24 0:00
350,Northern Illinois,MAC,-17.6,95,353,112.6,320,69.7,95,12/11/24 0:00
351,Lindenwood,OVC,-18.06,95.1,352,113.2,330,67.8,196,12/11/24 0:00
352,Morgan St.,MEAC,-18.12,97.7,322,115.8,354,71.4,35,12/11/24 0:00
353,Houston Christian,Slnd,-18.18,98.1,318,116.3,356,66,284,12/11/24 0:00
354,East Texas A&M,Slnd,-18.58,92.9,360,111.5,301,68.4,158,12/11/24 0:00
355,Alcorn St.,SWAC,-18.73,96.1,342,114.8,348,65.7,292,12/11/24 0:00
356,Mercyhurst,NEC,-19.01,96.7,334,115.8,353,64.2,347,12/11/24 0:00
357,Canisius,MAAC,-19.81,97.5,325,117.3,359,66.2,273,12/11/24 0:00
358,Alabama A&M,SWAC,-19.9,94,357,113.9,339,71.4,36,12/11/24 0:00
359,Maryland Eastern Shore,MEAC,-20.6,97.1,327,117.7,361,67.8,200,12/11/24 0:00
360,New Hampshire,AE,-21.19,90.7,362,111.8,306,67.9,195,12/11/24 0:00
,,,,,Strength of Schedule,NCSOS,,,,12/11/24 0:00
Rk,Team,Conf,NetRtg,ORtg,DRtg,AdjT,Luck,NetRtg,ORtg,12/11/24 0:00
361,Chicago St.,NEC,-21.54,92.2,361,113.8,337,70,74,12/11/24 0:00
362,Arkansas Pine Bluff,SWAC,-22.65,98.9,305,121.6,364,71.5,33,12/11/24 0:00
363,Coppin St.,MEAC,-25.42,87.9,363,113.4,333,66.6,249,12/11/24 0:00
364,Mississippi Valley St.,SWAC,-30.12,87.5,364,117.6,360,64.8,326,12/11/24 0:00
1,Auburn,SEC,32.2,128,1,95.8,24,68.2,167,12/12/24 0:00
2,Tennessee,SEC,30.9,119.7,10,88.8,2,66.3,266,12/12/24 0:00
3,Duke,ACC,30.65,119.3,14,88.6,1,66.5,255,12/12/24 0:00
4,Gonzaga,WCC,29.75,125.1,2,95.4,19,69.4,109,12/12/24 0:00
5,Houston,B12,29.7,119.4,12,89.7,3,62.1,362,12/12/24 0:00
6,Iowa St.,B12,28.35,121.9,7,93.5,8,69.8,89,12/12/24 0:00
7,Alabama,SEC,25.5,122.7,4,97.2,34,73.5,6,12/12/24 0:00
8,Florida,SEC,25.28,122,6,96.7,31,68.9,132,12/12/24 0:00
9,Marquette,BE,24.93,119,15,94,12,69.3,114,12/12/24 0:00
10,Kentucky,SEC,23.71,120.2,9,96.5,29,72,23,12/12/24 0:00
11,Kansas,B12,23.48,117.1,22,93.6,9,69.7,91,12/12/24 0:00
12,Baylor,B12,22.16,122.2,5,100.1,76,66.1,279,12/12/24 0:00
13,St. John's,BE,22.05,116.6,27,94.6,14,70.1,72,12/12/24 0:00
14,Connecticut,BE,22.01,123,3,101,91,65.1,320,12/12/24 0:00
15,Illinois,B10,21.87,116.5,28,94.7,17,71.5,31,12/12/24 0:00
16,UCLA,B10,21.87,114,50,92.1,4,66.5,253,12/12/24 0:00
17,Purdue,B10,21.73,120.9,8,99.1,63,65.1,317,12/12/24 0:00
18,Cincinnati,B12,21.69,115.9,34,94.2,13,66,283,12/12/24 0:00
19,Maryland,B10,21.55,115.5,36,94,11,69.9,83,12/12/24 0:00
20,Clemson,ACC,21.47,115,41,93.5,7,65.1,316,12/12/24 0:00
21,Oregon,B10,21.38,117.2,20,95.9,25,68.3,162,12/12/24 0:00
22,Michigan St.,B10,21.05,116.2,29,95.1,18,67.9,190,12/12/24 0:00
23,Texas A&M,SEC,20.8,114.6,46,93.8,10,67.1,229,12/12/24 0:00
24,Michigan,B10,20.74,115.4,37,94.6,15,70,74,12/12/24 0:00
25,Texas Tech,B12,20.46,118,19,97.5,40,66.4,259,12/12/24 0:00
26,Pittsburgh,ACC,20.37,116.8,25,96.4,28,68.4,154,12/12/24 0:00
27,Mississippi St.,SEC,20.34,118.8,17,98.4,53,68.4,156,12/12/24 0:00
28,Mississippi,SEC,19.65,119.3,13,99.7,70,67.3,220,12/12/24 0:00
29,Ohio St.,B10,19.64,117.1,21,97.5,38,68.1,174,12/12/24 0:00
30,Arizona,B12,19.64,117,24,97.4,37,72.5,13,12/12/24 0:00
31,North Carolina,ACC,19.39,117.1,23,97.7,44,73.6,5,12/12/24 0:00
32,Dayton,A10,19.21,119.4,11,100.2,78,66.2,270,12/12/24 0:00
33,Penn St.,B10,18.39,116,32,97.6,41,71.9,26,12/12/24 0:00
34,Saint Mary's,WCC,18.38,114.9,43,96.5,30,64.3,341,12/12/24 0:00
35,Wisconsin,B10,17.62,118.2,18,100.6,86,68.1,175,12/12/24 0:00
36,Georgia,SEC,17.36,113.7,51,96.3,26,67.2,223,12/12/24 0:00
37,Arkansas,SEC,16.64,112.2,62,95.6,20,70.4,64,12/12/24 0:00
38,Memphis,Amer,16.6,115.7,35,99.1,61,70.2,71,12/12/24 0:00
39,Texas,SEC,16.58,112.3,60,95.7,22,66.8,241,12/12/24 0:00
40,Indiana,B10,16.54,114.8,44,98.2,50,71.2,39,12/12/24 0:00
,,,,,Strength of Schedule,NCSOS,,,,12/12/24 0:00
Rk,Team,Conf,NetRtg,ORtg,DRtg,AdjT,Luck,NetRtg,ORtg,12/12/24 0:00
41,VCU,A10,16.41,109.6,101,93.2,5,67.6,206,12/12/24 0:00
42,Creighton,BE,16.34,113.7,52,97.3,35,69.5,103,12/12/24 0:00
43,San Diego St.,MWC,16.34,112,64,95.6,21,66.2,269,12/12/24 0:00
44,Oklahoma,SEC,16.22,115.3,38,99.1,62,67.7,204,12/12/24 0:00
45,Iowa,B10,15.77,116,31,100.2,79,72,22,12/12/24 0:00
46,BYU,B12,15.67,116.8,26,101.1,94,68.9,136,12/12/24 0:00
47,West Virginia,B12,15.24,111.6,70,96.3,27,65.9,284,12/12/24 0:00
48,Villanova,BE,15.15,118.9,16,103.8,128,63.9,349,12/12/24 0:00
49,Nevada,MWC,14.89,114.7,45,99.8,74,63.5,355,12/12/24 0:00
50,Utah St.,MWC,14.83,114.4,48,99.6,68,69.5,104,12/12/24 0:00
51,Missouri,SEC,14.61,114.9,42,100.3,82,69.3,115,12/12/24 0:00
52,LSU,SEC,14.51,113.1,55,98.6,55,68.7,138,12/12/24 0:00
53,Arizona St.,B12,14.45,112.5,59,98.1,47,68.6,143,12/12/24 0:00
54,UC Irvine,BW,14.42,107.9,132,93.5,6,69.5,101,12/12/24 0:00
55,SMU,ACC,14.34,116.1,30,101.8,102,69.5,106,12/12/24 0:00
56,Boise St.,MWC,14.28,114.6,47,100.3,81,68.4,153,12/12/24 0:00
57,San Francisco,WCC,13.98,111.9,66,97.9,46,67.1,230,12/12/24 0:00
58,Northwestern,B10,13.76,109.5,105,95.8,23,64.8,325,12/12/24 0:00
59,Louisville,ACC,13.34,111,79,97.6,42,68.9,131,12/12/24 0:00
60,Vanderbilt,SEC,12.99,115.2,39,102.2,109,71,47,12/12/24 0:00
61,Xavier,BE,12.83,112.6,58,99.8,72,69.2,122,12/12/24 0:00
62,Nebraska,B10,12.7,109.8,99,97.1,33,69.8,88,12/12/24 0:00
63,Liberty,CUSA,12.65,110,94,97.3,36,63.6,353,12/12/24 0:00
64,Utah,B12,12.06,111.3,74,99.2,64,70.7,55,12/12/24 0:00
65,Florida St.,ACC,11.8,109.6,103,97.8,45,70.9,49,12/12/24 0:00
66,Bradley,MVC,11.56,115,40,103.5,124,65.9,288,12/12/24 0:00
67,South Carolina,SEC,11.52,111,78,99.4,66,66.3,263,12/12/24 0:00
68,North Texas,Amer,11.21,105.9,162,94.6,16,64.2,342,12/12/24 0:00
69,Rutgers,B10,11.14,112.2,61,101.1,95,70.3,67,12/12/24 0:00
70,Kansas St.,B12,11.1,110.4,88,99.3,65,68.9,130,12/12/24 0:00
71,Butler,BE,10.87,111.9,65,101.1,93,67.7,205,12/12/24 0:00
72,Oregon St.,WCC,10.83,111.2,76,100.4,84,64.3,340,12/12/24 0:00
73,New Mexico,MWC,10.79,111.8,68,101,92,74.1,3,12/12/24 0:00
74,Washington St.,WCC,10.39,108.8,115,98.4,54,71.1,40,12/12/24 0:00
75,Drake,MVC,10.26,108.4,123,98.2,48,64,348,12/12/24 0:00
76,Providence,BE,10.05,108.3,125,98.3,51,64.2,345,12/12/24 0:00
77,Colorado,B12,9.85,108.7,116,98.9,59,68,180,12/12/24 0:00
78,George Mason,A10,9.61,107.8,134,98.2,49,66.2,271,12/12/24 0:00
79,N.C. State,ACC,9.56,109.9,96,100.4,85,66.2,267,12/12/24 0:00
80,UCF,B12,9.39,108.3,127,98.9,58,69.8,90,12/12/24 0:00
,,,,,Strength of Schedule,NCSOS,,,,12/12/24 0:00
Rk,Team,Conf,NetRtg,ORtg,DRtg,AdjT,Luck,NetRtg,ORtg,12/12/24 0:00
81,Stanford,ACC,9.26,113,57,103.8,126,66.9,236,12/12/24 0:00
82,Oklahoma St.,B12,9.14,110.7,85,101.6,100,72.2,18,12/12/24 0:00
83,Loyola Chicago,A10,9.13,108.9,113,99.8,73,68.1,173,12/12/24 0:00
84,Notre Dame,ACC,8.89,111.4,72,102.6,114,65.7,293,12/12/24 0:00
85,Santa Clara,WCC,8.82,110.3,89,101.5,98,68.4,155,12/12/24 0:00
86,St. Bonaventure,A10,8.73,107.1,142,98.4,52,65.2,307,12/12/24 0:00
87,UC San Diego,BW,8.63,110.7,83,102.1,107,66.7,244,12/12/24 0:00
88,Wichita St.,Amer,8.62,109,112,100.3,83,71.3,37,12/12/24 0:00
89,Georgetown,BE,8.6,108.5,121,99.9,75,69.5,105,12/12/24 0:00
90,Rhode Island,A10,8.56,109.2,110,100.7,87,71.9,25,12/12/24 0:00
91,TCU,B12,8.53,106,156,97.5,39,68.5,148,12/12/24 0:00
92,Florida Atlantic,Amer,7.98,113.5,53,105.5,169,71.6,30,12/12/24 0:00
93,Grand Canyon,WAC,7.95,110,93,102.1,106,71.6,29,12/12/24 0:00
94,USC,B10,7.76,109.6,104,101.9,103,67.3,218,12/12/24 0:00
95,McNeese,Slnd,7.69,110.5,86,102.8,115,65.7,292,12/12/24 0:00
96,Lipscomb,ASun,7.18,108.1,129,100.9,88,67.6,208,12/12/24 0:00
97,Miami FL,ACC,7.12,115.9,33,108.8,243,66,280,12/12/24 0:00
98,Yale,Ivy,6.93,113.1,56,106.1,179,67.8,199,12/12/24 0:00
99,Murray St.,MVC,6.83,109.8,98,103,119,65.2,314,12/12/24 0:00
100,Syracuse,ACC,6.78,112.2,63,105.4,167,70.4,63,12/12/24 0:00
101,Washington,B10,6.63,106.3,154,99.7,71,68.7,139,12/12/24 0:00
102,Saint Joseph's,A10,6.51,108,130,101.5,97,69.9,77,12/12/24 0:00
103,Louisiana Tech,CUSA,6.46,108.9,114,102.5,113,66.2,273,12/12/24 0:00
104,Georgia Tech,ACC,6.38,107.8,133,101.5,96,70.5,61,12/12/24 0:00
105,DePaul,BE,6.29,108.3,126,102,105,68.3,163,12/12/24 0:00
106,Colorado St.,MWC,6.13,105.6,168,99.5,67,68,177,12/12/24 0:00
107,Wake Forest,ACC,6.07,103.7,208,97.7,43,66.6,247,12/12/24 0:00
108,Virginia,ACC,6.07,104.8,184,98.7,56,61.6,363,12/12/24 0:00
109,Northern Iowa,MVC,5.88,109.7,100,103.8,129,65.3,303,12/12/24 0:00
110,Arkansas St.,SB,5.74,105.4,172,99.6,69,70.5,60,12/12/24 0:00
111,Western Kentucky,CUSA,5.52,104.3,194,98.8,57,72.6,9,12/12/24 0:00
112,Samford,SC,5.45,114,49,108.6,241,71.9,24,12/12/24 0:00
113,UNLV,MWC,5.32,110.1,92,104.8,151,66.2,277,12/12/24 0:00
114,Minnesota,B10,5.01,106,160,100.9,89,62.4,361,12/12/24 0:00
115,Princeton,Ivy,4.98,111.2,77,106.2,180,67.3,215,12/12/24 0:00
116,Kent St.,MAC,4.37,103.3,217,99,60,64.6,330,12/12/24 0:00
117,Furman,SC,4.28,105.3,175,101,90,66.5,256,12/12/24 0:00
118,South Dakota St.,Sum,3.85,107.4,138,103.5,125,69.4,108,12/12/24 0:00
119,Cornell,Ivy,3.82,111.6,69,107.8,224,71.4,33,12/12/24 0:00
120,Akron,MAC,3.52,111.2,75,107.7,219,69.1,125,12/12/24 0:00
,,,,,Strength of Schedule,NCSOS,,,,12/12/24 0:00
Rk,Team,Conf,NetRtg,ORtg,DRtg,AdjT,Luck,NetRtg,ORtg,12/12/24 0:00
121,Texas St.,SB,3.26,107.3,139,104.1,134,65.6,295,12/12/24 0:00
122,Troy,SB,3.25,105.3,173,102.1,108,67.5,211,12/12/24 0:00
123,Davidson,A10,3.22,111.4,73,108.2,234,67.1,231,12/12/24 0:00
124,UC Santa Barbara,BW,3.14,109.4,107,106.2,181,65.4,299,12/12/24 0:00
125,James Madison,SB,3.01,108.3,124,105.3,162,66.2,276,12/12/24 0:00
126,Sam Houston St.,CUSA,2.85,110.9,81,108,230,69.2,117,12/12/24 0:00
127,High Point,BSth,2.76,113.4,54,110.7,286,65.1,315,12/12/24 0:00
128,Wright St.,Horz,2.7,110,95,107.3,208,67.8,198,12/12/24 0:00
129,California,ACC,2.67,110.9,80,108.3,236,69.9,80,12/12/24 0:00
130,East Tennessee St.,SC,2.6,108.5,119,105.9,177,68,179,12/12/24 0:00
131,Montana St.,BSky,2.47,107.9,131,105.5,168,66.2,274,12/12/24 0:00
132,Charleston,CAA,2.44,107,143,104.6,148,70.4,65,12/12/24 0:00
133,Seattle,WAC,2.44,107.7,135,105.3,160,66.7,245,12/12/24 0:00
134,St. Thomas,Sum,2.43,110.4,87,108,228,68.2,165,12/12/24 0:00
135,UAB,Amer,2.33,111.5,71,109.2,250,69.6,96,12/12/24 0:00
136,Middle Tennessee,CUSA,2.3,106.5,153,104.2,138,68.5,151,12/12/24 0:00
137,UTEP,CUSA,2.27,104.7,186,102.4,112,69.6,99,12/12/24 0:00
138,UMass Lowell,AE,2.15,109,111,106.9,197,72.2,19,12/12/24 0:00
139,UNC Greensboro,SC,2.12,103.7,209,101.6,101,64.5,331,12/12/24 0:00
140,UNC Wilmington,CAA,1.99,106.6,151,104.6,147,67.3,216,12/12/24 0:00
141,Belmont,MVC,1.86,110.2,90,108.3,237,71,43,12/12/24 0:00
142,Temple,Amer,1.83,108.6,118,106.8,191,69,128,12/12/24 0:00
143,Seton Hall,BE,1.79,98.8,304,97,32,62.8,359,12/12/24 0:00
144,Hofstra,CAA,1.29,104.1,198,102.8,116,65.2,310,12/12/24 0:00
145,North Dakota St.,Sum,1.24,111.9,67,110.7,284,64.4,337,12/12/24 0:00
146,Elon,CAA,1.22,106.6,150,105.4,163,65.8,291,12/12/24 0:00
147,Wofford,SC,1.16,110.1,91,109,247,65,321,12/12/24 0:00
148,South Florida,Amer,1.07,106.7,149,105.7,172,69.2,124,12/12/24 0:00
149,George Washington,A10,1.02,106.5,152,105.5,170,69.3,116,12/12/24 0:00
150,Northeastern,CAA,0.94,104,204,103,120,68.5,150,12/12/24 0:00
151,Saint Louis,A10,0.93,109.3,108,108.4,238,69.3,111,12/12/24 0:00
152,Virginia Tech,ACC,0.88,103.3,219,102.4,111,65.2,311,12/12/24 0:00
153,Boston College,ACC,0.82,105.2,176,104.3,140,67,234,12/12/24 0:00
154,La Salle,A10,0.77,105.1,177,104.4,141,70.8,51,12/12/24 0:00
155,Milwaukee,Horz,0.64,108.2,128,107.6,215,68.3,161,12/12/24 0:00
156,CSUN,BW,0.58,104.4,190,103.9,131,72.5,11,12/12/24 0:00
157,Purdue Fort Wayne,Horz,0.57,110.7,84,110.1,271,69.2,119,12/12/24 0:00
158,Columbia,Ivy,0.09,109.5,106,109.4,258,68.6,147,12/12/24 0:00
159,Appalachian St.,SB,0.04,103.3,214,103.3,122,64.4,334,12/12/24 0:00
160,Loyola Marymount,WCC,0.01,104.4,191,104.4,143,67.6,207,12/12/24 0:00
,,,,,Strength of Schedule,NCSOS,,,,12/12/24 0:00
Rk,Team,Conf,NetRtg,ORtg,DRtg,AdjT,Luck,NetRtg,ORtg,12/12/24 0:00
161,Ohio,MAC,-0.26,109.6,102,109.9,266,69.8,85,12/12/24 0:00
162,Kennesaw St.,CUSA,-0.33,105.1,180,105.4,166,71.7,28,12/12/24 0:00
163,East Carolina,Amer,-0.36,105.5,170,105.9,176,65.2,312,12/12/24 0:00
164,Cal Baptist,WAC,-0.38,109.9,97,110.3,277,65.3,301,12/12/24 0:00
165,Northern Colorado,BSky,-0.59,107,145,107.6,214,71,44,12/12/24 0:00
166,Florida Gulf Coast,ASun,-0.66,105.6,169,106.2,182,64.3,339,12/12/24 0:00
167,Rice,Amer,-0.7,103.3,215,104.1,132,65.9,287,12/12/24 0:00
168,Radford,BSth,-0.79,107,146,107.8,221,65,322,12/12/24 0:00
169,Winthrop,BSth,-0.81,105.7,167,106.5,188,72.4,14,12/12/24 0:00
170,Texas A&M Corpus Chris,Slnd,-0.84,106,157,106.9,195,69.9,78,12/12/24 0:00
171,Norfolk St.,MEAC,-0.95,107,144,108,227,66.3,262,12/12/24 0:00
172,North Alabama,ASun,-0.98,105,182,106,178,68.4,152,12/12/24 0:00
173,Miami OH,MAC,-0.99,104,201,105,154,68.2,168,12/12/24 0:00
174,Utah Valley,WAC,-1.15,103.2,220,104.4,142,69.5,100,12/12/24 0:00
175,Brown,Ivy,-1.19,106,159,107.2,204,65.2,313,12/12/24 0:00
176,Illinois St.,MVC,-1.23,106.9,148,108.1,232,66.3,264,12/12/24 0:00
177,Southern Illinois,MVC,-1.26,102.5,232,103.8,127,70.3,69,12/12/24 0:00
178,Jacksonville St.,CUSA,-1.32,107.5,137,108.9,245,66.2,268,12/12/24 0:00
179,North Florida,ASun,-1.35,110.8,82,112.1,316,70.4,62,12/12/24 0:00
180,UT Arlington,WAC,-1.42,108.5,122,109.9,265,71,46,12/12/24 0:00
181,UC Riverside,BW,-1.42,104.4,192,105.8,175,67.9,184,12/12/24 0:00
182,Marshall,SB,-1.43,104.3,195,105.8,174,71.1,41,12/12/24 0:00
183,Bryant,AE,-1.48,105.4,171,106.9,196,73.5,7,12/12/24 0:00
184,Oakland,Horz,-1.6,103,223,104.6,149,63,358,12/12/24 0:00
185,UC Davis,BW,-1.63,98.6,307,100.2,80,71.4,34,12/12/24 0:00
186,Abilene Christian,WAC,-1.91,104.5,189,106.4,185,67.5,210,12/12/24 0:00
187,Montana,BSky,-1.95,105.8,165,107.8,222,69.2,120,12/12/24 0:00
188,Central Michigan,MAC,-1.97,102.1,242,104.1,135,68,178,12/12/24 0:00
189,Jacksonville,ASun,-2.02,102.5,234,104.5,144,69.1,126,12/12/24 0:00
190,Towson,CAA,-2.19,101.9,245,104.1,133,64.3,338,12/12/24 0:00
191,Southern Utah,WAC,-2.2,105.8,164,108,231,68.9,135,12/12/24 0:00
192,Vermont,AE,-2.29,99.7,286,102,104,63.6,354,12/12/24 0:00
193,New Mexico St.,CUSA,-2.33,102.7,230,105,155,67,235,12/12/24 0:00
194,UNC Asheville,BSth,-2.34,107,147,109.3,255,67,232,12/12/24 0:00
195,Wyoming,MWC,-2.37,102.9,224,105.3,161,66.5,252,12/12/24 0:00
196,Missouri St.,MVC,-2.47,101.7,248,104.1,136,66.3,265,12/12/24 0:00
197,Fordham,A10,-2.51,102.9,226,105.4,165,70.6,57,12/12/24 0:00
198,Hawaii,BW,-2.57,104.2,196,106.8,192,66.3,261,12/12/24 0:00
199,Indiana St.,MVC,-2.6,108.7,117,111.3,298,72.7,8,12/12/24 0:00
200,Drexel,CAA,-2.61,103.9,206,106.5,189,64.2,344,12/12/24 0:00
,,,,,Strength of Schedule,NCSOS,,,,12/12/24 0:00
Rk,Team,Conf,NetRtg,ORtg,DRtg,AdjT,Luck,NetRtg,ORtg,12/12/24 0:00
201,Chattanooga,SC,-2.82,107.2,140,110.1,269,68,181,12/12/24 0:00
202,South Alabama,SB,-2.83,103.6,211,106.5,186,64.9,323,12/12/24 0:00
203,Merrimack,MAAC,-2.89,99.4,294,102.3,110,65.3,302,12/12/24 0:00
204,Longwood,BSth,-2.89,102.4,235,105.3,159,68.8,137,12/12/24 0:00
205,Little Rock,OVC,-3.06,100.3,275,103.4,123,68.2,169,12/12/24 0:00
206,Charlotte,Amer,-3.26,107.2,141,110.4,278,63.1,357,12/12/24 0:00
207,Massachusetts,A10,-3.28,103.9,205,107.2,203,70.9,50,12/12/24 0:00
208,Richmond,A10,-3.29,101.3,251,104.6,146,66.8,239,12/12/24 0:00
209,Tulane,Amer,-3.3,104.1,197,107.4,210,67.8,197,12/12/24 0:00
210,Toledo,MAC,-3.64,108.5,120,112.2,318,69.7,93,12/12/24 0:00
211,Maine,AE,-3.77,99.1,303,102.9,117,67.9,188,12/12/24 0:00
212,San Jose St.,MWC,-3.89,105.3,174,109.2,252,64.7,329,12/12/24 0:00
213,Lamar,Slnd,-4.13,102.3,238,106.4,184,67.2,226,12/12/24 0:00
214,Central Connecticut,NEC,-4.24,98.8,305,103.1,121,65.3,304,12/12/24 0:00
215,William & Mary,CAA,-4.37,107.6,136,112,311,71.8,27,12/12/24 0:00
216,Youngstown St.,Horz,-4.59,96.9,328,101.5,99,68.9,134,12/12/24 0:00
217,Northern Kentucky,Horz,-4.6,100.3,276,104.9,152,66.5,250,12/12/24 0:00
218,Eastern Kentucky,ASun,-4.65,106.1,155,110.7,288,68.1,172,12/12/24 0:00
219,Weber St.,BSky,-4.74,104.1,199,108.9,246,67,233,12/12/24 0:00
220,Stephen F. Austin,Slnd,-4.86,95.2,349,100.1,77,65.5,297,12/12/24 0:00
221,Southern,SWAC,-4.88,99.6,289,104.5,145,67.9,186,12/12/24 0:00
222,Cal Poly,BW,-5.01,103.5,213,108.5,240,74.7,2,12/12/24 0:00
223,Georgia Southern,SB,-5.13,100.2,278,105.4,164,72.5,12,12/12/24 0:00
224,American,PL,-5.19,104.4,193,109.5,259,63.7,351,12/12/24 0:00
225,Saint Peter's,MAAC,-5.25,100.4,272,105.7,173,63.2,356,12/12/24 0:00
226,Gardner Webb,BSth,-5.28,102.3,237,107.6,213,69.9,81,12/12/24 0:00
227,Cleveland St.,Horz,-5.43,98.4,310,103.8,130,67.2,224,12/12/24 0:00
228,Southeastern Louisiana,Slnd,-5.46,97.5,323,103,118,68.6,142,12/12/24 0:00
229,Mercer,SC,-5.48,105.1,178,110.6,280,70.5,59,12/12/24 0:00
230,Idaho St.,BSky,-5.5,102.3,239,107.8,220,64.7,328,12/12/24 0:00
231,Duquesne,A10,-5.56,99.6,293,105.2,158,66.3,260,12/12/24 0:00
232,Delaware,CAA,-5.66,105.9,161,111.6,305,70.7,56,12/12/24 0:00
233,Albany,AE,-5.67,104.5,187,110.2,273,69.6,98,12/12/24 0:00
234,Georgia St.,SB,-5.84,103.3,216,109.2,251,69.2,118,12/12/24 0:00
235,Quinnipiac,MAAC,-5.87,101,257,106.9,194,69.8,86,12/12/24 0:00
236,Presbyterian,BSth,-5.91,102.8,227,108.7,242,65.9,286,12/12/24 0:00
237,Nicholls,Slnd,-5.91,100.9,260,106.8,193,67.9,189,12/12/24 0:00
238,UTSA,Amer,-6.01,103.5,212,109.6,260,70.9,48,12/12/24 0:00
239,Marist,MAAC,-6.04,101.6,249,107.6,216,64.8,326,12/12/24 0:00
240,South Dakota,Sum,-6.13,109.2,109,115.4,350,73.8,4,12/12/24 0:00
,,,,,Strength of Schedule,NCSOS,,,,12/12/24 0:00
Rk,Team,Conf,NetRtg,ORtg,DRtg,AdjT,Luck,NetRtg,ORtg,12/12/24 0:00
241,UT Rio Grande Valley,Slnd,-6.16,104.5,188,110.7,282,70.8,52,12/12/24 0:00
242,Pepperdine,WCC,-6.38,100.9,262,107.2,206,68.9,133,12/12/24 0:00
243,Valparaiso,MVC,-6.47,105,181,111.5,303,68.1,176,12/12/24 0:00
244,UMBC,AE,-6.54,105.1,179,111.6,306,72.1,21,12/12/24 0:00
245,Illinois Chicago,MVC,-6.67,103.3,218,110,268,70,75,12/12/24 0:00
246,Tulsa,Amer,-6.69,100.6,269,107.3,207,68.1,171,12/12/24 0:00
247,Mount St. Mary's,MAAC,-6.95,100.5,271,107.4,212,67.8,192,12/12/24 0:00
248,Boston University,PL,-7.04,100.9,263,107.9,225,64.4,336,12/12/24 0:00
249,Lafayette,PL,-7.1,100,280,107.1,200,66.5,254,12/12/24 0:00
250,FIU,CUSA,-7.13,98,316,105.1,157,69.9,79,12/12/24 0:00
251,Cal St. Bakersfield,BW,-7.17,102.1,241,109.3,256,65.1,318,12/12/24 0:00
252,Evansville,MVC,-7.19,101.9,244,109.1,249,68.4,157,12/12/24 0:00
253,Austin Peay,ASun,-7.21,97.5,322,104.7,150,63.7,352,12/12/24 0:00
254,Lehigh,PL,-7.22,106,158,113.2,333,67.1,227,12/12/24 0:00
255,Robert Morris,Horz,-7.23,97,326,104.2,139,69.5,102,12/12/24 0:00
256,Colgate,PL,-7.27,102,243,109.2,253,65.8,289,12/12/24 0:00
257,Northwestern St.,Slnd,-7.31,100.4,273,107.7,218,65.4,300,12/12/24 0:00
258,Bucknell,PL,-7.4,97.6,321,105,153,67.9,183,12/12/24 0:00
259,Alabama St.,SWAC,-7.58,104,203,111.6,304,70.1,73,12/12/24 0:00
260,South Carolina St.,MEAC,-7.58,99.8,281,107.4,211,68.1,170,12/12/24 0:00
261,SIUE,OVC,-7.6,99.7,283,107.3,209,66.5,251,12/12/24 0:00
262,Grambling St.,SWAC,-7.64,99.3,297,107,199,67.8,196,12/12/24 0:00
263,Eastern Washington,BSky,-7.65,105.8,166,113.4,336,68.3,158,12/12/24 0:00
264,Bowling Green,MAC,-7.78,102.9,225,110.7,287,69.4,107,12/12/24 0:00
265,Pacific,WCC,-7.79,99.4,296,107.1,202,67.8,195,12/12/24 0:00
266,Harvard,Ivy,-7.85,99.2,299,107.1,201,67.5,209,12/12/24 0:00
267,Hampton,CAA,-7.86,101.2,255,109,248,65.2,309,12/12/24 0:00
268,Portland St.,BSky,-8.01,103.8,207,111.8,308,70.3,68,12/12/24 0:00
269,Howard,MEAC,-8.16,104,200,112.2,319,67.4,213,12/12/24 0:00
270,Siena,MAAC,-8.17,99.6,292,107.8,223,64.2,343,12/12/24 0:00
271,Southern Miss,SB,-8.32,99.4,295,107.7,217,71,42,12/12/24 0:00
272,Iona,MAAC,-8.33,98.1,314,106.5,187,69.4,110,12/12/24 0:00
273,Coastal Carolina,SB,-8.53,100.3,277,108.8,244,64,347,12/12/24 0:00
274,Northern Arizona,BSky,-8.61,103.6,210,112.3,320,66.8,242,12/12/24 0:00
275,Rider,MAAC,-8.64,100.6,267,109.3,254,64.5,333,12/12/24 0:00
276,Louisiana,SB,-8.72,104,202,112.7,325,68.6,146,12/12/24 0:00
277,Fresno St.,MWC,-8.72,95.4,347,104.2,137,74.9,1,12/12/24 0:00
278,Western Michigan,MAC,-8.73,102.5,233,111.2,295,66.4,258,12/12/24 0:00
279,Sacred Heart,MAAC,-8.96,102.3,236,111.3,299,69.3,113,12/12/24 0:00
280,Army,PL,-9.01,104.7,185,113.8,341,66.6,246,12/12/24 0:00
,,,,,Strength of Schedule,NCSOS,,,,12/12/24 0:00
Rk,Team,Conf,NetRtg,ORtg,DRtg,AdjT,Luck,NetRtg,ORtg,12/12/24 0:00
281,Idaho,BSky,-9.05,105.8,163,114.9,349,65.6,296,12/12/24 0:00
282,Southern Indiana,OVC,-9.26,101.5,250,110.8,290,66.4,257,12/12/24 0:00
283,Kansas City,Sum,-9.37,98.6,308,107.9,226,67.1,228,12/12/24 0:00
284,Incarnate Word,Slnd,-9.47,104.8,183,114.3,346,66.2,275,12/12/24 0:00
285,Campbell,CAA,-9.56,96.8,331,106.4,183,66.9,238,12/12/24 0:00
286,Queens,ASun,-9.65,100,279,109.6,261,70.2,70,12/12/24 0:00
287,Air Force,MWC,-9.69,101,258,110.7,283,62.6,360,12/12/24 0:00
288,Bethune Cookman,SWAC,-9.94,96.8,333,106.7,190,69.8,84,12/12/24 0:00
289,Monmouth,CAA,-9.98,100.9,259,110.9,292,67.9,187,12/12/24 0:00
290,North Carolina Central,MEAC,-10.1,102.6,231,112.7,324,66.7,243,12/12/24 0:00
291,Charleston Southern,BSth,-10.33,100.5,270,110.9,291,69.2,121,12/12/24 0:00
292,Nebraska Omaha,Sum,-10.43,100.7,266,111.1,294,67.7,201,12/12/24 0:00
293,Morehead St.,OVC,-10.55,100.6,268,111.1,293,67.3,217,12/12/24 0:00
294,Long Beach St.,BW,-10.6,101.2,253,111.8,309,64.5,332,12/12/24 0:00
295,Southeast Missouri,OVC,-10.6,96.4,338,107,198,70.8,54,12/12/24 0:00
296,Utah Tech,WAC,-10.65,99.6,291,110.3,275,67.9,185,12/12/24 0:00
297,Ball St.,MAC,-10.74,99.2,300,110,267,67.2,222,12/12/24 0:00
298,North Dakota,Sum,-10.75,102.7,228,113.5,337,67.7,203,12/12/24 0:00
299,Oral Roberts,Sum,-10.95,103.1,221,114.1,343,69.1,127,12/12/24 0:00
300,Detroit Mercy,Horz,-10.98,99.7,285,110.7,289,67.4,214,12/12/24 0:00
301,Eastern Michigan,MAC,-11.02,99.2,302,110.2,272,67.3,219,12/12/24 0:00
302,Fairfield,MAAC,-11.05,103,222,114.1,344,66.9,237,12/12/24 0:00
303,San Diego,WCC,-11.11,94.5,355,105.6,171,72.2,16,12/12/24 0:00
304,Texas Southern,SWAC,-11.19,98.5,309,109.7,262,69,129,12/12/24 0:00
305,Manhattan,MAAC,-11.43,101.9,246,113.3,335,69.6,97,12/12/24 0:00
306,Western Carolina,SC,-11.57,96.9,329,108.5,239,71.2,38,12/12/24 0:00
307,Wagner,NEC,-11.64,93.5,358,105.1,156,61,364,12/12/24 0:00
308,North Carolina A&T,CAA,-11.72,100.3,274,112.1,314,72.5,10,12/12/24 0:00
309,Jackson St.,SWAC,-11.85,96.4,337,108.2,235,69.7,94,12/12/24 0:00
310,Cal St. Fullerton,BW,-11.92,96.1,341,108,229,65.8,290,12/12/24 0:00
311,Penn,Ivy,-11.94,100.8,264,112.8,326,65.1,319,12/12/24 0:00
312,Portland,WCC,-12.22,98,315,110.3,274,69.9,82,12/12/24 0:00
313,Navy,PL,-12.25,100.8,265,113,330,68.7,140,12/12/24 0:00
314,Binghamton,AE,-12.31,99.7,284,112,313,64.8,324,12/12/24 0:00
315,Tarleton St.,WAC,-12.44,94.8,354,107.2,205,66.1,278,12/12/24 0:00
316,Denver,Sum,-12.45,99.6,288,112.1,315,67.9,191,12/12/24 0:00
317,Dartmouth,Ivy,-12.67,95.5,346,108.2,233,70.3,66,12/12/24 0:00
318,Loyola MD,PL,-12.76,97.9,318,110.7,285,67.2,225,12/12/24 0:00
319,Stonehill,NEC,-12.93,97.7,319,110.6,279,65.9,285,12/12/24 0:00
320,Saint Francis,NEC,-13.21,98.1,313,111.4,300,68.7,141,12/12/24 0:00
,,,,,Strength of Schedule,NCSOS,,,,12/12/24 0:00
Rk,Team,Conf,NetRtg,ORtg,DRtg,AdjT,Luck,NetRtg,ORtg,12/12/24 0:00
321,Tennessee St.,OVC,-13.24,98.8,306,112,312,71.5,32,12/12/24 0:00
322,Green Bay,Horz,-13.34,102.7,229,116,355,70.5,58,12/12/24 0:00
323,Niagara,MAAC,-13.39,100.9,261,114.3,345,64.4,335,12/12/24 0:00
324,Buffalo,MAC,-13.47,99.6,290,113.1,332,69.7,95,12/12/24 0:00
325,Eastern Illinois,OVC,-13.6,95.8,345,109.4,257,66.5,249,12/12/24 0:00
326,Western Illinois,OVC,-13.67,99.2,301,112.9,327,63.9,350,12/12/24 0:00
327,Old Dominion,SB,-13.98,98.1,312,112.1,317,68.6,145,12/12/24 0:00
328,Tennessee Tech,OVC,-14.22,99.7,287,113.9,342,67.7,202,12/12/24 0:00
329,The Citadel,SC,-14.36,96.3,339,110.7,281,65.4,298,12/12/24 0:00
330,Louisiana Monroe,SB,-14.41,95.9,344,110.3,276,68,182,12/12/24 0:00
331,Holy Cross,PL,-14.44,101.1,256,115.6,351,65.2,308,12/12/24 0:00
332,Bellarmine,ASun,-14.55,101.8,247,116.4,357,66.8,240,12/12/24 0:00
333,LIU,NEC,-14.79,94.9,352,109.7,263,68.2,166,12/12/24 0:00
334,Sacramento St.,BSky,-14.8,95,350,109.8,264,65.2,306,12/12/24 0:00
335,Central Arkansas,ASun,-14.84,96.4,336,111.3,296,67.5,212,12/12/24 0:00
336,Tennessee Martin,OVC,-15.11,96.1,340,111.3,297,68.5,149,12/12/24 0:00
337,Stetson,ASun,-15.29,99.3,298,114.5,347,68.6,144,12/12/24 0:00
338,Stony Brook,CAA,-15.63,96.9,330,112.5,322,68.3,164,12/12/24 0:00
339,Fairleigh Dickinson,NEC,-15.69,101.2,254,116.9,358,71,45,12/12/24 0:00
340,Le Moyne,NEC,-15.89,96,342,111.9,310,69.2,123,12/12/24 0:00
341,IU Indy,Horz,-16.02,101.3,252,117.3,360,66,281,12/12/24 0:00
342,Delaware St.,MEAC,-16.06,95.4,348,111.5,302,70.8,53,12/12/24 0:00
343,USC Upstate,BSth,-16.16,99.8,282,116,354,72.1,20,12/12/24 0:00
344,New Orleans,Slnd,-16.18,96.8,332,113,328,69.8,87,12/12/24 0:00
345,VMI,SC,-16.26,97.5,324,113.7,340,68.3,159,12/12/24 0:00
346,West Georgia,ASun,-16.44,96.6,335,113,329,67.3,221,12/12/24 0:00
347,Florida A&M,SWAC,-16.87,93.2,359,110.1,270,69.3,112,12/12/24 0:00
348,Prairie View A&M,SWAC,-17.02,102.2,240,119.3,363,72.2,15,12/12/24 0:00
349,Northern Illinois,MAC,-17.59,94.9,353,112.5,323,69.7,92,12/12/24 0:00
350,Lindenwood,OVC,-18.09,95,351,113.1,331,67.8,193,12/12/24 0:00
351,Houston Christian,Slnd,-18.16,98,317,116.2,356,66,282,12/12/24 0:00
352,Morgan St.,MEAC,-18.19,97.6,320,115.8,353,71.3,36,12/12/24 0:00
353,NJIT,AE,-18.34,94.1,356,112.4,321,65.3,305,12/12/24 0:00
354,East Texas A&M,Slnd,-18.72,92.7,360,111.4,301,68.3,160,12/12/24 0:00
355,Alcorn St.,SWAC,-18.74,96,343,114.7,348,65.6,294,12/12/24 0:00
356,Mercyhurst,NEC,-18.99,96.6,334,115.6,352,64.1,346,12/12/24 0:00
357,Alabama A&M,SWAC,-19.76,93.9,357,113.7,339,71.3,35,12/12/24 0:00
358,Canisius,MAAC,-19.82,97.4,325,117.2,359,66.2,272,12/12/24 0:00
359,Maryland Eastern Shore,MEAC,-20.58,97,327,117.6,362,67.7,200,12/12/24 0:00
360,New Hampshire,AE,-21.1,90.6,362,111.7,307,67.8,194,12/12/24 0:00
,,,,,Strength of Schedule,NCSOS,,,,12/12/24 0:00
Rk,Team,Conf,NetRtg,ORtg,DRtg,AdjT,Luck,NetRtg,ORtg,12/12/24 0:00
361,Chicago St.,NEC,-21.63,92.1,361,113.7,338,70,76,12/12/24 0:00
362,Arkansas Pine Bluff,SWAC,-23.47,98.2,311,121.7,364,72.2,17,12/12/24 0:00
363,Coppin St.,MEAC,-25.44,87.8,363,113.2,334,66.6,248,12/12/24 0:00
364,Mississippi Valley St.,SWAC,-30.09,87.4,364,117.5,361,64.8,327,12/12/24 0:00
1,Auburn,SEC,32.25,128.1,1,95.8,22,68.3,167,12/13/24 0:00
2,Tennessee,SEC,30.97,119.9,10,88.9,2,66.4,262,12/13/24 0:00
3,Duke,ACC,30.66,119.4,14,88.7,1,66.5,255,12/13/24 0:00
4,Gonzaga,WCC,29.75,125.2,2,95.5,19,69.4,108,12/13/24 0:00
5,Houston,B12,29.7,119.5,11,89.8,3,62.1,362,12/13/24 0:00
6,Iowa St.,B12,28.89,123.1,3,94.2,12,69.7,95,12/13/24 0:00
7,Alabama,SEC,25.48,122.8,5,97.3,34,73.6,6,12/13/24 0:00
8,Florida,SEC,25.32,122.2,7,96.8,31,69.1,129,12/13/24 0:00
9,Marquette,BE,24.99,119,16,94,10,69.3,114,12/13/24 0:00
10,Kentucky,SEC,23.71,120.3,9,96.6,29,72,22,12/13/24 0:00
11,Kansas,B12,23.48,117.2,22,93.7,8,69.8,89,12/13/24 0:00
12,Baylor,B12,22.17,122.4,6,100.2,76,66.1,279,12/13/24 0:00
13,St. John's,BE,22.13,116.8,27,94.7,15,70.2,72,12/13/24 0:00
14,Connecticut,BE,22.06,123.1,4,101,88,65.1,320,12/13/24 0:00
15,UCLA,B10,21.87,114.1,50,92.2,4,66.5,253,12/13/24 0:00
16,Illinois,B10,21.87,116.6,28,94.8,16,71.6,31,12/13/24 0:00
17,Purdue,B10,21.74,121,8,99.3,63,65.2,316,12/13/24 0:00
18,Cincinnati,B12,21.7,116,34,94.3,13,66,283,12/13/24 0:00
19,Maryland,B10,21.59,115.7,36,94.1,11,69.9,84,12/13/24 0:00
20,Clemson,ACC,21.48,115.1,40,93.7,7,65.2,315,12/13/24 0:00
21,Oregon,B10,21.39,117.4,20,96,24,68.3,161,12/13/24 0:00
22,Michigan St.,B10,21.04,116.3,31,95.3,18,67.9,189,12/13/24 0:00
23,Texas A&M,SEC,20.8,114.7,46,93.9,9,67.2,231,12/13/24 0:00
24,Michigan,B10,20.76,115.5,37,94.7,14,70.1,75,12/13/24 0:00
25,Texas Tech,B12,20.44,118.1,19,97.7,41,66.5,258,12/13/24 0:00
26,Pittsburgh,ACC,20.43,116.9,25,96.5,28,68.4,156,12/13/24 0:00
27,Mississippi St.,SEC,20.34,118.9,17,98.5,55,68.5,155,12/13/24 0:00
28,Ohio St.,B10,19.81,117.3,21,97.5,37,68.1,175,12/13/24 0:00
29,Mississippi,SEC,19.66,119.4,12,99.8,69,67.3,221,12/13/24 0:00
30,Arizona,B12,19.64,117.2,24,97.5,38,72.5,13,12/13/24 0:00
31,North Carolina,ACC,19.39,117.2,23,97.8,44,73.6,5,12/13/24 0:00
32,Dayton,A10,19.23,119.4,13,100.2,75,66.2,273,12/13/24 0:00
33,Penn St.,B10,18.46,116.1,32,97.6,40,71.9,27,12/13/24 0:00
34,Saint Mary's,WCC,18.45,115.1,43,96.6,30,64.3,341,12/13/24 0:00
35,Wisconsin,B10,17.63,118.3,18,100.7,85,68.1,174,12/13/24 0:00
36,Georgia,SEC,17.38,113.8,51,96.4,26,67.2,224,12/13/24 0:00
37,Texas,SEC,17.09,113.3,55,96.2,25,67.2,228,12/13/24 0:00
38,Arkansas,SEC,16.64,112.4,62,95.7,20,70.5,63,12/13/24 0:00
39,Memphis,Amer,16.57,115.8,35,99.2,61,70.2,71,12/13/24 0:00
40,Indiana,B10,16.53,114.9,44,98.4,51,71.2,39,12/13/24 0:00
,,,,,Strength of Schedule,NCSOS,,,,12/13/24 0:00
Rk,Team,Conf,NetRtg,ORtg,DRtg,AdjT,Luck,NetRtg,ORtg,12/13/24 0:00
41,VCU,A10,16.39,109.8,101,93.4,5,67.7,207,12/13/24 0:00
42,Creighton,BE,16.34,113.8,52,97.4,35,69.5,103,12/13/24 0:00
43,San Diego St.,MWC,16.34,112.1,64,95.7,21,66.3,267,12/13/24 0:00
44,Oklahoma,SEC,16.2,115.4,38,99.2,62,67.7,204,12/13/24 0:00
45,BYU,B12,15.68,116.9,26,101.2,94,68.9,135,12/13/24 0:00
46,Iowa,B10,15.35,116.5,29,101.1,91,71.9,25,12/13/24 0:00
47,West Virginia,B12,15.25,111.7,70,96.4,27,66,282,12/13/24 0:00
48,Villanova,BE,15.21,119.2,15,104,130,64,348,12/13/24 0:00
49,Nevada,MWC,14.89,114.8,45,99.9,73,63.5,355,12/13/24 0:00
50,Utah St.,MWC,14.78,114.5,48,99.7,68,69.6,102,12/13/24 0:00
51,Missouri,SEC,14.61,115.1,42,100.5,81,69.3,116,12/13/24 0:00
52,LSU,SEC,14.51,113.2,56,98.7,56,68.8,138,12/13/24 0:00
53,Arizona St.,B12,14.46,112.6,60,98.2,48,68.7,142,12/13/24 0:00
54,UC Irvine,BW,14.42,108,132,93.6,6,69.6,99,12/13/24 0:00
55,SMU,ACC,14.38,116.3,30,102,103,69.6,101,12/13/24 0:00
56,Boise St.,MWC,14.25,114.7,47,100.5,83,68.5,153,12/13/24 0:00
57,San Francisco,WCC,13.98,112,66,98,47,67.2,232,12/13/24 0:00
58,Northwestern,B10,13.73,109.6,106,95.9,23,64.9,324,12/13/24 0:00
59,Louisville,ACC,13.36,111.1,79,97.7,42,69,132,12/13/24 0:00
60,Vanderbilt,SEC,13.07,115.3,39,102.3,110,71,46,12/13/24 0:00
61,Xavier,BE,12.82,112.7,59,99.9,71,69.2,121,12/13/24 0:00
62,Nebraska,B10,12.66,110,98,97.3,33,69.9,83,12/13/24 0:00
63,Liberty,CUSA,12.63,110.1,94,97.5,36,63.7,353,12/13/24 0:00
64,Utah,B12,12.07,111.4,74,99.4,64,70.8,54,12/13/24 0:00
65,Florida St.,ACC,11.81,109.7,102,97.9,46,70.9,48,12/13/24 0:00
66,Bradley,MVC,11.55,115.1,41,103.6,124,65.9,288,12/13/24 0:00
67,South Carolina,SEC,11.55,111.1,78,99.5,66,66.3,268,12/13/24 0:00
68,Rutgers,B10,11.16,112.4,61,101.2,95,70.4,67,12/13/24 0:00
69,North Texas,Amer,11.15,105.9,163,94.8,17,64.3,342,12/13/24 0:00
70,Kansas St.,B12,11.1,110.5,88,99.4,65,69,131,12/13/24 0:00
71,Butler,BE,10.89,112.1,65,101.2,93,67.7,205,12/13/24 0:00
72,Oregon St.,WCC,10.82,111.3,75,100.5,84,64.4,340,12/13/24 0:00
73,New Mexico,MWC,10.76,111.9,68,101.1,90,74.1,3,12/13/24 0:00
74,Washington St.,WCC,10.36,108.9,116,98.5,54,71.2,40,12/13/24 0:00
75,Drake,MVC,10.27,108.6,123,98.3,49,64,349,12/13/24 0:00
76,Providence,BE,10.05,108.5,125,98.4,52,64.2,345,12/13/24 0:00
77,Colorado,B12,9.9,108.8,117,98.9,57,68.1,178,12/13/24 0:00
78,N.C. State,ACC,9.62,110,96,100.4,80,66.3,270,12/13/24 0:00
79,George Mason,A10,9.61,107.9,134,98.3,50,66.2,272,12/13/24 0:00
80,UCF,B12,9.39,108.4,127,99,58,69.8,88,12/13/24 0:00
,,,,,Strength of Schedule,NCSOS,,,,12/13/24 0:00
Rk,Team,Conf,NetRtg,ORtg,DRtg,AdjT,Luck,NetRtg,ORtg,12/13/24 0:00
81,Stanford,ACC,9.26,113.1,58,103.9,126,67,238,12/13/24 0:00
82,Oklahoma St.,B12,9.15,110.8,84,101.7,100,72.3,18,12/13/24 0:00
83,Loyola Chicago,A10,9.13,109.1,114,99.9,72,68.1,173,12/13/24 0:00
84,Notre Dame,ACC,8.89,111.6,72,102.7,114,65.8,292,12/13/24 0:00
85,Santa Clara,WCC,8.83,110.4,89,101.6,98,68.5,154,12/13/24 0:00
86,St. Bonaventure,A10,8.72,107.2,142,98.5,53,65.3,309,12/13/24 0:00
87,Georgetown,BE,8.63,108.6,122,100,74,69.5,105,12/13/24 0:00
88,Wichita St.,Amer,8.62,109.1,113,100.5,82,71.4,36,12/13/24 0:00
89,UC San Diego,BW,8.62,110.8,85,102.2,108,66.7,244,12/13/24 0:00
90,Rhode Island,A10,8.56,109.3,111,100.7,86,72,23,12/13/24 0:00
91,TCU,B12,8.53,106.2,156,97.6,39,68.6,148,12/13/24 0:00
92,Florida Atlantic,Amer,7.96,113.6,53,105.6,168,71.6,30,12/13/24 0:00
93,Grand Canyon,WAC,7.95,110.1,92,102.2,107,71.7,29,12/13/24 0:00
94,USC,B10,7.86,109.7,104,101.9,102,67.4,218,12/13/24 0:00
95,McNeese,Slnd,7.68,110.6,86,102.9,116,65.8,293,12/13/24 0:00
96,Lipscomb,ASun,7.27,108.3,129,101,87,67.7,206,12/13/24 0:00
97,Miami FL,ACC,7.13,116,33,108.9,244,66.1,281,12/13/24 0:00
98,Yale,Ivy,6.93,113.2,57,106.3,180,67.8,199,12/13/24 0:00
99,Syracuse,ACC,6.82,112.3,63,105.5,163,70.4,64,12/13/24 0:00
100,Murray St.,MVC,6.8,109.8,99,103,118,65.3,311,12/13/24 0:00
101,Virginia,ACC,6.79,104.5,192,97.7,43,61.1,363,12/13/24 0:00
102,Washington,B10,6.64,106.4,154,99.8,70,68.7,139,12/13/24 0:00
103,Saint Joseph's,A10,6.55,108.1,130,101.5,96,69.9,79,12/13/24 0:00
104,Louisiana Tech,CUSA,6.49,109,115,102.5,112,66.3,269,12/13/24 0:00
105,Georgia Tech,ACC,6.38,108,133,101.6,97,70.5,60,12/13/24 0:00
106,DePaul,BE,6.28,108.4,126,102.1,106,68.3,163,12/13/24 0:00
107,Colorado St.,MWC,6.14,105.7,169,99.6,67,68.1,177,12/13/24 0:00
108,Wake Forest,ACC,5.99,103.8,209,97.8,45,66.6,248,12/13/24 0:00
109,Northern Iowa,MVC,5.88,109.8,100,103.9,129,65.3,305,12/13/24 0:00
110,Western Kentucky,CUSA,5.46,104.5,194,99,59,72.6,10,12/13/24 0:00
111,Samford,SC,5.45,114.1,49,108.7,241,72,24,12/13/24 0:00
112,Arkansas St.,SB,5.39,105.8,168,100.4,79,70.4,65,12/13/24 0:00
113,UNLV,MWC,5.26,110.1,93,104.9,151,66.2,278,12/13/24 0:00
114,Princeton,Ivy,4.98,111.3,76,106.3,181,67.4,215,12/13/24 0:00
115,Minnesota,B10,4.97,106.1,159,101.1,92,62.5,361,12/13/24 0:00
116,Kent St.,MAC,4.38,103.4,217,99.1,60,64.6,330,12/13/24 0:00
117,Furman,SC,4.28,105.4,175,101.1,89,66.5,256,12/13/24 0:00
118,South Dakota St.,Sum,3.85,107.5,139,103.7,125,69.5,106,12/13/24 0:00
119,Cornell,Ivy,3.83,111.7,69,107.9,223,71.5,33,12/13/24 0:00
120,Akron,MAC,3.48,111.3,77,107.8,217,69.2,125,12/13/24 0:00
,,,,,Strength of Schedule,NCSOS,,,,12/13/24 0:00
Rk,Team,Conf,NetRtg,ORtg,DRtg,AdjT,Luck,NetRtg,ORtg,12/13/24 0:00
121,Texas St.,SB,3.26,107.5,140,104.2,135,65.6,296,12/13/24 0:00
122,Troy,SB,3.25,105.4,173,102.2,109,67.6,209,12/13/24 0:00
123,Davidson,A10,3.21,111.5,73,108.3,235,67.1,233,12/13/24 0:00
124,UC Santa Barbara,BW,3.14,109.5,107,106.4,182,65.5,299,12/13/24 0:00
125,James Madison,SB,3,108.5,124,105.5,161,66.2,276,12/13/24 0:00
126,Sam Houston St.,CUSA,2.85,111,81,108.1,229,69.3,117,12/13/24 0:00
127,High Point,BSth,2.73,113.6,54,110.8,286,65.2,313,12/13/24 0:00
128,Wright St.,Horz,2.69,110.1,95,107.4,208,67.8,197,12/13/24 0:00
129,California,ACC,2.68,111.1,80,108.4,236,69.9,81,12/13/24 0:00
130,East Tennessee St.,SC,2.62,108.7,120,106.1,178,68,180,12/13/24 0:00
131,Montana St.,BSky,2.46,108,131,105.6,167,66.2,274,12/13/24 0:00
132,St. Thomas,Sum,2.44,110.5,87,108.1,228,68.3,164,12/13/24 0:00
133,Seattle,WAC,2.43,107.8,135,105.4,158,66.7,245,12/13/24 0:00
134,UAB,Amer,2.32,111.6,71,109.3,250,69.7,94,12/13/24 0:00
135,UTEP,CUSA,2.26,104.8,185,102.5,113,69.6,97,12/13/24 0:00
136,Middle Tennessee,CUSA,2.23,106.6,152,104.4,139,68.6,150,12/13/24 0:00
137,Charleston,CAA,2.19,107,148,104.8,150,70.5,62,12/13/24 0:00
138,UMass Lowell,AE,2.16,109.2,112,107,197,72.2,19,12/13/24 0:00
139,UNC Greensboro,SC,2,103.8,210,101.8,101,64.5,333,12/13/24 0:00
140,UNC Wilmington,CAA,1.99,106.7,151,104.7,147,67.4,217,12/13/24 0:00
141,Belmont,MVC,1.85,110.3,90,108.5,237,71.1,43,12/13/24 0:00
142,Temple,Amer,1.82,108.7,119,106.9,192,69.1,127,12/13/24 0:00
143,Seton Hall,BE,1.8,99,305,97.2,32,62.8,359,12/13/24 0:00
144,Virginia Tech,ACC,1.75,103.9,208,102.1,104,65.7,294,12/13/24 0:00
145,Hofstra,CAA,1.26,104.2,199,102.9,115,65.3,310,12/13/24 0:00
146,Elon,CAA,1.25,106.7,150,105.5,162,65.8,291,12/13/24 0:00
147,North Dakota St.,Sum,1.23,112,67,110.8,284,64.4,337,12/13/24 0:00
148,Wofford,SC,1.17,110.2,91,109.1,247,65.1,321,12/13/24 0:00
149,South Florida,Amer,1.01,106.8,149,105.8,172,69.2,124,12/13/24 0:00
150,Northeastern,CAA,0.94,104.1,204,103.1,120,68.5,151,12/13/24 0:00
151,Saint Louis,A10,0.93,109.4,109,108.5,238,69.4,110,12/13/24 0:00
152,George Washington,A10,0.92,106.6,153,105.7,169,69.2,120,12/13/24 0:00
153,La Salle,A10,0.75,105.3,176,104.5,141,70.9,50,12/13/24 0:00
154,Milwaukee,Horz,0.65,108.4,128,107.7,213,68.4,160,12/13/24 0:00
155,Boston College,ACC,0.62,105.1,181,104.5,143,67.1,235,12/13/24 0:00
156,CSUN,BW,0.57,104.6,188,104,131,72.6,11,12/13/24 0:00
157,Purdue Fort Wayne,Horz,0.53,110.8,83,110.3,271,69.3,115,12/13/24 0:00
158,Columbia,Ivy,0.11,109.6,105,109.5,258,68.6,147,12/13/24 0:00
159,Appalachian St.,SB,0.05,103.5,216,103.4,122,64.5,334,12/13/24 0:00
160,Loyola Marymount,WCC,0.01,104.5,191,104.5,142,67.7,208,12/13/24 0:00
,,,,,Strength of Schedule,NCSOS,,,,12/13/24 0:00
Rk,Team,Conf,NetRtg,ORtg,DRtg,AdjT,Luck,NetRtg,ORtg,12/13/24 0:00
161,Ohio,MAC,-0.27,109.7,103,110,266,69.9,86,12/13/24 0:00
162,Kennesaw St.,CUSA,-0.33,105.2,179,105.5,166,71.7,28,12/13/24 0:00
163,Cal Baptist,WAC,-0.38,110,97,110.4,276,65.3,302,12/13/24 0:00
164,East Carolina,Amer,-0.47,105.6,171,106,177,65.1,317,12/13/24 0:00
165,Northern Colorado,BSky,-0.59,107.1,143,107.7,215,71.1,44,12/13/24 0:00
166,Florida Gulf Coast,ASun,-0.67,105.7,170,106.4,183,64.4,339,12/13/24 0:00
167,Rice,Amer,-0.73,103.4,218,104.2,132,66,285,12/13/24 0:00
168,Winthrop,BSth,-0.73,105.8,167,106.6,187,72.4,14,12/13/24 0:00
169,Radford,BSth,-0.83,107.1,146,107.9,224,65,322,12/13/24 0:00
170,Texas A&M Corpus Chris,Slnd,-0.89,106.1,160,107,195,69.9,80,12/13/24 0:00
171,Norfolk St.,MEAC,-0.96,107.1,144,108.1,227,66.3,263,12/13/24 0:00
172,North Alabama,ASun,-0.98,105.1,182,106.1,179,68.5,152,12/13/24 0:00
173,Miami OH,MAC,-0.99,104.1,201,105.1,154,68.3,168,12/13/24 0:00
174,UT Arlington,WAC,-1.03,109.5,108,110.5,277,70.8,52,12/13/24 0:00
175,Utah Valley,WAC,-1.16,103.3,220,104.5,140,69.6,100,12/13/24 0:00
176,Brown,Ivy,-1.18,106.1,158,107.3,203,65.2,312,12/13/24 0:00
177,Illinois St.,MVC,-1.24,107,147,108.2,232,66.3,265,12/13/24 0:00
178,Southern Illinois,MVC,-1.27,102.6,233,103.9,127,70.3,69,12/13/24 0:00
179,Jacksonville St.,CUSA,-1.31,107.7,138,109,245,66.3,266,12/13/24 0:00
180,North Florida,ASun,-1.35,110.9,82,112.2,314,70.5,61,12/13/24 0:00
181,Bryant,AE,-1.4,105.5,172,107,194,73.6,7,12/13/24 0:00
182,UC Riverside,BW,-1.42,104.5,190,105.9,175,68,182,12/13/24 0:00
183,Marshall,SB,-1.44,104.4,195,105.9,173,71.1,41,12/13/24 0:00
184,Oakland,Horz,-1.61,103.1,223,104.7,148,63.1,358,12/13/24 0:00
185,UC Davis,BW,-1.64,98.7,308,100.3,78,71.5,34,12/13/24 0:00
186,Chattanooga,SC,-1.88,107.7,137,109.5,259,67.9,191,12/13/24 0:00
187,Montana,BSky,-1.96,105.9,165,107.9,222,69.3,119,12/13/24 0:00
188,Jacksonville,ASun,-1.96,102.6,234,104.6,144,69,130,12/13/24 0:00
189,Abilene Christian,WAC,-1.97,104.5,189,106.5,185,67.5,212,12/13/24 0:00
190,Central Michigan,MAC,-1.98,102.2,242,104.2,136,68.1,179,12/13/24 0:00
191,Towson,CAA,-2.19,102,245,104.2,133,64.4,338,12/13/24 0:00
192,Southern Utah,WAC,-2.2,105.9,164,108.1,231,68.9,136,12/13/24 0:00
193,Vermont,AE,-2.29,99.8,285,102.1,105,63.6,354,12/13/24 0:00
194,UNC Asheville,BSth,-2.33,107.1,145,109.4,254,67.1,234,12/13/24 0:00
195,Wyoming,MWC,-2.38,103,225,105.4,160,66.5,252,12/13/24 0:00
196,Missouri St.,MVC,-2.46,101.7,247,104.2,134,66.3,264,12/13/24 0:00
197,Fordham,A10,-2.5,103,226,105.5,165,70.6,57,12/13/24 0:00
198,Hawaii,BW,-2.57,104.3,196,106.9,191,66.4,261,12/13/24 0:00
199,Drexel,CAA,-2.6,104,206,106.6,190,64.2,344,12/13/24 0:00
200,Indiana St.,MVC,-2.62,108.8,118,111.4,298,72.8,9,12/13/24 0:00
,,,,,Strength of Schedule,NCSOS,,,,12/13/24 0:00
Rk,Team,Conf,NetRtg,ORtg,DRtg,AdjT,Luck,NetRtg,ORtg,12/13/24 0:00
201,South Alabama,SB,-2.83,103.8,212,106.6,188,65,323,12/13/24 0:00
202,Merrimack,MAAC,-2.88,99.5,294,102.4,111,65.3,303,12/13/24 0:00
203,New Mexico St.,CUSA,-2.9,103.1,224,106,176,67.4,216,12/13/24 0:00
204,Longwood,BSth,-2.9,102.5,235,105.4,159,68.9,137,12/13/24 0:00
205,Little Rock,OVC,-3.08,100.4,276,103.5,123,68.3,166,12/13/24 0:00
206,Charlotte,Amer,-3.26,107.3,141,110.6,278,63.2,357,12/13/24 0:00
207,Massachusetts,A10,-3.27,104,205,107.3,204,70.9,49,12/13/24 0:00
208,Richmond,A10,-3.28,101.4,250,104.7,146,66.9,240,12/13/24 0:00
209,Tulane,Amer,-3.34,104.3,197,107.6,211,67.9,192,12/13/24 0:00
210,Toledo,MAC,-3.68,108.6,121,112.3,317,69.7,93,12/13/24 0:00
211,Maine,AE,-3.73,99.2,303,103,117,67.9,188,12/13/24 0:00
212,San Jose St.,MWC,-3.89,105.4,174,109.3,252,64.8,329,12/13/24 0:00
213,Lamar,Slnd,-4.14,102.4,238,106.5,186,67.2,225,12/13/24 0:00
214,Central Connecticut,NEC,-4.22,99,306,103.2,121,65.3,307,12/13/24 0:00
215,William & Mary,CAA,-4.37,107.7,136,112.1,310,71.9,26,12/13/24 0:00
216,Youngstown St.,Horz,-4.58,97.1,329,101.6,99,68.9,133,12/13/24 0:00
217,Northern Kentucky,Horz,-4.62,100.4,275,105,152,66.6,250,12/13/24 0:00
218,Eastern Kentucky,ASun,-4.64,106.2,155,110.8,287,68.2,172,12/13/24 0:00
219,Weber St.,BSky,-4.76,104.2,198,109,246,67,236,12/13/24 0:00
220,Stephen F. Austin,Slnd,-4.88,95.3,349,100.2,77,65.5,298,12/13/24 0:00
221,Southern,SWAC,-4.91,99.7,291,104.6,145,68,184,12/13/24 0:00
222,Cal Poly,BW,-5.01,103.6,214,108.6,240,74.8,2,12/13/24 0:00
223,Georgia Southern,SB,-5.13,100.3,277,105.5,164,72.6,12,12/13/24 0:00
224,American,PL,-5.19,104.5,193,109.7,260,63.7,352,12/13/24 0:00
225,Saint Peter's,MAAC,-5.24,100.5,272,105.8,171,63.2,356,12/13/24 0:00
226,Gardner Webb,BSth,-5.32,102.5,237,107.8,216,70,77,12/13/24 0:00
227,Cleveland St.,Horz,-5.4,98.5,311,103.9,128,67.2,227,12/13/24 0:00
228,Southeastern Louisiana,Slnd,-5.47,97.6,325,103.1,119,68.7,144,12/13/24 0:00
229,Idaho St.,BSky,-5.5,102.4,239,107.9,220,64.8,328,12/13/24 0:00
230,Mercer,SC,-5.5,105.2,177,110.7,280,70.6,58,12/13/24 0:00
231,Duquesne,A10,-5.56,99.7,290,105.3,157,66.4,260,12/13/24 0:00
232,Delaware,CAA,-5.65,106.1,161,111.7,304,70.7,56,12/13/24 0:00
233,Albany,AE,-5.66,104.7,186,110.3,272,69.7,96,12/13/24 0:00
234,Georgia St.,SB,-5.83,103.5,215,109.3,249,69.3,118,12/13/24 0:00
235,Quinnipiac,MAAC,-5.83,101.1,257,107,196,69.9,85,12/13/24 0:00
236,Presbyterian,BSth,-5.9,102.9,228,108.8,243,66,287,12/13/24 0:00
237,Nicholls,Slnd,-5.92,101,260,106.9,193,67.9,187,12/13/24 0:00
238,UTSA,Amer,-6,103.7,213,109.7,261,70.9,47,12/13/24 0:00
239,Marist,MAAC,-6.02,101.7,248,107.7,214,64.9,326,12/13/24 0:00
240,South Dakota,Sum,-6.16,109.3,110,115.5,350,73.8,4,12/13/24 0:00
,,,,,Strength of Schedule,NCSOS,,,,12/13/24 0:00
Rk,Team,Conf,NetRtg,ORtg,DRtg,AdjT,Luck,NetRtg,ORtg,12/13/24 0:00
241,UT Rio Grande Valley,Slnd,-6.17,104.6,187,110.8,281,70.8,53,12/13/24 0:00
242,Pepperdine,WCC,-6.43,100.9,265,107.3,206,68.9,134,12/13/24 0:00
243,Valparaiso,MVC,-6.47,105.2,180,111.6,302,68.1,176,12/13/24 0:00
244,UMBC,AE,-6.55,105.2,178,111.8,305,72.1,21,12/13/24 0:00
245,Campbell,CAA,-6.63,99.3,301,105.9,174,67,237,12/13/24 0:00
246,Tulsa,Amer,-6.69,100.7,269,107.4,207,68.2,171,12/13/24 0:00
247,Illinois Chicago,MVC,-6.69,103.4,219,110.1,268,70.1,74,12/13/24 0:00
248,Mount St. Mary's,MAAC,-6.91,100.6,271,107.5,210,67.9,193,12/13/24 0:00
249,Boston University,PL,-7.04,101,263,108,226,64.4,336,12/13/24 0:00
250,Lafayette,PL,-7.09,100.1,279,107.2,200,66.5,254,12/13/24 0:00
251,Austin Peay,ASun,-7.09,97.6,322,104.7,149,63.7,351,12/13/24 0:00
252,FIU,CUSA,-7.13,98.1,317,105.3,156,70,78,12/13/24 0:00
253,Cal St. Bakersfield,BW,-7.17,102.3,241,109.4,255,65.1,318,12/13/24 0:00
254,Lehigh,PL,-7.2,106.2,157,113.3,332,67.2,230,12/13/24 0:00
255,Robert Morris,Horz,-7.23,97.1,328,104.4,138,69.5,104,12/13/24 0:00
256,Colgate,PL,-7.26,102.1,243,109.4,253,65.9,289,12/13/24 0:00
257,Northwestern St.,Slnd,-7.31,100.5,273,107.8,218,65.4,300,12/13/24 0:00
258,Bucknell,PL,-7.39,97.7,321,105.1,153,68,183,12/13/24 0:00
259,SIUE,OVC,-7.58,99.9,282,107.4,209,66.6,251,12/13/24 0:00
260,Alabama St.,SWAC,-7.59,104.1,203,111.7,303,70.1,73,12/13/24 0:00
261,South Carolina St.,MEAC,-7.62,100,280,107.6,212,68.2,169,12/13/24 0:00
262,Grambling St.,SWAC,-7.64,99.5,297,107.1,199,67.8,198,12/13/24 0:00
263,Eastern Washington,BSky,-7.65,105.9,166,113.5,336,68.4,159,12/13/24 0:00
264,Pacific,WCC,-7.79,99.5,295,107.3,202,67.8,196,12/13/24 0:00
265,Harvard,Ivy,-7.81,99.4,298,107.2,201,67.6,210,12/13/24 0:00
266,Bowling Green,MAC,-7.84,102.9,227,110.8,282,69.5,107,12/13/24 0:00
267,Hampton,CAA,-7.98,101.2,256,109.2,248,65.2,314,12/13/24 0:00
268,Portland St.,BSky,-8.01,103.9,207,111.9,307,70.4,68,12/13/24 0:00
269,Evansville,MVC,-8.03,101.4,251,109.4,256,68.2,170,12/13/24 0:00
270,Howard,MEAC,-8.15,104.1,200,112.3,316,67.5,213,12/13/24 0:00
271,Siena,MAAC,-8.16,99.7,289,107.9,221,64.3,343,12/13/24 0:00
272,Coastal Carolina,SB,-8.3,100.5,274,108.8,242,64.1,347,12/13/24 0:00
273,Iona,MAAC,-8.33,98.3,314,106.6,189,69.4,109,12/13/24 0:00
274,Southern Miss,SB,-8.34,99.5,296,107.8,219,71.1,42,12/13/24 0:00
275,Northern Arizona,BSky,-8.61,103.8,211,112.4,318,66.8,242,12/13/24 0:00
276,Rider,MAAC,-8.62,100.7,268,109.3,251,64.5,332,12/13/24 0:00
277,Western Michigan,MAC,-8.7,102.7,232,111.4,295,66.5,259,12/13/24 0:00
278,Fresno St.,MWC,-8.72,95.6,347,104.3,137,74.9,1,12/13/24 0:00
279,Louisiana,SB,-8.73,104.1,202,112.9,323,68.6,146,12/13/24 0:00
280,Sacred Heart,MAAC,-8.95,102.5,236,111.4,299,69.4,112,12/13/24 0:00
,,,,,Strength of Schedule,NCSOS,,,,12/13/24 0:00
Rk,Team,Conf,NetRtg,ORtg,DRtg,AdjT,Luck,NetRtg,ORtg,12/13/24 0:00
281,Army,PL,-9,104.9,184,113.9,340,66.7,247,12/13/24 0:00
282,Idaho,BSky,-9.05,106,162,115,349,65.6,297,12/13/24 0:00
283,Southern Indiana,OVC,-9.27,101.6,249,110.9,289,66.5,257,12/13/24 0:00
284,Kansas City,Sum,-9.35,98.7,309,108,225,67.2,229,12/13/24 0:00
285,Incarnate Word,Slnd,-9.47,105,183,114.4,346,66.2,275,12/13/24 0:00
286,Queens,ASun,-9.63,100.1,278,109.7,262,70.3,70,12/13/24 0:00
287,Air Force,MWC,-9.69,101.1,258,110.8,283,62.6,360,12/13/24 0:00
288,Monmouth,CAA,-9.97,101.1,259,111,291,68,185,12/13/24 0:00
289,North Carolina Central,MEAC,-10.1,102.7,231,112.8,322,66.8,243,12/13/24 0:00
290,Charleston Southern,BSth,-10.33,100.6,270,111,290,69.2,122,12/13/24 0:00
291,Morehead St.,OVC,-10.45,100.8,267,111.2,292,67.3,219,12/13/24 0:00
292,Nebraska Omaha,Sum,-10.48,100.8,266,111.3,294,67.8,203,12/13/24 0:00
293,Southeast Missouri,OVC,-10.51,96.5,336,107,198,70.8,51,12/13/24 0:00
294,Bethune Cookman,SWAC,-10.54,95.8,344,106.4,184,69.3,113,12/13/24 0:00
295,Long Beach St.,BW,-10.61,101.4,253,112,308,64.6,331,12/13/24 0:00
296,Utah Tech,WAC,-10.7,99.7,293,110.4,274,68,186,12/13/24 0:00
297,Ball St.,MAC,-10.74,99.3,299,110.1,267,67.3,223,12/13/24 0:00
298,North Dakota,Sum,-10.81,102.9,229,113.7,337,67.8,200,12/13/24 0:00
299,Oral Roberts,Sum,-10.95,103.2,221,114.2,343,69.1,126,12/13/24 0:00
300,Detroit Mercy,Horz,-10.99,99.8,284,110.8,288,67.4,214,12/13/24 0:00
301,Eastern Michigan,MAC,-11.01,99.3,302,110.3,270,67.3,220,12/13/24 0:00
302,Fairfield,MAAC,-11.04,103.2,222,114.2,344,67,239,12/13/24 0:00
303,San Diego,WCC,-11.11,94.6,355,105.7,170,72.3,16,12/13/24 0:00
304,Texas Southern,SWAC,-11.19,98.6,310,109.8,263,69.1,128,12/13/24 0:00
305,Manhattan,MAAC,-11.36,102.1,244,113.4,334,69.7,92,12/13/24 0:00
306,Western Carolina,SC,-11.57,97,330,108.6,239,71.3,38,12/13/24 0:00
307,Wagner,NEC,-11.63,93.6,358,105.2,155,61,364,12/13/24 0:00
308,Jackson St.,SWAC,-11.86,96.4,337,108.3,233,69.8,90,12/13/24 0:00
309,Penn,Ivy,-11.91,101,264,112.9,324,65.1,319,12/13/24 0:00
310,Cal St. Fullerton,BW,-11.92,96.2,339,108.1,230,65.8,290,12/13/24 0:00
311,Navy,PL,-11.95,101,262,112.9,326,68.7,140,12/13/24 0:00
312,Portland,WCC,-12.22,98.1,316,110.4,275,69.9,82,12/13/24 0:00
313,Binghamton,AE,-12.31,99.9,283,112.2,312,64.9,325,12/13/24 0:00
314,Tarleton St.,WAC,-12.44,94.9,354,107.3,205,66.2,277,12/13/24 0:00
315,Denver,Sum,-12.45,99.8,288,112.2,313,67.9,190,12/13/24 0:00
316,Dartmouth,Ivy,-12.68,95.6,345,108.3,234,70.4,66,12/13/24 0:00
317,Loyola MD,PL,-12.76,98,319,110.8,285,67.2,226,12/13/24 0:00
318,Stonehill,NEC,-12.92,97.8,320,110.7,279,66,286,12/13/24 0:00
319,Saint Francis,NEC,-12.94,98.3,312,111.3,293,68.7,141,12/13/24 0:00
320,North Carolina A&T,CAA,-13.11,99.8,287,112.9,325,73.3,8,12/13/24 0:00
,,,,,Strength of Schedule,NCSOS,,,,12/13/24 0:00
Rk,Team,Conf,NetRtg,ORtg,DRtg,AdjT,Luck,NetRtg,ORtg,12/13/24 0:00
321,Tennessee St.,OVC,-13.16,98.9,307,112.1,311,71.5,32,12/13/24 0:00
322,Green Bay,Horz,-13.17,102.9,230,116,354,70.6,59,12/13/24 0:00
323,Niagara,MAAC,-13.39,101,261,114.4,345,64.4,335,12/13/24 0:00
324,Buffalo,MAC,-13.59,99.7,292,113.3,331,69.6,98,12/13/24 0:00
325,Eastern Illinois,OVC,-13.6,95.9,343,109.5,257,66.6,249,12/13/24 0:00
326,Western Illinois,OVC,-13.66,99.3,300,113,327,63.9,350,12/13/24 0:00
327,Old Dominion,SB,-14.02,98.2,315,112.3,315,68.6,145,12/13/24 0:00
328,Tennessee Tech,OVC,-14.21,99.8,286,114,342,67.8,202,12/13/24 0:00
329,Holy Cross,PL,-14.38,101.3,254,115.7,352,65.3,304,12/13/24 0:00
330,Louisiana Monroe,SB,-14.39,96,342,110.3,273,68,181,12/13/24 0:00
331,Bellarmine,ASun,-14.55,102,246,116.5,357,66.9,241,12/13/24 0:00
332,LIU,NEC,-14.78,95.1,352,109.8,264,68.3,165,12/13/24 0:00
333,Sacramento St.,BSky,-14.81,95.2,350,110,265,65.3,308,12/13/24 0:00
334,Central Arkansas,ASun,-14.83,96.5,335,111.4,296,67.6,211,12/13/24 0:00
335,Tennessee Martin,OVC,-15.12,96.3,338,111.4,297,68.6,149,12/13/24 0:00
336,Stony Brook,CAA,-15.62,97,331,112.6,320,68.3,162,12/13/24 0:00
337,Fairleigh Dickinson,NEC,-15.68,101.3,255,117,358,71.1,45,12/13/24 0:00
338,Stetson,ASun,-15.71,99,304,114.7,347,68.7,143,12/13/24 0:00
339,Le Moyne,NEC,-15.89,96.2,340,112,309,69.2,123,12/13/24 0:00
340,Delaware St.,MEAC,-15.97,95.5,348,111.5,300,70.7,55,12/13/24 0:00
341,IU Indy,Horz,-15.98,101.4,252,117.4,360,66.1,280,12/13/24 0:00
342,USC Upstate,BSth,-16.1,100,281,116.1,355,72.2,20,12/13/24 0:00
343,New Orleans,Slnd,-16.18,96.9,332,113.1,328,69.8,87,12/13/24 0:00
344,VMI,SC,-16.26,97.6,324,113.9,341,68.4,157,12/13/24 0:00
345,West Georgia,ASun,-16.44,96.7,334,113.2,329,67.3,222,12/13/24 0:00
346,Florida A&M,SWAC,-16.86,93.3,359,110.2,269,69.4,111,12/13/24 0:00
347,Prairie View A&M,SWAC,-17.03,102.4,240,119.4,363,72.3,15,12/13/24 0:00
348,Northern Illinois,MAC,-17.59,95,353,112.6,321,69.8,91,12/13/24 0:00
349,The Citadel,SC,-17.89,95.6,346,113.5,335,65.4,301,12/13/24 0:00
350,Lindenwood,OVC,-18.09,95.1,351,113.2,330,67.9,194,12/13/24 0:00
351,Houston Christian,Slnd,-18.14,98.1,318,116.2,356,66,284,12/13/24 0:00
352,NJIT,AE,-18.31,94.2,356,112.5,319,65.3,306,12/13/24 0:00
353,Morgan St.,MEAC,-18.31,97.6,323,115.9,353,71.3,37,12/13/24 0:00
354,East Texas A&M,Slnd,-18.73,92.8,360,111.5,301,68.4,158,12/13/24 0:00
355,Alcorn St.,SWAC,-18.74,96.1,341,114.8,348,65.7,295,12/13/24 0:00
356,Mercyhurst,NEC,-19,96.7,333,115.7,351,64.2,346,12/13/24 0:00
357,Alabama A&M,SWAC,-19.72,94.1,357,113.8,339,71.4,35,12/13/24 0:00
358,Canisius,MAAC,-19.82,97.5,326,117.3,359,66.2,271,12/13/24 0:00
359,Maryland Eastern Shore,MEAC,-20.58,97.1,327,117.7,362,67.8,201,12/13/24 0:00
360,New Hampshire,AE,-21.09,90.7,362,111.8,306,67.9,195,12/13/24 0:00
,,,,,Strength of Schedule,NCSOS,,,,12/13/24 0:00
Rk,Team,Conf,NetRtg,ORtg,DRtg,AdjT,Luck,NetRtg,ORtg,12/13/24 0:00
361,Chicago St.,NEC,-21.62,92.2,361,113.8,338,70,76,12/13/24 0:00
362,Arkansas Pine Bluff,SWAC,-23.47,98.3,313,121.8,364,72.3,17,12/13/24 0:00
363,Coppin St.,MEAC,-25.39,88,363,113.4,333,66.7,246,12/13/24 0:00
364,Mississippi Valley St.,SWAC,-30.06,87.5,364,117.5,361,64.8,327,12/13/24 0:00
1,Auburn,SEC,32.26,128.1,1,95.9,22,68.3,167,12/14/24 0:00
2,Tennessee,SEC,30.95,119.9,10,89,2,66.4,262,12/14/24 0:00
3,Duke,ACC,30.63,119.4,14,88.8,1,66.5,252,12/14/24 0:00
4,Houston,B12,29.71,119.5,11,89.8,3,62.1,362,12/14/24 0:00
5,Gonzaga,WCC,29.62,125.2,2,95.5,19,69.5,107,12/14/24 0:00
6,Iowa St.,B12,28.93,123.1,3,94.2,12,69.7,93,12/14/24 0:00
7,Alabama,SEC,25.49,122.9,5,97.4,35,73.6,7,12/14/24 0:00
8,Florida,SEC,25.32,122.2,7,96.9,31,69.1,129,12/14/24 0:00
9,Marquette,BE,24.99,119.1,16,94.1,10,69.3,114,12/14/24 0:00
10,Kentucky,SEC,23.7,120.3,9,96.6,30,72,22,12/14/24 0:00
11,Kansas,B12,23.51,117.3,22,93.8,8,69.8,91,12/14/24 0:00
12,Baylor,B12,22.14,122.4,6,100.2,77,66.1,278,12/14/24 0:00
13,St. John's,BE,22.13,116.9,27,94.7,14,70.2,72,12/14/24 0:00
14,Connecticut,BE,22.09,123.1,4,101,87,65.1,319,12/14/24 0:00
15,UCLA,B10,21.87,114.1,50,92.2,4,66.6,251,12/14/24 0:00
16,Illinois,B10,21.86,116.7,28,94.8,16,71.6,31,12/14/24 0:00
17,Purdue,B10,21.74,121,8,99.3,61,65.2,314,12/14/24 0:00
18,Cincinnati,B12,21.7,116,34,94.3,13,66,281,12/14/24 0:00
19,Maryland,B10,21.58,115.7,36,94.1,11,69.9,83,12/14/24 0:00
20,Clemson,ACC,21.48,115.2,40,93.7,7,65.2,315,12/14/24 0:00
21,Oregon,B10,21.38,117.4,20,96,24,68.3,162,12/14/24 0:00
22,Michigan St.,B10,21.27,116.3,31,95.1,18,68,185,12/14/24 0:00
23,Texas A&M,SEC,20.81,114.8,44,94,9,67.2,231,12/14/24 0:00
24,Michigan,B10,20.75,115.5,37,94.7,15,70.1,75,12/14/24 0:00
25,Texas Tech,B12,20.45,118.2,19,97.7,41,66.5,257,12/14/24 0:00
26,Pittsburgh,ACC,20.43,117,25,96.5,28,68.4,158,12/14/24 0:00
27,Mississippi St.,SEC,20.34,118.9,17,98.6,53,68.5,154,12/14/24 0:00
28,Ohio St.,B10,19.81,117.3,21,97.5,37,68.1,176,12/14/24 0:00
29,Mississippi,SEC,19.64,119.5,13,99.8,69,67.3,222,12/14/24 0:00
30,Arizona,B12,19.63,117.2,24,97.6,38,72.5,12,12/14/24 0:00
31,North Carolina,ACC,19.42,117.3,23,97.9,44,73.6,5,12/14/24 0:00
32,Dayton,A10,19.28,119.5,12,100.2,75,66.3,272,12/14/24 0:00
33,Saint Mary's,WCC,18.56,115.1,42,96.6,29,64.3,340,12/14/24 0:00
34,Penn St.,B10,18.46,116.1,32,97.7,40,71.9,27,12/14/24 0:00
35,Wisconsin,B10,17.63,118.4,18,100.7,85,68.1,174,12/14/24 0:00
36,Georgia,SEC,17.39,113.8,52,96.4,26,67.3,224,12/14/24 0:00
37,Texas,SEC,17.09,113.4,55,96.3,25,67.2,228,12/14/24 0:00
38,Arkansas,SEC,16.62,112.4,61,95.8,20,70.5,63,12/14/24 0:00
39,Memphis,Amer,16.62,115.8,35,99.2,59,70.3,70,12/14/24 0:00
40,Creighton,BE,16.49,113.8,51,97.3,34,69.6,100,12/14/24 0:00
,,,,,Strength of Schedule,NCSOS,,,,12/14/24 0:00
Rk,Team,Conf,NetRtg,ORtg,DRtg,AdjT,Luck,NetRtg,ORtg,12/14/24 0:00
41,VCU,A10,16.36,109.7,105,93.4,5,67.7,203,12/14/24 0:00
42,San Diego St.,MWC,16.34,112.1,64,95.8,21,66.3,268,12/14/24 0:00
43,Oklahoma,SEC,16.18,115.5,38,99.3,60,67.7,204,12/14/24 0:00
44,BYU,B12,15.67,116.9,26,101.2,95,68.9,135,12/14/24 0:00
45,Iowa,B10,15.36,116.5,29,101.2,90,71.9,26,12/14/24 0:00
46,West Virginia,B12,15.23,111.7,70,96.5,27,66,282,12/14/24 0:00
47,Villanova,BE,15.21,119.2,15,104,129,64,348,12/14/24 0:00
48,Indiana,B10,14.93,114.6,46,99.7,66,71,46,12/14/24 0:00
49,Nevada,MWC,14.87,114.8,45,99.9,71,63.6,355,12/14/24 0:00
50,Utah St.,MWC,14.77,114.5,48,99.7,67,69.6,99,12/14/24 0:00
51,Missouri,SEC,14.62,115.1,43,100.5,84,69.3,117,12/14/24 0:00
52,LSU,SEC,14.52,113.3,56,98.7,55,68.8,138,12/14/24 0:00
53,UC Irvine,BW,14.48,108.1,133,93.6,6,69.7,96,12/14/24 0:00
54,Arizona St.,B12,14.43,112.6,60,98.2,48,68.7,143,12/14/24 0:00
55,Nebraska,B10,14.42,111.3,75,96.9,32,69.5,103,12/14/24 0:00
56,SMU,ACC,14.37,116.4,30,102,103,69.6,101,12/14/24 0:00
57,Boise St.,MWC,14.22,114.6,47,100.4,79,68.6,148,12/14/24 0:00
58,San Francisco,WCC,13.98,112.1,66,98.1,47,67.2,232,12/14/24 0:00
59,Northwestern,B10,13.73,109.7,107,95.9,23,64.9,325,12/14/24 0:00
60,Louisville,ACC,13.23,111,81,97.8,43,69,132,12/14/24 0:00
61,Vanderbilt,SEC,13.06,115.4,39,102.3,110,71,47,12/14/24 0:00
62,Xavier,BE,12.81,112.8,59,99.9,72,69.2,119,12/14/24 0:00
63,Liberty,CUSA,12.63,110.1,95,97.5,36,63.7,354,12/14/24 0:00
64,Utah,B12,12.07,111.4,74,99.4,62,70.8,53,12/14/24 0:00
65,Florida St.,ACC,11.81,109.8,102,98,46,70.9,49,12/14/24 0:00
66,Bradley,MVC,11.53,115.2,41,103.6,125,65.9,287,12/14/24 0:00
67,South Carolina,SEC,11.43,111,80,99.6,65,66.3,266,12/14/24 0:00
68,North Texas,Amer,11.19,106,162,94.8,17,64.3,341,12/14/24 0:00
69,Rutgers,B10,11.15,112.4,62,101.2,94,70.4,66,12/14/24 0:00
70,Kansas St.,B12,11.15,110.6,88,99.5,63,69,130,12/14/24 0:00
71,Butler,BE,10.9,112.1,65,101.2,92,67.7,202,12/14/24 0:00
72,Oregon St.,WCC,10.82,111.2,78,100.4,81,64.5,335,12/14/24 0:00
73,New Mexico,MWC,10.76,111.9,68,101.2,91,74.1,3,12/14/24 0:00
74,Washington St.,WCC,10.35,108.9,117,98.6,54,71.2,40,12/14/24 0:00
75,Colorado,B12,10.25,110,99,99.7,68,67.7,206,12/14/24 0:00
76,Drake,MVC,10.24,108.6,123,98.3,49,64.1,347,12/14/24 0:00
77,Providence,BE,9.91,108.4,128,98.5,51,64.2,343,12/14/24 0:00
78,N.C. State,ACC,9.62,110.1,98,100.5,82,66.3,270,12/14/24 0:00
79,George Mason,A10,9.61,107.9,135,98.3,50,66.3,271,12/14/24 0:00
80,UCF,B12,9.39,108.4,126,99,56,69.8,87,12/14/24 0:00
,,,,,Strength of Schedule,NCSOS,,,,12/14/24 0:00
Rk,Team,Conf,NetRtg,ORtg,DRtg,AdjT,Luck,NetRtg,ORtg,12/14/24 0:00
81,Stanford,ACC,9.26,113.2,58,103.9,127,67,237,12/14/24 0:00
82,Loyola Chicago,A10,9.12,109.1,116,100,73,68.2,173,12/14/24 0:00
83,Oklahoma St.,B12,9.12,110.8,86,101.7,100,72.2,18,12/14/24 0:00
84,Notre Dame,ACC,8.92,111.6,72,102.7,112,65.7,292,12/14/24 0:00
85,Santa Clara,WCC,8.82,110.5,90,101.7,99,68.5,155,12/14/24 0:00
86,St. Bonaventure,A10,8.77,107.3,142,98.5,52,65.3,308,12/14/24 0:00
87,Wichita St.,Amer,8.65,109.1,114,100.5,83,71.4,36,12/14/24 0:00
88,Georgetown,BE,8.62,108.7,121,100,74,69.5,106,12/14/24 0:00
89,UC San Diego,BW,8.62,110.9,85,102.2,109,66.7,243,12/14/24 0:00
90,Rhode Island,A10,8.55,109.3,113,100.8,86,72,23,12/14/24 0:00
91,TCU,B12,8.53,106.2,156,97.7,39,68.6,149,12/14/24 0:00
92,Florida Atlantic,Amer,7.96,113.6,53,105.6,167,71.6,30,12/14/24 0:00
93,Grand Canyon,WAC,7.95,110.2,93,102.2,108,71.7,29,12/14/24 0:00
94,USC,B10,7.87,109.8,104,101.9,102,67.4,218,12/14/24 0:00
95,McNeese,Slnd,7.68,110.6,89,102.9,114,65.8,291,12/14/24 0:00
96,Lipscomb,ASun,7.26,108.3,129,101.1,88,67.7,205,12/14/24 0:00
97,Miami FL,ACC,7.12,116.1,33,108.9,244,66,280,12/14/24 0:00
98,Yale,Ivy,6.93,113.2,57,106.3,180,67.8,199,12/14/24 0:00
99,Louisiana Tech,CUSA,6.83,109.6,108,102.7,113,65.7,294,12/14/24 0:00
100,Syracuse,ACC,6.82,112.3,63,105.5,164,70.4,64,12/14/24 0:00
101,Murray St.,MVC,6.8,109.9,101,103.1,117,65.3,310,12/14/24 0:00
102,Virginia,ACC,6.79,104.5,192,97.8,42,61.1,363,12/14/24 0:00
103,Washington,B10,6.65,106.5,154,99.9,70,68.7,140,12/14/24 0:00
104,Saint Joseph's,A10,6.55,108.1,131,101.6,96,69.9,79,12/14/24 0:00
105,Northern Iowa,MVC,6.4,109.9,100,103.5,123,65.3,305,12/14/24 0:00
106,Georgia Tech,ACC,6.39,108,134,101.6,97,70.5,61,12/14/24 0:00
107,DePaul,BE,6.26,108.5,125,102.2,106,68.3,163,12/14/24 0:00
108,Colorado St.,MWC,6.18,105.7,170,99.5,64,68.1,177,12/14/24 0:00
109,Wake Forest,ACC,5.98,103.9,209,97.9,45,66.6,249,12/14/24 0:00
110,Samford,SC,5.47,114.2,49,108.7,241,72,24,12/14/24 0:00
111,Western Kentucky,CUSA,5.46,104.5,194,99,57,72.6,11,12/14/24 0:00
112,Arkansas St.,SB,5.39,105.8,167,100.4,80,70.4,68,12/14/24 0:00
113,UNLV,MWC,5.24,110.2,94,104.9,151,66.1,277,12/14/24 0:00
114,Princeton,Ivy,4.97,111.3,77,106.3,181,67.4,215,12/14/24 0:00
115,Minnesota,B10,4.86,106.1,161,101.2,93,62.5,361,12/14/24 0:00
116,Kent St.,MAC,4.39,103.5,216,99.1,58,64.6,330,12/14/24 0:00
117,Furman,SC,4.29,105.4,175,101.1,89,66.5,255,12/14/24 0:00
118,Cornell,Ivy,3.78,111.8,69,108,224,71.5,33,12/14/24 0:00
119,South Dakota St.,Sum,3.65,108.3,130,104.6,145,69.1,124,12/14/24 0:00
120,Akron,MAC,3.45,111.3,76,107.9,220,69.2,123,12/14/24 0:00
,,,,,Strength of Schedule,NCSOS,,,,12/14/24 0:00
Rk,Team,Conf,NetRtg,ORtg,DRtg,AdjT,Luck,NetRtg,ORtg,12/14/24 0:00
121,Texas St.,SB,3.25,107.5,140,104.2,134,65.6,296,12/14/24 0:00
122,Troy,SB,3.22,105.4,174,102.2,107,67.6,209,12/14/24 0:00
123,Davidson,A10,3.2,111.6,73,108.4,233,67.1,233,12/14/24 0:00
124,UC Santa Barbara,BW,3.14,109.5,109,106.4,183,65.5,299,12/14/24 0:00
125,James Madison,SB,3.01,108.5,124,105.5,162,66.2,273,12/14/24 0:00
126,High Point,BSth,2.73,113.6,54,110.9,286,65.2,313,12/14/24 0:00
127,Sam Houston St.,CUSA,2.72,110.9,83,108.2,228,69.3,116,12/14/24 0:00
128,Wright St.,Horz,2.68,110.1,96,107.4,208,67.8,196,12/14/24 0:00
129,California,ACC,2.68,111.1,79,108.4,234,69.9,81,12/14/24 0:00
130,East Tennessee St.,SC,2.62,108.7,120,106.1,178,68.1,181,12/14/24 0:00
131,Seattle,WAC,2.43,107.9,136,105.5,161,66.7,245,12/14/24 0:00
132,Montana St.,BSky,2.41,108.1,132,105.7,168,66.2,275,12/14/24 0:00
133,UAB,Amer,2.33,111.7,71,109.3,248,69.7,95,12/14/24 0:00
134,UTEP,CUSA,2.25,104.8,185,102.6,111,69.7,97,12/14/24 0:00
135,Middle Tennessee,CUSA,2.22,106.6,152,104.4,138,68.6,152,12/14/24 0:00
136,Charleston,CAA,2.19,107,147,104.8,150,70.5,62,12/14/24 0:00
137,UMass Lowell,AE,2.14,109.1,115,107,195,72.3,15,12/14/24 0:00
138,St. Thomas,Sum,2.09,110.6,87,108.5,237,68.3,166,12/14/24 0:00
139,UNC Wilmington,CAA,1.95,106.7,151,104.7,147,67.4,217,12/14/24 0:00
140,UNC Greensboro,SC,1.89,103.7,212,101.8,101,64.5,332,12/14/24 0:00
141,Belmont,MVC,1.86,110.3,91,108.5,235,71.1,45,12/14/24 0:00
142,Temple,Amer,1.83,108.7,119,106.9,192,69.1,127,12/14/24 0:00
143,Seton Hall,BE,1.8,99,305,97.2,33,62.8,359,12/14/24 0:00
144,Virginia Tech,ACC,1.74,103.9,207,102.2,105,65.7,293,12/14/24 0:00
145,George Washington,A10,1.47,106.5,153,105,152,69,131,12/14/24 0:00
146,Hofstra,CAA,1.26,104.2,199,103,115,65.3,309,12/14/24 0:00
147,North Dakota St.,Sum,1.25,112,67,110.8,281,64.5,337,12/14/24 0:00
148,Elon,CAA,1.25,106.7,150,105.5,163,65.8,290,12/14/24 0:00
149,Wofford,SC,1.14,110.2,92,109.1,246,65.1,320,12/14/24 0:00
150,South Florida,Amer,1.01,106.9,149,105.8,171,69.2,122,12/14/24 0:00
151,Northeastern,CAA,0.95,104.1,203,103.1,119,68.6,150,12/14/24 0:00
152,Saint Louis,A10,0.93,109.5,111,108.5,236,69.4,108,12/14/24 0:00
153,La Salle,A10,0.75,105.3,176,104.5,139,70.9,50,12/14/24 0:00
154,Milwaukee,Horz,0.66,108.4,127,107.7,214,68.4,160,12/14/24 0:00
155,Boston College,ACC,0.6,105.2,182,104.6,141,67,236,12/14/24 0:00
156,CSUN,BW,0.54,104.5,193,104,130,72.6,10,12/14/24 0:00
157,Purdue Fort Wayne,Horz,0.54,110.9,84,110.3,272,69.3,115,12/14/24 0:00
158,Columbia,Ivy,0.11,109.7,106,109.6,256,68.6,147,12/14/24 0:00
159,Loyola Marymount,WCC,0.04,104.6,188,104.6,142,67.6,208,12/14/24 0:00
160,Appalachian St.,SB,0.02,103.5,215,103.5,122,64.5,334,12/14/24 0:00
,,,,,Strength of Schedule,NCSOS,,,,12/14/24 0:00
Rk,Team,Conf,NetRtg,ORtg,DRtg,AdjT,Luck,NetRtg,ORtg,12/14/24 0:00
161,Ohio,MAC,-0.26,109.8,103,110,265,69.9,84,12/14/24 0:00
162,Kennesaw St.,CUSA,-0.33,105.2,178,105.5,166,71.7,28,12/14/24 0:00
163,Cal Baptist,WAC,-0.38,110.1,97,110.5,275,65.3,304,12/14/24 0:00
164,East Carolina,Amer,-0.47,105.6,171,106.1,177,65.1,316,12/14/24 0:00
165,Northern Colorado,BSky,-0.6,107,148,107.6,211,71.2,41,12/14/24 0:00
166,Florida Gulf Coast,ASun,-0.67,105.7,169,106.4,184,64.4,339,12/14/24 0:00
167,Rice,Amer,-0.73,103.5,218,104.2,132,66,285,12/14/24 0:00
168,Winthrop,BSth,-0.77,105.8,166,106.6,187,72.4,13,12/14/24 0:00
169,Radford,BSth,-0.84,107.1,146,107.9,223,65,321,12/14/24 0:00
170,Texas A&M Corpus Chris,Slnd,-0.9,106.1,159,107,196,69.9,80,12/14/24 0:00
171,Norfolk St.,MEAC,-0.96,107.2,143,108.1,226,66.3,264,12/14/24 0:00
172,North Alabama,ASun,-0.99,105.2,183,106.1,179,68.5,153,12/14/24 0:00
173,UT Arlington,WAC,-1.01,109.5,110,110.5,276,70.9,51,12/14/24 0:00
174,Miami OH,MAC,-1.1,104.1,204,105.2,156,68.3,164,12/14/24 0:00
175,Utah Valley,WAC,-1.13,103.4,219,104.6,140,69.5,105,12/14/24 0:00
176,Brown,Ivy,-1.18,106.2,158,107.3,205,65.2,311,12/14/24 0:00
177,Illinois St.,MVC,-1.19,107.1,145,108.3,231,66.4,263,12/14/24 0:00
178,Southern Illinois,MVC,-1.25,102.7,233,103.9,126,70.4,69,12/14/24 0:00
179,North Florida,ASun,-1.25,110.9,82,112.2,312,70.6,60,12/14/24 0:00
180,Jacksonville St.,CUSA,-1.31,107.7,138,109,245,66.3,267,12/14/24 0:00
181,Bryant,AE,-1.4,105.6,172,107,194,73.6,6,12/14/24 0:00
182,UC Riverside,BW,-1.42,104.6,189,106,175,68,183,12/14/24 0:00
183,Marshall,SB,-1.44,104.5,195,105.9,172,71.1,42,12/14/24 0:00
184,Oakland,Horz,-1.61,103.2,224,104.8,148,63.1,358,12/14/24 0:00
185,UC Davis,BW,-1.63,98.8,308,100.4,78,71.5,34,12/14/24 0:00
186,Chattanooga,SC,-1.87,107.7,137,109.6,258,67.9,191,12/14/24 0:00
187,Jacksonville,ASun,-1.96,102.6,234,104.6,143,69.1,128,12/14/24 0:00
188,Central Michigan,MAC,-1.99,102.3,242,104.3,135,68.1,180,12/14/24 0:00
189,Abilene Christian,WAC,-2.02,104.6,191,106.6,185,67.5,211,12/14/24 0:00
190,Montana,BSky,-2.03,105.8,168,107.8,217,69.4,112,12/14/24 0:00
191,Towson,CAA,-2.18,102.1,245,104.2,133,64.4,338,12/14/24 0:00
192,Southern Utah,WAC,-2.24,106,164,108.2,229,68.9,136,12/14/24 0:00
193,Vermont,AE,-2.3,99.8,289,102.1,104,63.7,353,12/14/24 0:00
194,UNC Asheville,BSth,-2.32,107.1,144,109.5,253,67.1,234,12/14/24 0:00
195,Wyoming,MWC,-2.38,103,227,105.4,159,66.6,246,12/14/24 0:00
196,Missouri St.,MVC,-2.48,101.7,249,104.2,131,66.4,261,12/14/24 0:00
197,Fordham,A10,-2.5,103,226,105.5,165,70.6,57,12/14/24 0:00
198,Hawaii,BW,-2.57,104.3,197,106.8,191,66.4,259,12/14/24 0:00
199,Drexel,CAA,-2.6,104.1,206,106.7,190,64.2,344,12/14/24 0:00
200,Indiana St.,MVC,-2.62,108.8,118,111.4,299,72.8,9,12/14/24 0:00
,,,,,Strength of Schedule,NCSOS,,,,12/14/24 0:00
Rk,Team,Conf,NetRtg,ORtg,DRtg,AdjT,Luck,NetRtg,ORtg,12/14/24 0:00
201,South Alabama,SB,-2.83,103.8,211,106.6,188,65,322,12/14/24 0:00
202,Longwood,BSth,-2.9,102.6,235,105.5,160,68.9,137,12/14/24 0:00
203,New Mexico St.,CUSA,-2.92,103.1,225,106,176,67.4,214,12/14/24 0:00
204,Merrimack,MAAC,-3.02,100.2,279,103.2,120,64.9,323,12/14/24 0:00
205,Little Rock,OVC,-3.12,100.4,277,103.5,124,68.2,170,12/14/24 0:00
206,Massachusetts,A10,-3.24,104.1,205,107.3,204,70.9,48,12/14/24 0:00
207,Richmond,A10,-3.25,101.4,252,104.7,146,66.9,239,12/14/24 0:00
208,Charlotte,Amer,-3.26,107.3,141,110.6,277,63.2,357,12/14/24 0:00
209,Tulane,Amer,-3.33,104.3,196,107.7,212,67.9,192,12/14/24 0:00
210,Toledo,MAC,-3.69,108.7,122,112.3,317,69.7,92,12/14/24 0:00
211,Maine,AE,-3.73,99.3,303,103,116,67.9,189,12/14/24 0:00
212,San Jose St.,MWC,-3.9,105.5,173,109.4,251,64.7,329,12/14/24 0:00
213,Lamar,Slnd,-4.19,102.4,239,106.6,186,67.2,226,12/14/24 0:00
214,Central Connecticut,NEC,-4.23,99,306,103.2,121,65.3,306,12/14/24 0:00
215,William & Mary,CAA,-4.41,107.7,139,112.1,309,71.9,25,12/14/24 0:00
216,Youngstown St.,Horz,-4.53,97.1,329,101.6,98,68.9,134,12/14/24 0:00
217,Eastern Kentucky,ASun,-4.62,106.2,155,110.8,284,68.2,171,12/14/24 0:00
218,Northern Kentucky,Horz,-4.62,100.4,275,105.1,153,66.6,250,12/14/24 0:00
219,Weber St.,BSky,-4.69,105.2,180,109.9,264,66.5,253,12/14/24 0:00
220,Southern,SWAC,-4.86,99.7,291,104.6,144,68.1,179,12/14/24 0:00
221,Stephen F. Austin,Slnd,-4.87,95.3,349,100.2,76,65.5,298,12/14/24 0:00
222,Cal Poly,BW,-5.01,103.6,213,108.6,239,74.8,2,12/14/24 0:00
223,American,PL,-5.15,104.6,190,109.7,260,63.8,351,12/14/24 0:00
224,Saint Peter's,MAAC,-5.25,100.6,271,105.8,170,63.2,356,12/14/24 0:00
225,Gardner Webb,BSth,-5.32,102.5,236,107.8,218,70,77,12/14/24 0:00
226,Cleveland St.,Horz,-5.41,98.6,311,104,128,67.2,225,12/14/24 0:00
227,Southeastern Louisiana,Slnd,-5.45,97.7,325,103.1,118,68.6,146,12/14/24 0:00
228,Georgia Southern,SB,-5.48,100.5,274,105.9,173,72.2,20,12/14/24 0:00
229,Idaho St.,BSky,-5.48,102.4,238,107.9,221,64.8,328,12/14/24 0:00
230,Mercer,SC,-5.53,105.3,177,110.8,282,70.6,59,12/14/24 0:00
231,Duquesne,A10,-5.57,99.7,294,105.3,157,66.4,260,12/14/24 0:00
232,Delaware,CAA,-5.65,106.1,160,111.7,304,70.7,56,12/14/24 0:00
233,Albany,AE,-5.69,104.7,187,110.3,271,69.7,94,12/14/24 0:00
234,Georgia St.,SB,-5.83,103.5,214,109.3,249,69.3,118,12/14/24 0:00
235,Quinnipiac,MAAC,-5.83,101.2,258,107,197,69.9,85,12/14/24 0:00
236,Presbyterian,BSth,-5.9,102.9,229,108.8,243,66,284,12/14/24 0:00
237,Nicholls,Slnd,-5.91,101,261,107,193,67.9,188,12/14/24 0:00
238,South Dakota,Sum,-6.01,109.4,112,115.4,350,73.9,4,12/14/24 0:00
239,UT Rio Grande Valley,Slnd,-6.07,104.7,186,110.7,279,70.9,52,12/14/24 0:00
240,Marist,MAAC,-6.07,101.7,248,107.8,215,64.9,326,12/14/24 0:00
,,,,,Strength of Schedule,NCSOS,,,,12/14/24 0:00
Rk,Team,Conf,NetRtg,ORtg,DRtg,AdjT,Luck,NetRtg,ORtg,12/14/24 0:00
241,UTSA,Amer,-6.34,103.3,221,109.6,259,71.3,38,12/14/24 0:00
242,Pepperdine,WCC,-6.42,100.9,265,107.3,203,69,133,12/14/24 0:00
243,Valparaiso,MVC,-6.49,105.2,181,111.7,302,68.1,178,12/14/24 0:00
244,UMBC,AE,-6.54,105.2,179,111.7,303,72.2,19,12/14/24 0:00
245,Illinois Chicago,MVC,-6.63,103.5,217,110.1,267,70.1,74,12/14/24 0:00
246,Campbell,CAA,-6.63,99.3,301,106,174,67,235,12/14/24 0:00
247,Tulsa,Amer,-6.69,100.7,268,107.4,207,68.2,172,12/14/24 0:00
248,Boston University,PL,-6.91,101.7,247,108.7,240,64,349,12/14/24 0:00
249,Mount St. Mary's,MAAC,-6.92,100.7,270,107.6,210,67.9,193,12/14/24 0:00
250,Austin Peay,ASun,-7.09,97.7,322,104.8,149,63.7,352,12/14/24 0:00
251,Lafayette,PL,-7.1,100.1,281,107.2,201,66.5,254,12/14/24 0:00
252,FIU,CUSA,-7.13,98.2,317,105.3,158,70,78,12/14/24 0:00
253,Cal St. Bakersfield,BW,-7.17,102.3,241,109.5,255,65.1,317,12/14/24 0:00
254,Lehigh,PL,-7.2,106.2,157,113.4,333,67.2,229,12/14/24 0:00
255,Robert Morris,Horz,-7.22,97.2,328,104.4,137,69.5,102,12/14/24 0:00
256,Colgate,PL,-7.28,102.1,243,109.4,252,65.9,288,12/14/24 0:00
257,Northwestern St.,Slnd,-7.31,100.5,272,107.8,219,65.4,300,12/14/24 0:00
258,Bucknell,PL,-7.39,97.7,321,105.1,154,68,184,12/14/24 0:00
259,SIUE,OVC,-7.61,99.8,288,107.5,209,66.6,248,12/14/24 0:00
260,South Carolina St.,MEAC,-7.61,100.1,282,107.7,213,68.2,168,12/14/24 0:00
261,Eastern Washington,BSky,-7.63,105.9,165,113.5,335,68.4,157,12/14/24 0:00
262,Grambling St.,SWAC,-7.64,99.5,295,107.1,200,67.8,197,12/14/24 0:00
263,Alabama St.,SWAC,-7.64,104.1,202,111.8,305,70.1,73,12/14/24 0:00
264,Pacific,WCC,-7.76,99.5,296,107.2,202,67.9,190,12/14/24 0:00
265,Harvard,Ivy,-7.79,99.3,300,107.1,199,67.6,207,12/14/24 0:00
266,Bowling Green,MAC,-7.83,102.9,228,110.8,280,69.5,104,12/14/24 0:00
267,Hampton,CAA,-7.94,101.3,257,109.2,247,65.2,312,12/14/24 0:00
268,Evansville,MVC,-8.03,101.4,251,109.5,254,68.2,169,12/14/24 0:00
269,Portland St.,BSky,-8.07,103.9,208,111.9,307,70.4,67,12/14/24 0:00
270,Western Michigan,MAC,-8.12,103.2,223,111.3,293,66.3,269,12/14/24 0:00
271,Howard,MEAC,-8.14,104.1,201,112.3,315,67.5,212,12/14/24 0:00
272,Siena,MAAC,-8.17,99.8,290,107.9,222,64.3,342,12/14/24 0:00
273,Coastal Carolina,SB,-8.26,100.5,273,108.8,242,64.1,346,12/14/24 0:00
274,Iona,MAAC,-8.34,98.3,315,106.6,189,69.4,110,12/14/24 0:00
275,Southern Miss,SB,-8.36,99.4,297,107.8,216,71.1,43,12/14/24 0:00
276,Northern Arizona,BSky,-8.6,103.8,210,112.4,318,66.8,241,12/14/24 0:00
277,Rider,MAAC,-8.62,100.7,267,109.4,250,64.5,333,12/14/24 0:00
278,Louisiana,SB,-8.66,104.2,200,112.9,323,68.7,139,12/14/24 0:00
279,Fresno St.,MWC,-8.73,95.6,347,104.3,136,75,1,12/14/24 0:00
280,Sacred Heart,MAAC,-8.93,102.5,237,111.4,296,69.4,109,12/14/24 0:00
,,,,,Strength of Schedule,NCSOS,,,,12/14/24 0:00
Rk,Team,Conf,NetRtg,ORtg,DRtg,AdjT,Luck,NetRtg,ORtg,12/14/24 0:00
281,Idaho,BSky,-9.05,106,163,115.1,349,65.6,297,12/14/24 0:00
282,Southern Indiana,OVC,-9.26,101.7,250,110.9,288,66.5,256,12/14/24 0:00
283,Kansas City,Sum,-9.34,98.7,309,108,225,67.2,230,12/14/24 0:00
284,Incarnate Word,Slnd,-9.47,105,184,114.5,346,66.2,274,12/14/24 0:00
285,Army,PL,-9.57,104.3,198,113.8,339,66.5,258,12/14/24 0:00
286,Queens,ASun,-9.64,100.1,280,109.8,261,70.3,71,12/14/24 0:00
287,Air Force,MWC,-9.7,101.1,259,110.8,285,62.6,360,12/14/24 0:00
288,Monmouth,CAA,-9.96,101.1,260,111.1,290,68,186,12/14/24 0:00
289,North Carolina Central,MEAC,-10.13,102.7,232,112.9,322,66.8,242,12/14/24 0:00
290,Charleston Southern,BSth,-10.31,100.7,269,111,289,69.2,121,12/14/24 0:00
291,Bethune Cookman,SWAC,-10.41,95.9,343,106.3,182,69.4,113,12/14/24 0:00
292,Morehead St.,OVC,-10.46,100.8,266,111.2,291,67.4,220,12/14/24 0:00
293,Southeast Missouri,OVC,-10.51,96.6,336,107.1,198,70.8,54,12/14/24 0:00
294,North Dakota,Sum,-10.61,102.8,231,113.4,332,68.1,175,12/14/24 0:00
295,Long Beach St.,BW,-10.64,101.3,256,112,308,64.6,331,12/14/24 0:00
296,Ball St.,MAC,-10.73,99.4,299,110.1,268,67.3,223,12/14/24 0:00
297,Utah Tech,WAC,-10.91,100.4,276,111.4,294,67.4,213,12/14/24 0:00
298,Nebraska Omaha,Sum,-10.94,100.4,278,111.4,295,67.8,198,12/14/24 0:00
299,Oral Roberts,Sum,-10.96,103.3,220,114.2,343,69.1,125,12/14/24 0:00
300,Detroit Mercy,Horz,-11,99.9,286,110.9,287,67.4,216,12/14/24 0:00
301,Eastern Michigan,MAC,-11.01,99.3,302,110.3,270,67.3,221,12/14/24 0:00
302,Fairfield,MAAC,-11.04,103.2,222,114.3,344,67,238,12/14/24 0:00
303,San Diego,WCC,-11.11,94.6,355,105.7,169,72.3,14,12/14/24 0:00
304,Texas Southern,SWAC,-11.2,98.7,310,109.9,262,69.1,126,12/14/24 0:00
305,Manhattan,MAAC,-11.41,102.1,244,113.5,337,69.8,89,12/14/24 0:00
306,Western Carolina,SC,-11.57,97,330,108.6,238,71.3,39,12/14/24 0:00
307,Wagner,NEC,-11.62,93.5,358,105.2,155,61.1,364,12/14/24 0:00
308,Jackson St.,SWAC,-11.86,96.5,337,108.3,232,69.8,90,12/14/24 0:00
309,Cal St. Fullerton,BW,-11.9,96.2,339,108.1,227,65.9,289,12/14/24 0:00
310,Penn,Ivy,-11.91,101,263,112.9,324,65.1,318,12/14/24 0:00
311,Navy,PL,-11.95,101,262,113,325,68.7,141,12/14/24 0:00
312,Portland,WCC,-12.23,98.2,316,110.4,274,69.9,82,12/14/24 0:00
313,Binghamton,AE,-12.31,99.9,285,112.2,313,64.9,324,12/14/24 0:00
314,Tarleton St.,WAC,-12.45,94.9,354,107.4,206,66.2,276,12/14/24 0:00
315,Denver,Sum,-12.49,99.7,292,112.2,314,68,187,12/14/24 0:00
316,Dartmouth,Ivy,-12.67,95.6,346,108.3,230,70.4,65,12/14/24 0:00
317,Loyola MD,PL,-12.76,98.1,319,110.8,283,67.2,227,12/14/24 0:00
318,Stonehill,NEC,-12.92,97.8,320,110.7,278,66,283,12/14/24 0:00
319,Saint Francis,NEC,-12.94,98.3,313,111.3,292,68.7,142,12/14/24 0:00
320,North Carolina A&T,CAA,-13.08,99.9,284,113,326,73.4,8,12/14/24 0:00
,,,,,Strength of Schedule,NCSOS,,,,12/14/24 0:00
Rk,Team,Conf,NetRtg,ORtg,DRtg,AdjT,Luck,NetRtg,ORtg,12/14/24 0:00
321,Tennessee St.,OVC,-13.16,99,307,112.1,311,71.5,32,12/14/24 0:00
322,Green Bay,Horz,-13.2,102.9,230,116.1,354,70.6,58,12/14/24 0:00
323,Niagara,MAAC,-13.4,101,264,114.4,345,64.5,336,12/14/24 0:00
324,Buffalo,MAC,-13.58,99.7,293,113.3,331,69.6,98,12/14/24 0:00
325,Western Illinois,OVC,-13.63,99.4,298,113,327,63.9,350,12/14/24 0:00
326,Eastern Illinois,OVC,-13.69,95.9,344,109.6,257,66.6,247,12/14/24 0:00
327,Old Dominion,SB,-13.99,98.3,314,112.3,316,68.7,145,12/14/24 0:00
328,Tennessee Tech,OVC,-14.2,99.9,287,114.1,342,67.8,201,12/14/24 0:00
329,Holy Cross,PL,-14.38,101.4,254,115.8,351,65.3,303,12/14/24 0:00
330,Louisiana Monroe,SB,-14.38,96,342,110.4,273,68,182,12/14/24 0:00
331,Bellarmine,ASun,-14.56,102,246,116.6,357,66.9,240,12/14/24 0:00
332,LIU,NEC,-14.79,95.1,352,109.9,263,68.3,165,12/14/24 0:00
333,Central Arkansas,ASun,-14.83,96.6,335,111.4,297,67.6,210,12/14/24 0:00
334,Sacramento St.,BSky,-14.85,95.2,350,110,266,65.3,307,12/14/24 0:00
335,Tennessee Martin,OVC,-15.12,96.3,338,111.4,298,68.6,151,12/14/24 0:00
336,Stony Brook,CAA,-15.63,97,331,112.6,321,68.3,161,12/14/24 0:00
337,Fairleigh Dickinson,NEC,-15.65,101.4,255,117,358,71.1,44,12/14/24 0:00
338,Stetson,ASun,-15.74,99.1,304,114.8,347,68.7,144,12/14/24 0:00
339,Le Moyne,NEC,-15.93,96.2,340,112.1,310,69.2,120,12/14/24 0:00
340,IU Indy,Horz,-15.98,101.4,253,117.4,360,66.1,279,12/14/24 0:00
341,Delaware St.,MEAC,-15.98,95.6,348,111.6,300,70.7,55,12/14/24 0:00
342,USC Upstate,BSth,-16.1,100,283,116.1,355,72.2,21,12/14/24 0:00
343,New Orleans,Slnd,-16.18,97,332,113.1,328,69.9,86,12/14/24 0:00
344,VMI,SC,-16.22,97.7,323,113.9,341,68.4,156,12/14/24 0:00
345,West Georgia,ASun,-16.46,96.7,334,113.2,329,67.4,219,12/14/24 0:00
346,Florida A&M,SWAC,-16.86,93.4,359,110.2,269,69.4,111,12/14/24 0:00
347,Prairie View A&M,SWAC,-17.03,102.4,240,119.4,363,72.3,16,12/14/24 0:00
348,Northern Illinois,MAC,-17.58,95,353,112.6,320,69.8,88,12/14/24 0:00
349,The Citadel,SC,-17.89,95.6,345,113.5,336,65.4,301,12/14/24 0:00
350,Lindenwood,OVC,-18.09,95.1,351,113.2,330,67.9,194,12/14/24 0:00
351,Houston Christian,Slnd,-18.16,98.2,318,116.3,356,66,286,12/14/24 0:00
352,NJIT,AE,-18.28,94.3,356,112.6,319,65.3,302,12/14/24 0:00
353,Morgan St.,MEAC,-18.3,97.7,324,116,353,71.3,37,12/14/24 0:00
354,East Texas A&M,Slnd,-18.72,92.9,360,111.6,301,68.4,159,12/14/24 0:00
355,Alcorn St.,SWAC,-18.74,96.1,341,114.8,348,65.7,295,12/14/24 0:00
356,Mercyhurst,NEC,-18.97,96.8,333,115.8,352,64.2,345,12/14/24 0:00
357,Alabama A&M,SWAC,-19.71,94.1,357,113.8,340,71.4,35,12/14/24 0:00
358,Canisius,MAAC,-19.78,97.5,326,117.2,359,66.3,265,12/14/24 0:00
359,Maryland Eastern Shore,MEAC,-20.59,97.2,327,117.8,362,67.8,200,12/14/24 0:00
360,New Hampshire,AE,-21.08,90.7,362,111.8,306,67.8,195,12/14/24 0:00
,,,,,Strength of Schedule,NCSOS,,,,12/14/24 0:00
Rk,Team,Conf,NetRtg,ORtg,DRtg,AdjT,Luck,NetRtg,ORtg,12/14/24 0:00
361,Chicago St.,NEC,-21.63,92.2,361,113.8,338,70,76,12/14/24 0:00
362,Arkansas Pine Bluff,SWAC,-23.46,98.4,312,121.8,364,72.3,17,12/14/24 0:00
363,Coppin St.,MEAC,-25.39,88,363,113.4,334,66.7,244,12/14/24 0:00
364,Mississippi Valley St.,SWAC,-30.06,87.5,364,117.6,361,64.8,327,12/14/24 0:00
1,Auburn,SEC,35,129.8,1,94.8,12,67.9,191,12/15/24 0:00
2,Tennessee,SEC,31,119.6,14,88.7,1,66.1,279,12/15/24 0:00
3,Duke,ACC,30.88,119.9,12,89,2,66.8,244,12/15/24 0:00
4,Houston,B12,29.77,120,11,90.3,3,62.3,362,12/15/24 0:00
5,Iowa St.,B12,29.21,123.7,3,94.4,10,70,79,12/15/24 0:00
6,Gonzaga,WCC,28.87,124.4,2,95.5,20,69.7,103,12/15/24 0:00
7,Florida,SEC,26.2,122.3,7,96.1,21,69.7,100,12/15/24 0:00
8,Alabama,SEC,25.32,122.9,6,97.6,35,73.7,8,12/15/24 0:00
9,Marquette,BE,24.04,118.9,17,94.8,13,68.8,146,12/15/24 0:00
10,Kansas,B12,23.91,118,22,94.1,7,69.3,123,12/15/24 0:00
11,Kentucky,SEC,23.32,121.8,8,98.5,45,72.1,21,12/15/24 0:00
12,Connecticut,BE,23.3,123.4,4,100.1,73,65.4,308,12/15/24 0:00
13,UCLA,B10,22.24,112.9,57,90.7,4,66.1,277,12/15/24 0:00
14,Baylor,B12,22.19,123,5,100.8,83,66.3,272,12/15/24 0:00
15,St. John's,BE,22.12,117.4,24,95.3,17,70.2,76,12/15/24 0:00
16,Illinois,B10,22.11,116.7,29,94.6,11,71.3,40,12/15/24 0:00
17,Oregon,B10,21.57,118.2,20,96.7,27,68.4,165,12/15/24 0:00
18,Michigan St.,B10,21.46,116.7,28,95.3,18,68.2,177,12/15/24 0:00
19,Texas A&M,SEC,21.45,115,44,93.6,6,67.5,218,12/15/24 0:00
20,Maryland,B10,21.06,115.9,39,94.8,14,70.1,77,12/15/24 0:00
21,Purdue,B10,20.98,120.8,9,99.8,64,65.4,307,12/15/24 0:00
22,Michigan,B10,20.9,115.9,38,95,15,70.2,73,12/15/24 0:00
23,Cincinnati,B12,20.83,114.9,45,94.1,8,66.3,269,12/15/24 0:00
24,Mississippi,SEC,20.7,119.8,13,99.1,56,67,241,12/15/24 0:00
25,Dayton,A10,20.53,120.3,10,99.8,63,65.9,291,12/15/24 0:00
26,Texas Tech,B12,20.53,118.6,18,98.1,39,66.6,252,12/15/24 0:00
27,Clemson,ACC,20.29,115.4,42,95.1,16,65.1,323,12/15/24 0:00
28,North Carolina,ACC,20.25,118.1,21,97.8,36,74,6,12/15/24 0:00
29,Pittsburgh,ACC,20.17,117.3,25,97.1,31,68.4,161,12/15/24 0:00
30,Mississippi St.,SEC,19.56,118.3,19,98.7,52,68.4,163,12/15/24 0:00
31,Arizona,B12,19.51,115.9,37,96.4,26,71.9,26,12/15/24 0:00
32,Penn St.,B10,18.52,116.5,30,97.9,38,72.4,14,12/15/24 0:00
33,Wisconsin,B10,18.19,119.6,15,101.4,89,68.4,162,12/15/24 0:00
34,Memphis,Amer,18.12,117.5,23,99.4,60,70.3,66,12/15/24 0:00
35,Saint Mary's,WCC,18.1,114.8,48,96.7,28,63.8,353,12/15/24 0:00
36,Ohio St.,B10,17.5,116.3,32,98.8,53,67.9,194,12/15/24 0:00
37,Oklahoma,SEC,17.28,115.9,34,98.7,49,67.9,198,12/15/24 0:00
38,Georgia,SEC,17.2,113.6,54,96.4,25,67.3,227,12/15/24 0:00
39,Arkansas,SEC,16.93,113.2,56,96.2,22,70.2,69,12/15/24 0:00
40,Texas,SEC,16.89,113.7,52,96.8,29,67.4,224,12/15/24 0:00
,,,,,Strength of Schedule,NCSOS,,,,12/15/24 0:00
Rk,Team,Conf,NetRtg,ORtg,DRtg,AdjT,Luck,NetRtg,ORtg,12/15/24 0:00
41,Creighton,BE,16.7,113.9,51,97.2,32,69.8,95,12/15/24 0:00
42,VCU,A10,16.64,110.9,89,94.2,9,67.6,214,12/15/24 0:00
43,BYU,B12,16.39,116.9,27,100.5,77,68.6,153,12/15/24 0:00
44,San Diego St.,MWC,16.32,112.6,60,96.3,23,66.5,257,12/15/24 0:00
45,Utah St.,MWC,15.58,115.3,43,99.8,62,69.8,96,12/15/24 0:00
46,Iowa,B10,15.42,116.9,26,101.5,90,72,24,12/15/24 0:00
47,West Virginia,B12,15.39,112.4,68,97,30,66.4,259,12/15/24 0:00
48,Nevada,MWC,15.39,115.9,36,100.5,78,64.2,344,12/15/24 0:00
49,Missouri,SEC,15.35,116.1,33,100.8,85,69.2,128,12/15/24 0:00
50,SMU,ACC,15.18,115.9,35,100.8,84,69.9,88,12/15/24 0:00
51,Villanova,BE,14.94,119.6,16,104.6,134,64.1,345,12/15/24 0:00
52,Indiana,B10,14.84,114.9,46,100.1,68,71.1,50,12/15/24 0:00
53,Nebraska,B10,14.59,111.9,79,97.3,33,69.6,106,12/15/24 0:00
54,Boise St.,MWC,14.48,114.5,49,100,66,68.1,178,12/15/24 0:00
55,San Francisco,WCC,14.04,112.5,66,98.4,44,67.2,233,12/15/24 0:00
56,Northwestern,B10,13.78,110.1,109,96.4,24,65,327,12/15/24 0:00
57,Arizona St.,B12,13.77,112,75,98.3,40,69.3,126,12/15/24 0:00
58,Louisville,ACC,13.71,112.6,59,98.9,55,69.1,137,12/15/24 0:00
59,LSU,SEC,13.66,112,76,98.4,43,69.2,133,12/15/24 0:00
60,Xavier,BE,13.34,112.5,64,99.2,57,69.6,108,12/15/24 0:00
61,Vanderbilt,SEC,13.25,115.8,40,102.5,106,71.1,49,12/15/24 0:00
62,UC Irvine,BW,13.14,106.5,161,93.4,5,70.3,68,12/15/24 0:00
63,Utah,B12,12.55,111.8,80,99.3,58,71.3,42,12/15/24 0:00
64,Oregon St.,WCC,12.28,111.1,87,98.8,54,65.1,324,12/15/24 0:00
65,Florida St.,ACC,11.96,110.2,106,98.3,41,70.9,57,12/15/24 0:00
66,Liberty,CUSA,11.64,110.4,102,98.7,50,63.9,350,12/15/24 0:00
67,North Texas,Amer,11.42,106.9,152,95.5,19,64.3,342,12/15/24 0:00
68,South Carolina,SEC,11.28,110.6,92,99.3,59,66.3,267,12/15/24 0:00
69,Kansas St.,B12,10.84,110.9,88,100.1,72,69.1,139,12/15/24 0:00
70,New Mexico,MWC,10.66,112.4,70,101.7,92,74.1,3,12/15/24 0:00
71,Washington St.,WCC,10.59,110.7,90,100.1,67,71.4,38,12/15/24 0:00
72,Colorado,B12,10.44,110.5,98,100.1,70,67.7,209,12/15/24 0:00
73,Drake,MVC,10.41,109,125,98.6,48,64,348,12/15/24 0:00
74,Butler,BE,10.33,112.6,62,102.3,101,67.8,201,12/15/24 0:00
75,Bradley,MVC,10.26,115.7,41,105.4,148,65.9,287,12/15/24 0:00
76,Rutgers,B10,10.23,112.5,63,102.3,103,70.5,63,12/15/24 0:00
77,Santa Clara,WCC,10.01,112.3,71,102.3,102,68.5,158,12/15/24 0:00
78,Providence,BE,9.71,109.8,113,100.1,71,64.3,341,12/15/24 0:00
79,George Mason,A10,9.67,108.4,133,98.7,51,66.3,268,12/15/24 0:00
80,UCF,B12,9.52,109.9,112,100.4,75,69.8,97,12/15/24 0:00
,,,,,Strength of Schedule,NCSOS,,,,12/15/24 0:00
Rk,Team,Conf,NetRtg,ORtg,DRtg,AdjT,Luck,NetRtg,ORtg,12/15/24 0:00
81,St. Bonaventure,A10,9.47,109,124,99.6,61,65.4,310,12/15/24 0:00
82,Stanford,ACC,9.45,113.5,55,104.1,126,67,239,12/15/24 0:00
83,N.C. State,ACC,9.22,110.6,94,101.3,88,65.9,292,12/15/24 0:00
84,Georgetown,BE,9.1,109.3,122,100.2,74,69.2,132,12/15/24 0:00
85,Loyola Chicago,A10,8.89,109.3,121,100.5,76,68.2,170,12/15/24 0:00
86,Notre Dame,ACC,8.85,112,77,103.2,115,65.9,288,12/15/24 0:00
87,TCU,B12,8.67,106.6,157,97.9,37,68.7,148,12/15/24 0:00
88,UC San Diego,BW,8.54,111.1,85,102.6,110,66.7,247,12/15/24 0:00
89,DePaul,BE,8.49,110.5,96,102,95,68.4,164,12/15/24 0:00
90,McNeese,Slnd,8.42,110.4,100,102,94,65.7,300,12/15/24 0:00
91,Rhode Island,A10,8.39,109.6,114,101.3,86,72,22,12/15/24 0:00
92,Grand Canyon,WAC,8.32,110.4,101,102.1,98,71.9,28,12/15/24 0:00
93,Oklahoma St.,B12,8.23,110.3,103,102.1,99,72.2,17,12/15/24 0:00
94,Florida Atlantic,Amer,8.23,114.9,47,106.6,182,72,25,12/15/24 0:00
95,USC,B10,7.88,110.1,110,102.2,100,67.5,219,12/15/24 0:00
96,Lipscomb,ASun,7.44,108.7,130,101.3,87,67.7,208,12/15/24 0:00
97,Wichita St.,Amer,7.12,109.6,115,102.5,107,71.5,36,12/15/24 0:00
98,Miami FL,ACC,7.02,116.4,31,109.4,242,66.2,273,12/15/24 0:00
99,Yale,Ivy,7.01,113.7,53,106.7,185,67.9,192,12/15/24 0:00
100,Virginia,ACC,6.85,105.2,187,98.3,42,61.1,364,12/15/24 0:00
101,Washington,B10,6.78,106.8,154,100.1,69,68.9,142,12/15/24 0:00
102,Louisiana Tech,CUSA,6.7,109.9,111,103.2,116,65.8,295,12/15/24 0:00
103,Murray St.,MVC,6.59,109.6,116,103,113,65.8,296,12/15/24 0:00
104,Georgia Tech,ACC,6.49,108.5,131,102,93,70.5,65,12/15/24 0:00
105,Saint Joseph's,A10,6.44,108.5,132,102,96,70,83,12/15/24 0:00
106,Northern Iowa,MVC,6.18,110.2,107,104,125,65.4,312,12/15/24 0:00
107,Syracuse,ACC,6.02,112.2,72,106.2,168,70.2,70,12/15/24 0:00
108,Wake Forest,ACC,6.02,104.6,203,98.6,46,66.5,254,12/15/24 0:00
109,Colorado St.,MWC,5.95,106.7,156,100.8,81,68.2,173,12/15/24 0:00
110,Western Kentucky,CUSA,5.58,104.2,209,98.6,47,73.2,9,12/15/24 0:00
111,Arkansas St.,SB,5.47,106.2,168,100.8,82,70.5,64,12/15/24 0:00
112,Samford,SC,5.42,114.5,50,109.1,234,72,23,12/15/24 0:00
113,Princeton,Ivy,5,111.7,81,106.7,183,67.6,213,12/15/24 0:00
114,UNLV,MWC,4.97,110.3,105,105.3,146,66.3,270,12/15/24 0:00
115,Davidson,A10,4.74,112.6,61,107.8,207,67.3,226,12/15/24 0:00
116,Minnesota,B10,4.7,106.3,166,101.6,91,62.4,361,12/15/24 0:00
117,South Dakota St.,Sum,3.87,108.8,128,105,140,69.3,121,12/15/24 0:00
118,Kent St.,MAC,3.86,103.8,218,99.9,65,64.9,332,12/15/24 0:00
119,Furman,SC,3.81,106.2,170,102.3,104,66,284,12/15/24 0:00
120,Cornell,Ivy,3.74,112.1,73,108.4,219,71.7,33,12/15/24 0:00
,,,,,Strength of Schedule,NCSOS,,,,12/15/24 0:00
Rk,Team,Conf,NetRtg,ORtg,DRtg,AdjT,Luck,NetRtg,ORtg,12/15/24 0:00
121,Akron,MAC,3.68,111.9,78,108.2,214,69.4,115,12/15/24 0:00
122,California,ACC,3.54,112.5,67,108.9,232,69.8,98,12/15/24 0:00
123,UC Santa Barbara,BW,3.42,109.4,120,106,164,66.1,280,12/15/24 0:00
124,Troy,SB,3.24,105.7,178,102.5,105,67.6,215,12/15/24 0:00
125,High Point,BSth,3.08,112.5,65,109.4,245,65.9,286,12/15/24 0:00
126,Sam Houston St.,CUSA,2.87,111.5,83,108.6,225,69.2,129,12/15/24 0:00
127,Texas St.,SB,2.83,108.3,136,105.5,150,65.7,299,12/15/24 0:00
128,James Madison,SB,2.71,109,127,106.3,170,66.4,261,12/15/24 0:00
129,Wright St.,Horz,2.41,110.3,104,107.9,208,67.9,197,12/15/24 0:00
130,Seton Hall,BE,2.39,99.7,300,97.3,34,62.7,360,12/15/24 0:00
131,Seattle,WAC,2.32,108.1,137,105.8,161,66.8,245,12/15/24 0:00
132,Montana St.,BSky,2.3,108.3,135,106,165,66.4,264,12/15/24 0:00
133,Belmont,MVC,2.26,111.6,82,109.4,241,71.9,29,12/15/24 0:00
134,UTEP,CUSA,2.21,105.1,188,102.9,112,69.6,109,12/15/24 0:00
135,Charleston,CAA,2.03,107.2,145,105.2,145,70.6,61,12/15/24 0:00
136,UAB,Amer,1.98,112.1,74,110.1,258,69.8,94,12/15/24 0:00
137,St. Thomas,Sum,1.97,111.1,86,109.2,237,68.3,168,12/15/24 0:00
138,Middle Tennessee,CUSA,1.97,106.9,153,104.9,139,68.6,154,12/15/24 0:00
139,Virginia Tech,ACC,1.88,104.7,198,102.8,111,65.8,297,12/15/24 0:00
140,East Tennessee St.,SC,1.86,107,149,105.2,144,68,185,12/15/24 0:00
141,Temple,Amer,1.84,109.2,123,107.3,193,69.2,134,12/15/24 0:00
142,UMass Lowell,AE,1.69,110.6,91,108.9,231,72.2,20,12/15/24 0:00
143,Hofstra,CAA,1.33,104.7,197,103.3,119,65.4,313,12/15/24 0:00
144,North Dakota St.,Sum,1.31,112.4,69,111.1,279,64.6,335,12/15/24 0:00
145,George Washington,A10,1.31,107,150,105.7,156,69.1,138,12/15/24 0:00
146,Elon,CAA,1.24,106.9,151,105.7,158,66,285,12/15/24 0:00
147,Wofford,SC,1.12,110.6,93,109.4,246,65.2,321,12/15/24 0:00
148,UNC Wilmington,CAA,1.11,107.7,139,106.6,181,68,189,12/15/24 0:00
149,UNC Greensboro,SC,1.02,104.3,208,103.3,117,64.8,333,12/15/24 0:00
150,Northeastern,CAA,0.96,104.5,204,103.5,122,68.7,152,12/15/24 0:00
151,Boston College,ACC,0.76,105.5,181,104.8,137,67.2,231,12/15/24 0:00
152,Saint Louis,A10,0.71,109.5,117,108.8,228,69.6,111,12/15/24 0:00
153,CSUN,BW,0.61,104.9,194,104.3,128,72.6,11,12/15/24 0:00
154,Milwaukee,Horz,0.57,108.8,129,108.2,215,68.5,156,12/15/24 0:00
155,Purdue Fort Wayne,Horz,0.39,111.2,84,110.8,273,69.3,122,12/15/24 0:00
156,Columbia,Ivy,0.36,110.1,108,109.8,253,68.7,147,12/15/24 0:00
157,La Salle,A10,0.32,105.4,184,105,143,71.1,51,12/15/24 0:00
158,South Florida,Amer,0.29,107,148,106.7,187,69.3,124,12/15/24 0:00
159,North Florida,ASun,0.04,112.8,58,112.7,317,71.2,45,12/15/24 0:00
160,Cal Baptist,WAC,-0.29,110.5,95,110.8,272,65.5,303,12/15/24 0:00
,,,,,Strength of Schedule,NCSOS,,,,12/15/24 0:00
Rk,Team,Conf,NetRtg,ORtg,DRtg,AdjT,Luck,NetRtg,ORtg,12/15/24 0:00
161,Northern Colorado,BSky,-0.45,107.4,144,107.8,206,71.2,44,12/15/24 0:00
162,Appalachian St.,SB,-0.45,101.6,258,102,97,65.5,305,12/15/24 0:00
163,East Carolina,Amer,-0.53,106,174,106.5,177,65.2,322,12/15/24 0:00
164,Winthrop,BSth,-0.59,106.1,171,106.7,184,72.6,12,12/15/24 0:00
165,Norfolk St.,MEAC,-0.68,107.7,141,108.3,217,66.5,255,12/15/24 0:00
166,Florida Gulf Coast,ASun,-0.69,106,173,106.7,186,64.5,336,12/15/24 0:00
167,Ohio,MAC,-0.89,109.4,119,110.3,263,70,84,12/15/24 0:00
168,Kennesaw St.,CUSA,-0.91,105.5,183,106.4,174,71.7,32,12/15/24 0:00
169,North Alabama,ASun,-0.94,105.6,180,106.5,176,68.7,150,12/15/24 0:00
170,Jacksonville,ASun,-0.97,101.6,260,102.5,109,69.3,125,12/15/24 0:00
171,Brown,Ivy,-0.98,106.4,165,107.4,196,65.3,315,12/15/24 0:00
172,Marshall,SB,-1,104.3,207,105.3,147,71.2,46,12/15/24 0:00
173,Southern Illinois,MVC,-1,103.1,233,104.1,127,70.2,74,12/15/24 0:00
174,Rice,Amer,-1.06,103.7,219,104.7,136,66.2,275,12/15/24 0:00
175,Lamar,Slnd,-1.08,103.6,221,104.7,135,66.8,246,12/15/24 0:00
176,Miami OH,MAC,-1.13,104.6,200,105.8,160,68.3,167,12/15/24 0:00
177,Radford,BSth,-1.13,107.2,147,108.3,216,65.3,317,12/15/24 0:00
178,Illinois St.,MVC,-1.16,107.6,142,108.7,227,66.4,262,12/15/24 0:00
179,UC Riverside,BW,-1.21,105,190,106.2,169,68.2,176,12/15/24 0:00
180,Jacksonville St.,CUSA,-1.3,107.6,143,108.9,230,66.4,263,12/15/24 0:00
181,Texas A&M Corpus Chris,Slnd,-1.32,106,172,107.4,195,69.9,90,12/15/24 0:00
182,Utah Valley,WAC,-1.36,103.3,231,104.6,133,69.7,102,12/15/24 0:00
183,UC Davis,BW,-1.37,99.4,307,100.7,80,71.3,41,12/15/24 0:00
184,UT Arlington,WAC,-1.4,109.5,118,110.9,275,70.9,56,12/15/24 0:00
185,Hawaii,BW,-1.44,104.8,195,106.3,171,66.1,278,12/15/24 0:00
186,Loyola Marymount,WCC,-1.5,103.9,214,105.4,149,67.5,220,12/15/24 0:00
187,Bryant,AE,-1.56,105.9,176,107.5,199,74.1,4,12/15/24 0:00
188,UNC Asheville,BSth,-1.63,107.2,146,108.9,229,67.3,228,12/15/24 0:00
189,Oakland,Horz,-1.64,103.3,227,105,142,63.3,358,12/15/24 0:00
190,Charlotte,Amer,-1.73,107.7,140,109.4,244,63.9,349,12/15/24 0:00
191,Drexel,CAA,-1.9,105,189,106.9,188,64.3,340,12/15/24 0:00
192,Montana,BSky,-1.94,106.2,169,108.1,213,69.5,114,12/15/24 0:00
193,Chattanooga,SC,-1.97,108.1,138,110.1,256,68.1,184,12/15/24 0:00
194,Abilene Christian,WAC,-2.19,104.9,192,107.1,191,67.7,211,12/15/24 0:00
195,Fordham,A10,-2.2,103.5,223,105.7,159,71.2,47,12/15/24 0:00
196,Southern Utah,WAC,-2.21,106.5,162,108.7,226,69.2,135,12/15/24 0:00
197,Vermont,AE,-2.23,100.3,285,102.5,108,63.8,352,12/15/24 0:00
198,Indiana St.,MVC,-2.55,109,126,111.6,290,72.9,10,12/15/24 0:00
199,Missouri St.,MVC,-2.57,103.4,226,105.9,162,66.4,258,12/15/24 0:00
200,Wyoming,MWC,-2.93,102.5,238,105.5,151,66.2,276,12/15/24 0:00
,,,,,Strength of Schedule,NCSOS,,,,12/15/24 0:00
Rk,Team,Conf,NetRtg,ORtg,DRtg,AdjT,Luck,NetRtg,ORtg,12/15/24 0:00
201,New Mexico St.,CUSA,-2.95,103.3,228,106.3,172,67.5,217,12/15/24 0:00
202,South Alabama,SB,-3.04,104.2,210,107.2,192,65,326,12/15/24 0:00
203,Merrimack,MAAC,-3.11,100.2,288,103.4,120,65.1,325,12/15/24 0:00
204,Little Rock,OVC,-3.15,100.7,281,103.8,124,68.5,159,12/15/24 0:00
205,Duquesne,A10,-3.26,101.2,268,104.5,130,65.8,294,12/15/24 0:00
206,Massachusetts,A10,-3.3,104.5,205,107.8,205,71,52,12/15/24 0:00
207,Central Michigan,MAC,-3.45,102,248,105.5,152,69.6,107,12/15/24 0:00
208,Tulane,Amer,-3.7,104.4,206,108.1,209,67.8,200,12/15/24 0:00
209,San Jose St.,MWC,-3.77,106.5,160,110.3,262,65.5,304,12/15/24 0:00
210,Richmond,A10,-3.77,102.2,244,105.9,163,67.7,212,12/15/24 0:00
211,Maine,AE,-3.86,101.1,273,105,141,67.9,195,12/15/24 0:00
212,Eastern Kentucky,ASun,-4.15,106.6,159,110.7,269,68.9,140,12/15/24 0:00
213,Toledo,MAC,-4.26,110.5,99,114.7,343,70,82,12/15/24 0:00
214,Central Connecticut,NEC,-4.3,99.2,309,103.5,121,65.4,306,12/15/24 0:00
215,William & Mary,CAA,-4.34,108.3,134,112.6,315,71.9,27,12/15/24 0:00
216,Youngstown St.,Horz,-4.43,98.9,315,103.3,118,69.2,127,12/15/24 0:00
217,Longwood,BSth,-4.44,102.2,245,106.6,179,69.2,131,12/15/24 0:00
218,Weber St.,BSky,-4.58,105.7,179,110.3,261,66.5,256,12/15/24 0:00
219,Valparaiso,MVC,-4.72,106.6,158,111.3,284,69.2,130,12/15/24 0:00
220,Southern,SWAC,-4.75,100.1,292,104.9,138,68.2,174,12/15/24 0:00
221,South Dakota,Sum,-4.8,110.5,97,115.3,349,74,5,12/15/24 0:00
222,Stephen F. Austin,Slnd,-4.85,95.7,350,100.6,79,65.6,302,12/15/24 0:00
223,Northern Kentucky,Horz,-4.94,100.6,282,105.6,154,66.6,251,12/15/24 0:00
224,Cal Poly,BW,-4.97,104.6,199,109.6,250,75.8,1,12/15/24 0:00
225,Towson,CAA,-5.05,101.3,267,106.3,173,63.8,351,12/15/24 0:00
226,Saint Peter's,MAAC,-5.12,101,277,106.1,166,63.4,357,12/15/24 0:00
227,American,PL,-5.12,105,191,110.1,260,63.8,354,12/15/24 0:00
228,Georgia Southern,SB,-5.31,100.8,280,106.1,167,72.2,19,12/15/24 0:00
229,Mercer,SC,-5.34,105.9,175,111.3,282,70.7,60,12/15/24 0:00
230,Idaho St.,BSky,-5.43,103,234,108.4,220,64.9,328,12/15/24 0:00
231,Cleveland St.,Horz,-5.49,99.1,313,104.5,132,67.1,235,12/15/24 0:00
232,UT Rio Grande Valley,Slnd,-5.66,105.3,185,111,276,71,53,12/15/24 0:00
233,Gardner Webb,BSth,-5.68,104,213,109.7,251,69.7,104,12/15/24 0:00
234,Delaware,CAA,-5.69,106.5,163,112.1,303,70.9,55,12/15/24 0:00
235,Presbyterian,BSth,-5.85,103.3,230,109.1,235,66.1,282,12/15/24 0:00
236,Southeastern Louisiana,Slnd,-5.92,97.9,327,103.8,123,68.9,141,12/15/24 0:00
237,Pepperdine,WCC,-6.07,102.1,247,108.1,211,69.4,117,12/15/24 0:00
238,Quinnipiac,MAAC,-6.12,101.2,269,107.3,194,70,78,12/15/24 0:00
239,Marist,MAAC,-6.19,101.9,250,108.1,212,64.9,330,12/15/24 0:00
240,Albany,AE,-6.35,104.7,196,111.1,280,70,80,12/15/24 0:00
,,,,,Strength of Schedule,NCSOS,,,,12/15/24 0:00
Rk,Team,Conf,NetRtg,ORtg,DRtg,AdjT,Luck,NetRtg,ORtg,12/15/24 0:00
241,UTSA,Amer,-6.46,103.6,222,110.1,257,71.5,37,12/15/24 0:00
242,FIU,CUSA,-6.53,99.1,311,105.6,155,69.9,87,12/15/24 0:00
243,Nicholls,Slnd,-6.54,101.2,270,107.7,204,68.2,175,12/15/24 0:00
244,UMBC,AE,-6.66,105.5,182,112.1,302,72.3,16,12/15/24 0:00
245,Illinois Chicago,MVC,-6.69,103.8,217,110.5,265,70.2,72,12/15/24 0:00
246,Boston University,PL,-6.87,102.3,242,109.1,236,64.1,347,12/15/24 0:00
247,Campbell,CAA,-6.89,99.7,301,106.6,178,67.1,234,12/15/24 0:00
248,South Carolina St.,MEAC,-6.95,101.6,261,108.5,222,67.8,206,12/15/24 0:00
249,Robert Morris,Horz,-7.08,97.5,331,104.5,131,69.6,110,12/15/24 0:00
250,Lehigh,PL,-7.09,106.7,155,113.8,330,67.4,222,12/15/24 0:00
251,Cal St. Bakersfield,BW,-7.1,102.8,237,109.9,255,65.2,318,12/15/24 0:00
252,Lafayette,PL,-7.17,100.5,284,107.6,202,66.6,249,12/15/24 0:00
253,Pacific,WCC,-7.26,99.8,298,107,189,68.1,183,12/15/24 0:00
254,Howard,MEAC,-7.34,105.8,177,113.2,322,68.1,181,12/15/24 0:00
255,Tulsa,Amer,-7.36,102,249,109.3,239,68,186,12/15/24 0:00
256,Colgate,PL,-7.41,102.4,240,109.8,254,65.9,289,12/15/24 0:00
257,Grambling St.,SWAC,-7.47,100,296,107.4,198,67.8,205,12/15/24 0:00
258,SIUE,OVC,-7.49,100.1,293,107.6,201,66.7,248,12/15/24 0:00
259,Eastern Washington,BSky,-7.5,106.3,167,113.8,329,68.4,166,12/15/24 0:00
260,Alabama St.,SWAC,-7.52,104.9,193,112.4,310,70.2,71,12/15/24 0:00
261,Georgia St.,SB,-7.57,101.9,252,109.5,247,70.2,75,12/15/24 0:00
262,Hampton,CAA,-7.65,101.9,251,109.6,249,65.3,316,12/15/24 0:00
263,Bucknell,PL,-7.75,97.9,325,105.7,157,68,190,12/15/24 0:00
264,Harvard,Ivy,-7.82,99.7,299,107.6,200,67.7,207,12/15/24 0:00
265,Austin Peay,ASun,-7.82,97.7,329,105.5,153,63.6,356,12/15/24 0:00
266,Western Michigan,MAC,-7.95,103.4,225,111.4,287,66.4,260,12/15/24 0:00
267,Northwestern St.,Slnd,-8.06,101.2,271,109.2,238,65.2,320,12/15/24 0:00
268,Siena,MAAC,-8.12,100.3,287,108.4,218,64.3,339,12/15/24 0:00
269,Portland St.,BSky,-8.12,104.1,211,112.3,306,70.6,62,12/15/24 0:00
270,Fresno St.,MWC,-8.15,96.3,343,104.4,129,74.5,2,12/15/24 0:00
271,Evansville,MVC,-8.27,101.8,253,110.1,259,68.2,171,12/15/24 0:00
272,Iona,MAAC,-8.32,98.7,317,107.1,190,69.4,116,12/15/24 0:00
273,Mount St. Mary's,MAAC,-8.37,100.2,290,108.6,223,68.5,157,12/15/24 0:00
274,Coastal Carolina,SB,-8.4,100.9,278,109.3,240,64.2,343,12/15/24 0:00
275,Bowling Green,MAC,-8.54,104.1,212,112.6,314,69.5,112,12/15/24 0:00
276,Kansas City,Sum,-8.8,100.6,283,109.4,243,67.1,238,12/15/24 0:00
277,Sacred Heart,MAAC,-8.87,102.9,235,111.7,293,69.5,113,12/15/24 0:00
278,Idaho,BSky,-8.87,106.4,164,115.3,348,65.7,298,12/15/24 0:00
279,Queens,ASun,-8.96,102.8,236,111.7,294,69.9,91,12/15/24 0:00
280,North Carolina Central,MEAC,-8.99,103.8,216,112.8,319,66.9,242,12/15/24 0:00
,,,,,Strength of Schedule,NCSOS,,,,12/15/24 0:00
Rk,Team,Conf,NetRtg,ORtg,DRtg,AdjT,Luck,NetRtg,ORtg,12/15/24 0:00
281,Southern Indiana,OVC,-9.03,102.1,246,111.1,281,66.6,250,12/15/24 0:00
282,Northern Arizona,BSky,-9.15,104.6,202,113.7,328,67.2,232,12/15/24 0:00
283,Southern Miss,SB,-9.35,98.7,318,108.1,210,70.8,58,12/15/24 0:00
284,Air Force,MWC,-9.42,101.6,259,111,277,62.8,359,12/15/24 0:00
285,Incarnate Word,Slnd,-9.59,105.2,186,114.8,345,66.3,265,12/15/24 0:00
286,Army,PL,-9.64,104.6,201,114.3,340,66.5,253,12/15/24 0:00
287,Monmouth,CAA,-10.01,101.4,263,111.4,286,68,187,12/15/24 0:00
288,Charleston Southern,BSth,-10.15,101.1,272,111.3,283,69.4,120,12/15/24 0:00
289,Bethune Cookman,SWAC,-10.45,96.2,345,106.6,180,69.9,92,12/15/24 0:00
290,Southeast Missouri,OVC,-10.51,96.9,338,107.4,197,70.9,54,12/15/24 0:00
291,Ball St.,MAC,-10.57,101.7,257,112.2,305,67,240,12/15/24 0:00
292,Morehead St.,OVC,-10.6,101.4,262,112,300,67.4,223,12/15/24 0:00
293,Long Beach St.,BW,-10.62,101.7,256,112.3,308,64.8,334,12/15/24 0:00
294,Utah Tech,WAC,-10.79,101.1,274,111.9,296,67.5,216,12/15/24 0:00
295,Nebraska Omaha,Sum,-10.8,100.9,279,111.7,292,67.9,193,12/15/24 0:00
296,North Dakota,Sum,-10.8,103.1,232,113.9,333,68.2,172,12/15/24 0:00
297,Oral Roberts,Sum,-11,103.3,229,114.3,341,69.2,136,12/15/24 0:00
298,Wagner,NEC,-11.02,92.1,361,103.1,114,61.7,363,12/15/24 0:00
299,Loyola MD,PL,-11.16,99.3,308,110.5,266,67.8,203,12/15/24 0:00
300,Fairfield,MAAC,-11.29,103.5,224,114.8,344,67.1,237,12/15/24 0:00
301,Eastern Michigan,MAC,-11.37,99.5,304,110.9,274,67.4,225,12/15/24 0:00
302,Manhattan,MAAC,-11.41,102.5,239,113.9,334,69.8,93,12/15/24 0:00
303,Rider,MAAC,-11.49,100,295,111.5,289,64.1,346,12/15/24 0:00
304,Cal St. Fullerton,BW,-11.67,96.9,337,108.6,224,65.9,290,12/15/24 0:00
305,San Diego,WCC,-11.71,94.8,355,106.5,175,71.8,31,12/15/24 0:00
306,Jackson St.,SWAC,-11.78,97.1,334,108.9,233,69.7,101,12/15/24 0:00
307,Texas Southern,SWAC,-11.83,99.6,302,111.5,288,69.9,89,12/15/24 0:00
308,Louisiana,SB,-11.94,102.2,243,114.1,337,68.3,169,12/15/24 0:00
309,Penn,Ivy,-11.94,101.3,264,113.3,323,65.2,319,12/15/24 0:00
310,North Carolina A&T,CAA,-12.18,101,276,113.2,321,73.8,7,12/15/24 0:00
311,Portland,WCC,-12.26,98.5,321,110.8,271,70,85,12/15/24 0:00
312,Navy,PL,-12.27,101.3,266,113.6,326,68.8,144,12/15/24 0:00
313,Tarleton St.,WAC,-12.36,95.4,354,107.7,203,66.3,266,12/15/24 0:00
314,Dartmouth,Ivy,-12.39,97.4,332,109.8,252,70.3,67,12/15/24 0:00
315,Binghamton,AE,-12.43,100.2,289,112.7,316,64.9,329,12/15/24 0:00
316,Western Carolina,SC,-12.44,96,347,108.5,221,71.8,30,12/15/24 0:00
317,Denver,Sum,-12.48,100.1,291,112.6,313,68.1,182,12/15/24 0:00
318,Detroit Mercy,Horz,-12.53,98.8,316,111.4,285,67.7,210,12/15/24 0:00
319,Stonehill,NEC,-12.79,98.3,323,111.1,278,66.1,281,12/15/24 0:00
320,Stony Brook,CAA,-12.87,99.1,310,112,298,67.8,202,12/15/24 0:00
,,,,,Strength of Schedule,NCSOS,,,,12/15/24 0:00
Rk,Team,Conf,NetRtg,ORtg,DRtg,AdjT,Luck,NetRtg,ORtg,12/15/24 0:00
321,Tennessee St.,OVC,-13.1,99.4,305,112.5,312,71.5,35,12/15/24 0:00
322,Saint Francis,NEC,-13.13,98.6,320,111.8,295,68.7,151,12/15/24 0:00
323,Buffalo,MAC,-13.47,100.1,294,113.5,325,69.6,105,12/15/24 0:00
324,Niagara,MAAC,-13.5,101.3,265,114.8,346,64.4,338,12/15/24 0:00
325,Green Bay,Horz,-13.79,102.4,241,116.2,354,71.3,43,12/15/24 0:00
326,Old Dominion,SB,-13.8,99,314,112.8,318,68.8,145,12/15/24 0:00
327,Eastern Illinois,OVC,-13.88,95.7,351,109.5,248,67.3,229,12/15/24 0:00
328,Tennessee Tech,OVC,-14.13,100.3,286,114.4,342,67.9,199,12/15/24 0:00
329,Holy Cross,PL,-14.35,101.7,255,116.1,353,65.4,309,12/15/24 0:00
330,Louisiana Monroe,SB,-14.39,96.2,344,110.6,267,68,188,12/15/24 0:00
331,LIU,NEC,-14.81,95.8,349,110.6,268,68.1,180,12/15/24 0:00
332,Sacramento St.,BSky,-14.82,95.6,352,110.4,264,65.4,314,12/15/24 0:00
333,Western Illinois,OVC,-15.15,99.1,312,114.2,338,63.7,355,12/15/24 0:00
334,Bellarmine,ASun,-15.17,103.9,215,119,361,66.8,243,12/15/24 0:00
335,Central Arkansas,ASun,-15.22,97.1,336,112.3,307,67.2,230,12/15/24 0:00
336,Tennessee Martin,OVC,-15.25,96.6,339,111.9,297,68.7,149,12/15/24 0:00
337,Prairie View A&M,SWAC,-15.47,103.6,220,119.1,362,72.4,15,12/15/24 0:00
338,Fairleigh Dickinson,NEC,-15.65,101.8,254,117.4,357,71.1,48,12/15/24 0:00
339,Lindenwood,OVC,-15.84,96.5,341,112.4,309,68.1,179,12/15/24 0:00
340,Le Moyne,NEC,-15.92,96.6,340,112.5,311,69.4,119,12/15/24 0:00
341,VMI,SC,-15.99,97.9,326,113.9,331,68.5,155,12/15/24 0:00
342,Delaware St.,MEAC,-16,96.1,346,112.1,301,70.7,59,12/15/24 0:00
343,New Orleans,Slnd,-16.06,97.5,330,113.5,324,69.9,86,12/15/24 0:00
344,USC Upstate,BSth,-16.08,99.6,303,115.7,350,72.2,18,12/15/24 0:00
345,Stetson,ASun,-16.43,99.4,306,115.8,351,68.8,143,12/15/24 0:00
346,West Georgia,ASun,-16.5,97.2,333,113.7,327,67.5,221,12/15/24 0:00
347,Florida A&M,SWAC,-16.85,93.9,357,110.7,270,69.4,118,12/15/24 0:00
348,Northern Illinois,MAC,-17.39,95.6,353,112.9,320,69.7,99,12/15/24 0:00
349,IU Indy,Horz,-17.55,101.1,275,118.6,360,66.2,274,12/15/24 0:00
350,The Citadel,SC,-17.93,96,348,113.9,332,65.4,311,12/15/24 0:00
351,Houston Christian,Slnd,-18.32,98.4,322,116.7,356,66,283,12/15/24 0:00
352,East Texas A&M,Slnd,-18.55,93.4,358,112,299,68.5,160,12/15/24 0:00
353,Morgan St.,MEAC,-18.61,98,324,116.6,355,71.4,39,12/15/24 0:00
354,Alcorn St.,SWAC,-18.74,96.5,342,115.2,347,65.7,301,12/15/24 0:00
355,NJIT,AE,-18.79,92.8,359,111.6,291,65.8,293,12/15/24 0:00
356,Mercyhurst,NEC,-18.89,97.1,335,116,352,64.4,337,12/15/24 0:00
357,Canisius,MAAC,-19.5,99.8,297,119.3,363,66.3,271,12/15/24 0:00
358,Alabama A&M,SWAC,-19.8,94.4,356,114.2,339,71.6,34,12/15/24 0:00
359,Maryland Eastern Shore,MEAC,-20.6,97.8,328,118.4,359,67.8,204,12/15/24 0:00
360,New Hampshire,AE,-21.02,91.1,362,112.2,304,67.9,196,12/15/24 0:00
,,,,,Strength of Schedule,NCSOS,,,,12/15/24 0:00
Rk,Team,Conf,NetRtg,ORtg,DRtg,AdjT,Luck,NetRtg,ORtg,12/15/24 0:00
361,Chicago St.,NEC,-21.56,92.5,360,114.1,336,70,81,12/15/24 0:00
362,Arkansas Pine Bluff,SWAC,-23.57,98.7,319,122.2,364,72.4,13,12/15/24 0:00
363,Coppin St.,MEAC,-25.72,88.3,363,114,335,67.1,236,12/15/24 0:00
364,Mississippi Valley St.,SWAC,-30.03,88,364,118,358,64.9,331,12/15/24 0:00
1,Auburn,SEC,35.01,129.8,1,94.8,12,68,194,12/16/24 0:00
2,Tennessee,SEC,31.02,119.6,16,88.6,1,66.1,278,12/16/24 0:00
3,Duke,ACC,30.89,119.9,12,89,2,66.9,246,12/16/24 0:00
4,Houston,B12,29.66,120.1,11,90.4,3,62.4,362,12/16/24 0:00
5,Iowa St.,B12,29.42,123.4,3,94,7,70.2,75,12/16/24 0:00
6,Gonzaga,WCC,28.89,124.4,2,95.5,21,69.7,100,12/16/24 0:00
7,Florida,SEC,26.19,122.3,7,96.1,22,69.8,98,12/16/24 0:00
8,Alabama,SEC,25.33,122.9,6,97.6,36,73.7,8,12/16/24 0:00
9,Marquette,BE,24.08,118.9,17,94.8,13,68.9,146,12/16/24 0:00
10,Kansas,B12,23.9,118,22,94.1,9,69.4,123,12/16/24 0:00
11,Kentucky,SEC,23.36,121.8,8,98.5,44,72.2,22,12/16/24 0:00
12,Connecticut,BE,23.35,123.4,4,100.1,69,65.5,310,12/16/24 0:00
13,UCLA,B10,22.31,113,59,90.6,4,66.2,275,12/16/24 0:00
14,St. John's,BE,22.13,117.4,26,95.3,18,70.2,77,12/16/24 0:00
15,Baylor,B12,22.11,123,5,100.8,84,66.3,268,12/16/24 0:00
16,Illinois,B10,22.05,116.8,30,94.7,11,71.4,38,12/16/24 0:00
17,Michigan St.,B10,21.5,116.8,29,95.3,17,68.2,176,12/16/24 0:00
18,Texas A&M,SEC,21.44,115,44,93.6,6,67.5,221,12/16/24 0:00
19,Oregon,B10,21.4,118.2,20,96.8,29,68.8,151,12/16/24 0:00
20,Maryland,B10,21.07,115.9,38,94.9,14,70.1,80,12/16/24 0:00
21,Purdue,B10,21.03,120.9,9,99.9,64,65.5,304,12/16/24 0:00
22,Michigan,B10,20.91,115.8,39,94.9,15,70.4,69,12/16/24 0:00
23,Cincinnati,B12,20.83,115,45,94.2,10,66.3,271,12/16/24 0:00
24,Mississippi,SEC,20.71,119.8,14,99.1,56,67.1,239,12/16/24 0:00
25,Texas Tech,B12,20.54,118.7,18,98.1,40,66.7,254,12/16/24 0:00
26,Dayton,A10,20.48,120.4,10,99.9,65,65.9,294,12/16/24 0:00
27,Clemson,ACC,20.41,115.5,42,95.1,16,65.1,326,12/16/24 0:00
28,North Carolina,ACC,20.23,118.1,21,97.9,38,74,6,12/16/24 0:00
29,Pittsburgh,ACC,20.14,117.2,27,97.1,31,68.5,158,12/16/24 0:00
30,Mississippi St.,SEC,19.56,118.3,19,98.8,51,68.5,165,12/16/24 0:00
31,Arizona,B12,19.49,115.9,37,96.4,25,72,25,12/16/24 0:00
32,Penn St.,B10,18.61,116.4,31,97.8,37,72.5,14,12/16/24 0:00
33,Saint Mary's,WCC,18.25,114.9,48,96.6,27,63.6,356,12/16/24 0:00
34,Memphis,Amer,18.23,117.7,24,99.5,60,70.3,71,12/16/24 0:00
35,Wisconsin,B10,18.13,119.7,15,101.5,91,68.4,166,12/16/24 0:00
36,Ohio St.,B10,17.43,116.3,32,98.8,54,68,196,12/16/24 0:00
37,Oklahoma,SEC,17.23,116,35,98.8,52,67.9,201,12/16/24 0:00
38,Texas,SEC,17.23,114,51,96.8,28,67.7,211,12/16/24 0:00
39,Georgia,SEC,17.11,113.6,54,96.5,26,67.4,227,12/16/24 0:00
40,Arkansas,SEC,16.93,113.1,58,96.2,23,70.3,72,12/16/24 0:00
,,,,,Strength of Schedule,NCSOS,,,,12/16/24 0:00
Rk,Team,Conf,NetRtg,ORtg,DRtg,AdjT,Luck,NetRtg,ORtg,12/16/24 0:00
41,Creighton,BE,16.71,113.9,52,97.2,32,69.9,93,12/16/24 0:00
42,VCU,A10,16.62,110.7,90,94.1,8,67.7,213,12/16/24 0:00
43,San Diego St.,MWC,16.4,112.7,61,96.3,24,66.4,262,12/16/24 0:00
44,BYU,B12,16.32,116.9,28,100.6,79,68.6,156,12/16/24 0:00
45,Iowa,B10,16.17,117.5,25,101.4,90,71.7,34,12/16/24 0:00
46,Utah St.,MWC,15.62,115.4,43,99.7,62,69.9,94,12/16/24 0:00
47,Nevada,MWC,15.4,116,34,100.6,80,64.2,345,12/16/24 0:00
48,West Virginia,B12,15.39,112.5,70,97.1,30,66.5,260,12/16/24 0:00
49,Missouri,SEC,15.36,116.2,33,100.8,83,69.3,126,12/16/24 0:00
50,SMU,ACC,15.16,116,36,100.8,81,70,87,12/16/24 0:00
51,Villanova,BE,15.14,119.9,13,104.8,135,64.2,346,12/16/24 0:00
52,Indiana,B10,14.83,114.9,46,100.1,70,71.1,52,12/16/24 0:00
53,San Francisco,WCC,14.7,112,76,97.3,33,67.9,197,12/16/24 0:00
54,Nebraska,B10,14.6,111.9,78,97.3,34,69.7,107,12/16/24 0:00
55,Boise St.,MWC,14.47,114.5,50,100.1,68,68.1,180,12/16/24 0:00
56,Northwestern,B10,14.37,109.8,113,95.5,19,65.2,322,12/16/24 0:00
57,Arizona St.,B12,13.81,112.1,74,98.3,41,69.4,124,12/16/24 0:00
58,Louisville,ACC,13.71,112.7,63,98.9,55,69.2,137,12/16/24 0:00
59,LSU,SEC,13.66,112,75,98.4,43,69.2,132,12/16/24 0:00
60,Xavier,BE,13.39,112.6,66,99.2,57,69.6,111,12/16/24 0:00
61,UC Irvine,BW,13.25,106.6,161,93.4,5,70.3,70,12/16/24 0:00
62,Vanderbilt,SEC,13.21,115.7,41,102.4,108,71.2,46,12/16/24 0:00
63,Utah,B12,12.55,111.9,79,99.3,59,71.4,40,12/16/24 0:00
64,Oregon St.,WCC,12.26,111.1,86,98.8,53,65.1,325,12/16/24 0:00
65,Florida St.,ACC,11.99,110.5,98,98.5,46,70.9,57,12/16/24 0:00
66,Liberty,CUSA,11.65,110.4,103,98.7,50,64,350,12/16/24 0:00
67,North Texas,Amer,11.45,106.9,151,95.5,20,64.3,342,12/16/24 0:00
68,South Carolina,SEC,11.19,110.4,101,99.3,58,66.4,263,12/16/24 0:00
69,Kansas St.,B12,10.81,110.9,87,100.1,72,69.2,135,12/16/24 0:00
70,New Mexico,MWC,10.8,112.5,69,101.7,95,74.1,4,12/16/24 0:00
71,Washington St.,WCC,10.58,110.7,91,100.1,74,71.5,37,12/16/24 0:00
72,Colorado,B12,10.55,110.6,93,100.1,67,67.8,206,12/16/24 0:00
73,Drake,MVC,10.48,109,127,98.5,45,64,348,12/16/24 0:00
74,Butler,BE,10.39,112.7,62,102.3,103,67.8,208,12/16/24 0:00
75,Bradley,MVC,10.32,115.7,40,105.4,150,65.9,288,12/16/24 0:00
76,Rutgers,B10,10.23,112.6,65,102.3,104,70.6,64,12/16/24 0:00
77,Santa Clara,WCC,10.12,112.3,72,102.2,102,68.5,162,12/16/24 0:00
78,UC San Diego,BW,9.86,111.2,84,101.4,89,67,244,12/16/24 0:00
79,Providence,BE,9.75,109.8,114,100,66,64.4,341,12/16/24 0:00
80,UCF,B12,9.69,110,111,100.3,77,69.7,104,12/16/24 0:00
,,,,,Strength of Schedule,NCSOS,,,,12/16/24 0:00
Rk,Team,Conf,NetRtg,ORtg,DRtg,AdjT,Luck,NetRtg,ORtg,12/16/24 0:00
81,George Mason,A10,9.68,108.4,132,98.7,49,66.3,267,12/16/24 0:00
82,St. Bonaventure,A10,9.49,109.1,125,99.6,61,65.5,306,12/16/24 0:00
83,Stanford,ACC,9.39,113.5,56,104.1,125,67.2,236,12/16/24 0:00
84,N.C. State,ACC,9.23,110.5,99,101.3,87,65.9,291,12/16/24 0:00
85,USC,B10,9.14,110.3,108,101.1,86,68.4,170,12/16/24 0:00
86,Georgetown,BE,9.12,109.4,121,100.2,75,69.2,130,12/16/24 0:00
87,Notre Dame,ACC,8.86,112,77,103.1,115,66,287,12/16/24 0:00
88,TCU,B12,8.66,106.7,156,98,39,68.7,155,12/16/24 0:00
89,DePaul,BE,8.49,110.6,95,102.1,101,68.5,163,12/16/24 0:00
90,McNeese,Slnd,8.47,110.4,102,101.9,97,65.9,293,12/16/24 0:00
91,Grand Canyon,WAC,8.3,110.4,106,102.1,100,72,26,12/16/24 0:00
92,Oklahoma St.,B12,8.27,110.2,109,102,98,72.3,18,12/16/24 0:00
93,Florida Atlantic,Amer,8.23,114.9,47,106.7,182,72,24,12/16/24 0:00
94,Rhode Island,A10,8.16,109.7,115,101.5,92,72.4,16,12/16/24 0:00
95,Loyola Chicago,A10,8.07,108.2,135,100.1,73,69.1,141,12/16/24 0:00
96,Miami FL,ACC,7.57,117.9,23,110.4,261,66.3,273,12/16/24 0:00
97,Lipscomb,ASun,7.46,108.7,130,101.3,88,68,193,12/16/24 0:00
98,Wichita St.,Amer,7.03,109.5,118,102.5,109,71.5,36,12/16/24 0:00
99,Yale,Ivy,7.02,113.7,53,106.7,185,68,190,12/16/24 0:00
100,Washington,B10,6.88,107,150,100.1,71,68.9,147,12/16/24 0:00
101,Virginia,ACC,6.78,105.1,191,98.3,42,61.2,364,12/16/24 0:00
102,Louisiana Tech,CUSA,6.74,110,112,103.2,116,65.9,292,12/16/24 0:00
103,Murray St.,MVC,6.58,109.6,117,103,113,65.8,296,12/16/24 0:00
104,Saint Joseph's,A10,6.56,108.4,131,101.9,96,70,83,12/16/24 0:00
105,Northern Iowa,MVC,6.43,110.4,104,104,123,65.4,311,12/16/24 0:00
106,Syracuse,ACC,6.09,112.3,71,106.2,168,70.3,73,12/16/24 0:00
107,Wake Forest,ACC,5.98,104.5,204,98.6,47,66.6,256,12/16/24 0:00
108,Arkansas St.,SB,5.94,106.3,166,100.3,78,71.2,48,12/16/24 0:00
109,Colorado St.,MWC,5.82,106.6,160,100.8,82,68.2,172,12/16/24 0:00
110,Georgia Tech,ACC,5.8,107.5,142,101.7,94,70.9,58,12/16/24 0:00
111,Samford,SC,5.59,114.6,49,109,232,72.1,23,12/16/24 0:00
112,Western Kentucky,CUSA,5.57,104.2,211,98.7,48,73.2,9,12/16/24 0:00
113,UNLV,MWC,5.03,110.4,105,105.4,148,66.3,269,12/16/24 0:00
114,Princeton,Ivy,4.93,111.7,80,106.8,186,67.6,217,12/16/24 0:00
115,Davidson,A10,4.75,112.6,64,107.9,204,67.4,225,12/16/24 0:00
116,Minnesota,B10,4.68,106.3,165,101.7,93,62.5,361,12/16/24 0:00
117,Kent St.,MAC,4.45,104.2,212,99.8,63,65.2,320,12/16/24 0:00
118,Temple,Amer,3.96,108.1,137,104.1,126,69.2,134,12/16/24 0:00
119,South Dakota St.,Sum,3.89,108.9,129,105,142,69.4,121,12/16/24 0:00
120,Cornell,Ivy,3.84,112.2,73,108.4,217,71.7,35,12/16/24 0:00
,,,,,Strength of Schedule,NCSOS,,,,12/16/24 0:00
Rk,Team,Conf,NetRtg,ORtg,DRtg,AdjT,Luck,NetRtg,ORtg,12/16/24 0:00
121,Furman,SC,3.8,106.2,168,102.4,105,66,283,12/16/24 0:00
122,California,ACC,3.61,112.6,67,109,230,69.7,102,12/16/24 0:00
123,UC Santa Barbara,BW,3.52,109.5,119,106,165,66.1,279,12/16/24 0:00
124,Troy,SB,3.26,105.7,180,102.4,106,67.6,216,12/16/24 0:00
125,North Dakota St.,Sum,3.2,113.6,55,110.4,262,65,330,12/16/24 0:00
126,High Point,BSth,3.02,112.5,68,109.5,241,65.9,290,12/16/24 0:00
127,Sam Houston St.,CUSA,2.89,111.5,82,108.6,223,69.3,127,12/16/24 0:00
128,James Madison,SB,2.85,109.2,123,106.3,174,66.5,261,12/16/24 0:00
129,Texas St.,SB,2.68,108.2,136,105.5,153,65.8,297,12/16/24 0:00
130,Seattle,WAC,2.43,108.3,134,105.9,161,66.8,248,12/16/24 0:00
131,Wright St.,Horz,2.4,110.3,107,107.9,205,68,191,12/16/24 0:00
132,Seton Hall,BE,2.27,99.9,296,97.6,35,62.8,359,12/16/24 0:00
133,Belmont,MVC,2.26,111.6,81,109.3,236,72,27,12/16/24 0:00
134,UTEP,CUSA,2.26,105.2,188,102.9,111,69.7,109,12/16/24 0:00
135,Akron,MAC,2.15,110.9,88,108.7,224,71.2,49,12/16/24 0:00
136,Charleston,CAA,2.07,107.3,143,105.3,146,70.6,63,12/16/24 0:00
137,St. Thomas,Sum,1.93,111.2,85,109.3,234,68.2,178,12/16/24 0:00
138,Milwaukee,Horz,1.9,109.1,124,107.2,191,69.9,96,12/16/24 0:00
139,Purdue Fort Wayne,Horz,1.9,113.2,57,111.3,281,69.3,125,12/16/24 0:00
140,Middle Tennessee,CUSA,1.87,106.9,153,105,143,68.5,159,12/16/24 0:00
141,East Tennessee St.,SC,1.87,107.1,147,105.2,145,68.1,185,12/16/24 0:00
142,UMass Lowell,AE,1.74,110.5,97,108.8,226,72.2,21,12/16/24 0:00
143,Virginia Tech,ACC,1.36,105.8,178,104.4,129,65.3,318,12/16/24 0:00
144,George Washington,A10,1.32,106.9,152,105.6,156,69.2,136,12/16/24 0:00
145,Elon,CAA,1.27,106.9,154,105.6,155,66.1,282,12/16/24 0:00
146,Wofford,SC,1.17,110.6,96,109.4,238,65.1,328,12/16/24 0:00
147,UNC Wilmington,CAA,1.17,107.8,138,106.6,181,68,187,12/16/24 0:00
148,UNC Greensboro,SC,1.04,104.3,210,103.3,117,64.9,333,12/16/24 0:00
149,UAB,Amer,0.99,111.3,83,110.3,259,70.7,62,12/16/24 0:00
150,Montana St.,BSky,0.9,107.3,145,106.4,175,67.3,230,12/16/24 0:00
151,Northeastern,CAA,0.8,104.3,209,103.5,121,68.9,145,12/16/24 0:00
152,La Salle,A10,0.67,105.8,177,105.1,144,71.1,51,12/16/24 0:00
153,Saint Louis,A10,0.46,110.8,89,110.3,260,69.1,140,12/16/24 0:00
154,Columbia,Ivy,0.35,110.1,110,109.8,252,68.8,152,12/16/24 0:00
155,CSUN,BW,0.35,104.8,200,104.4,130,72.6,13,12/16/24 0:00
156,South Florida,Amer,0.2,107,148,106.9,187,69.3,129,12/16/24 0:00
157,Boston College,ACC,0.13,106.1,169,106,164,67,243,12/16/24 0:00
158,North Florida,ASun,-0.04,112.8,60,112.9,317,71.2,45,12/16/24 0:00
159,Cal Baptist,WAC,-0.26,110.6,94,110.9,273,65.6,301,12/16/24 0:00
160,Northern Colorado,BSky,-0.28,107.5,141,107.8,203,71.2,42,12/16/24 0:00
,,,,,Strength of Schedule,NCSOS,,,,12/16/24 0:00
Rk,Team,Conf,NetRtg,ORtg,DRtg,AdjT,Luck,NetRtg,ORtg,12/16/24 0:00
161,Appalachian St.,SB,-0.4,101.6,258,102,99,65.6,303,12/16/24 0:00
162,East Carolina,Amer,-0.42,106.1,171,106.5,177,65.2,321,12/16/24 0:00
163,Florida Gulf Coast,ASun,-0.68,106,173,106.7,184,64.5,337,12/16/24 0:00
164,Southern Illinois,MVC,-0.75,103.2,229,104,124,70.2,78,12/16/24 0:00
165,Winthrop,BSth,-0.76,106,174,106.7,183,72.8,12,12/16/24 0:00
166,Hofstra,CAA,-0.81,101.6,259,102.4,107,65.2,324,12/16/24 0:00
167,Ohio,MAC,-0.86,109.4,120,110.3,257,70.1,81,12/16/24 0:00
168,Illinois St.,MVC,-0.87,108.9,128,109.8,250,65.9,295,12/16/24 0:00
169,Kennesaw St.,CUSA,-0.9,105.4,183,106.3,172,71.7,33,12/16/24 0:00
170,North Alabama,ASun,-0.92,105.6,181,106.5,178,68.7,153,12/16/24 0:00
171,Marshall,SB,-0.96,104.4,208,105.3,147,71.2,44,12/16/24 0:00
172,Radford,BSth,-1.03,107.2,146,108.2,215,65.3,315,12/16/24 0:00
173,Jacksonville,ASun,-1.03,101.5,262,102.5,110,69.4,120,12/16/24 0:00
174,Brown,Ivy,-1.05,106.4,164,107.5,199,65.4,313,12/16/24 0:00
175,Miami OH,MAC,-1.15,104.7,202,105.8,160,68.4,169,12/16/24 0:00
176,Rice,Amer,-1.21,103.8,220,105,141,66.2,274,12/16/24 0:00
177,Lamar,Slnd,-1.21,103.6,222,104.8,137,66.7,251,12/16/24 0:00
178,Chattanooga,SC,-1.24,109.2,122,110.4,263,67.3,233,12/16/24 0:00
179,UC Riverside,BW,-1.24,105,192,106.3,170,68.2,177,12/16/24 0:00
180,Utah Valley,WAC,-1.29,103.2,230,104.5,132,69.7,108,12/16/24 0:00
181,Jacksonville St.,CUSA,-1.29,107.5,140,108.8,227,66.4,264,12/16/24 0:00
182,UT Arlington,WAC,-1.3,109.7,116,110.9,275,70.7,60,12/16/24 0:00
183,Texas A&M Corpus Chris,Slnd,-1.3,106.1,172,107.4,196,69.9,89,12/16/24 0:00
184,Hawaii,BW,-1.4,104.9,194,106.3,173,66.2,277,12/16/24 0:00
185,Bryant,AE,-1.42,105.9,175,107.3,194,74.2,3,12/16/24 0:00
186,UC Davis,BW,-1.55,99.3,310,100.9,85,71.3,41,12/16/24 0:00
187,Drexel,CAA,-1.56,105.3,186,106.9,189,64.4,338,12/16/24 0:00
188,Loyola Marymount,WCC,-1.59,103.8,219,105.4,149,67.6,218,12/16/24 0:00
189,UNC Asheville,BSth,-1.65,107.3,144,108.9,229,67.3,228,12/16/24 0:00
190,Norfolk St.,MEAC,-1.72,107,149,108.7,225,66.7,250,12/16/24 0:00
191,Charlotte,Amer,-1.77,107.6,139,109.4,237,64,349,12/16/24 0:00
192,Oakland,Horz,-1.8,103.2,231,105,140,63.3,358,12/16/24 0:00
193,Montana,BSky,-2.1,106.1,170,108.2,213,69.6,114,12/16/24 0:00
194,Fordham,A10,-2.11,103.6,223,105.7,159,71.1,50,12/16/24 0:00
195,Abilene Christian,WAC,-2.38,104.9,195,107.3,192,67.7,212,12/16/24 0:00
196,Southern Utah,WAC,-2.41,106.6,162,109,231,69.1,138,12/16/24 0:00
197,Indiana St.,MVC,-2.55,109.1,126,111.6,290,72.9,10,12/16/24 0:00
198,Missouri St.,MVC,-2.62,103.3,228,105.9,162,66.6,258,12/16/24 0:00
199,South Alabama,SB,-2.87,105.1,190,108,206,65.2,323,12/16/24 0:00
200,New Mexico St.,CUSA,-2.92,103.4,227,106.3,171,67.6,219,12/16/24 0:00
,,,,,Strength of Schedule,NCSOS,,,,12/16/24 0:00
Rk,Team,Conf,NetRtg,ORtg,DRtg,AdjT,Luck,NetRtg,ORtg,12/16/24 0:00
201,Wyoming,MWC,-2.97,102.6,240,105.5,154,66.2,276,12/16/24 0:00
202,Merrimack,MAAC,-3.14,100.2,285,103.4,118,65.1,327,12/16/24 0:00
203,Duquesne,A10,-3.15,101.3,267,104.5,134,65.7,300,12/16/24 0:00
204,Vermont,AE,-3.16,99.8,298,102.9,112,63.8,353,12/16/24 0:00
205,Massachusetts,A10,-3.24,104.8,198,108.1,209,71.1,54,12/16/24 0:00
206,Central Michigan,MAC,-3.44,102,250,105.4,151,69.6,113,12/16/24 0:00
207,San Jose St.,MWC,-3.65,106.6,157,110.3,258,65.5,305,12/16/24 0:00
208,Tulane,Amer,-3.76,104.4,207,108.1,211,68,195,12/16/24 0:00
209,Richmond,A10,-3.76,102.2,245,106,163,67.7,209,12/16/24 0:00
210,Central Connecticut,NEC,-3.81,99.6,306,103.4,120,65.6,302,12/16/24 0:00
211,Maine,AE,-3.84,101.1,272,104.9,139,68,189,12/16/24 0:00
212,Eastern Kentucky,ASun,-4.12,106.6,158,110.8,271,69,143,12/16/24 0:00
213,Northern Kentucky,Horz,-4.12,100.7,279,104.8,138,66.6,255,12/16/24 0:00
214,Toledo,MAC,-4.15,110.6,92,114.8,341,70,85,12/16/24 0:00
215,Longwood,BSth,-4.32,102.3,243,106.6,179,69,142,12/16/24 0:00
216,William & Mary,CAA,-4.42,108.3,133,112.8,314,71.9,29,12/16/24 0:00
217,Little Rock,OVC,-4.46,99.7,299,104.2,127,67.8,204,12/16/24 0:00
218,Weber St.,BSky,-4.47,105.7,179,110.2,256,66.5,259,12/16/24 0:00
219,Youngstown St.,Horz,-4.58,98.8,317,103.4,119,69.2,131,12/16/24 0:00
220,Stephen F. Austin,Slnd,-4.64,95.6,351,100.3,76,66,286,12/16/24 0:00
221,Valparaiso,MVC,-4.69,106.6,159,111.3,283,69.3,128,12/16/24 0:00
222,Southern,SWAC,-4.71,100.1,292,104.8,136,68.2,175,12/16/24 0:00
223,Towson,CAA,-4.87,101.3,266,106.2,169,63.8,352,12/16/24 0:00
224,South Dakota,Sum,-4.88,110.4,100,115.3,347,74,5,12/16/24 0:00
225,Cal Poly,BW,-4.94,104.7,201,109.7,246,75.9,1,12/16/24 0:00
226,American,PL,-5.11,105,193,110.1,255,63.8,351,12/16/24 0:00
227,Saint Peter's,MAAC,-5.11,101,275,106.1,166,63.5,357,12/16/24 0:00
228,Idaho St.,BSky,-5.23,103.1,233,108.4,216,65,331,12/16/24 0:00
229,Illinois Chicago,MVC,-5.25,104.4,206,109.7,247,69.8,99,12/16/24 0:00
230,Georgia Southern,SB,-5.31,100.8,278,106.1,167,72.3,20,12/16/24 0:00
231,Cleveland St.,Horz,-5.45,99,315,104.5,133,67,240,12/16/24 0:00
232,Mercer,SC,-5.53,105.4,185,110.9,274,70.5,67,12/16/24 0:00
233,UT Rio Grande Valley,Slnd,-5.67,105.4,184,111.1,278,71,55,12/16/24 0:00
234,UTSA,Amer,-5.68,104.8,197,110.5,267,72,28,12/16/24 0:00
235,Gardner Webb,BSth,-5.69,104.1,216,109.8,251,69.7,101,12/16/24 0:00
236,Delaware,CAA,-5.73,106.5,163,112.2,301,71,56,12/16/24 0:00
237,Pepperdine,WCC,-5.83,102.2,244,108.1,208,69.5,117,12/16/24 0:00
238,Quinnipiac,MAAC,-6.03,101,273,107.1,190,70.2,76,12/16/24 0:00
239,Southeastern Louisiana,Slnd,-6.08,97.8,329,103.9,122,68.9,148,12/16/24 0:00
240,Marist,MAAC,-6.17,102,248,108.2,212,64.9,332,12/16/24 0:00
,,,,,Strength of Schedule,NCSOS,,,,12/16/24 0:00
Rk,Team,Conf,NetRtg,ORtg,DRtg,AdjT,Luck,NetRtg,ORtg,12/16/24 0:00
241,Albany,AE,-6.32,104.8,199,111.1,279,70.1,82,12/16/24 0:00
242,Presbyterian,BSth,-6.4,104.1,215,110.5,265,66.1,280,12/16/24 0:00
243,Nicholls,Slnd,-6.5,101.2,270,107.7,202,68.3,171,12/16/24 0:00
244,UMBC,AE,-6.52,105.5,182,112,297,72.3,19,12/16/24 0:00
245,FIU,CUSA,-6.55,99.1,313,105.6,157,70,86,12/16/24 0:00
246,Colgate,PL,-6.8,102.7,238,109.5,240,66,284,12/16/24 0:00
247,Boston University,PL,-6.85,102.3,242,109.2,233,64.1,347,12/16/24 0:00
248,Cal St. Bakersfield,BW,-6.88,102.9,234,109.8,253,65.2,319,12/16/24 0:00
249,Robert Morris,Horz,-6.97,97.4,331,104.4,128,69.7,106,12/16/24 0:00
250,South Carolina St.,MEAC,-7.01,101.5,261,108.5,220,67.9,199,12/16/24 0:00
251,Lehigh,PL,-7.03,106.8,155,113.9,328,67.5,223,12/16/24 0:00
252,Pacific,WCC,-7.15,99.7,301,106.9,188,68.2,179,12/16/24 0:00
253,Lafayette,PL,-7.16,100.5,283,107.6,200,66.7,253,12/16/24 0:00
254,Howard,MEAC,-7.32,105.9,176,113.2,321,68.1,182,12/16/24 0:00
255,Grambling St.,SWAC,-7.33,100.1,290,107.4,197,67.7,210,12/16/24 0:00
256,Eastern Washington,BSky,-7.53,106.2,167,113.7,325,68.4,167,12/16/24 0:00
257,Tulsa,Amer,-7.53,102,249,109.5,242,68.1,184,12/16/24 0:00
258,Georgia St.,SB,-7.57,102,251,109.5,243,70.2,74,12/16/24 0:00
259,Alabama St.,SWAC,-7.67,104.9,196,112.5,309,70.2,79,12/16/24 0:00
260,SIUE,OVC,-7.68,100,293,107.7,201,66.7,252,12/16/24 0:00
261,Hampton,CAA,-7.71,102,252,109.7,248,65.4,312,12/16/24 0:00
262,Bucknell,PL,-7.71,98,326,105.7,158,68,188,12/16/24 0:00
263,Austin Peay,ASun,-7.72,97.7,330,105.5,152,63.7,355,12/16/24 0:00
264,Harvard,Ivy,-7.75,99.7,302,107.4,198,67.8,205,12/16/24 0:00
265,Northwestern St.,Slnd,-8.08,101.2,269,109.3,235,65.3,317,12/16/24 0:00
266,Fresno St.,MWC,-8.12,96.3,343,104.4,131,74.5,2,12/16/24 0:00
267,Siena,MAAC,-8.13,100.3,284,108.4,218,64.4,339,12/16/24 0:00
268,Portland St.,BSky,-8.17,104.1,214,112.3,303,70.6,65,12/16/24 0:00
269,Campbell,CAA,-8.32,99.8,297,108.1,210,67.2,234,12/16/24 0:00
270,Evansville,MVC,-8.33,101.7,256,110,254,68.4,168,12/16/24 0:00
271,Mount St. Mary's,MAAC,-8.37,100.2,287,108.6,222,68.5,161,12/16/24 0:00
272,Bowling Green,MAC,-8.42,104.1,213,112.5,308,69.7,110,12/16/24 0:00
273,Iona,MAAC,-8.51,98.8,318,107.3,193,69.5,116,12/16/24 0:00
274,Sacred Heart,MAAC,-8.72,103.1,232,111.8,294,69.5,115,12/16/24 0:00
275,Coastal Carolina,SB,-8.74,100.7,280,109.4,239,64.3,343,12/16/24 0:00
276,Southern Indiana,OVC,-8.89,102.1,247,111,276,66.7,249,12/16/24 0:00
277,Queens,ASun,-8.97,102.8,235,111.8,291,69.9,90,12/16/24 0:00
278,North Carolina Central,MEAC,-8.99,103.8,218,112.8,316,67,241,12/16/24 0:00
279,Kansas City,Sum,-9,100.6,281,109.6,245,67,242,12/16/24 0:00
280,Northern Arizona,BSky,-9.28,104.5,205,113.8,327,67.3,232,12/16/24 0:00
,,,,,Strength of Schedule,NCSOS,,,,12/16/24 0:00
Rk,Team,Conf,NetRtg,ORtg,DRtg,AdjT,Luck,NetRtg,ORtg,12/16/24 0:00
281,Southern Miss,SB,-9.43,98.8,319,108.2,214,70.6,66,12/16/24 0:00
282,Air Force,MWC,-9.47,101.6,260,111,277,62.8,360,12/16/24 0:00
283,Incarnate Word,Slnd,-9.61,105.1,189,114.7,340,66.3,270,12/16/24 0:00
284,Army,PL,-9.62,104.7,203,114.3,337,66.6,257,12/16/24 0:00
285,Monmouth,CAA,-9.89,101.4,263,111.3,284,68.1,183,12/16/24 0:00
286,Western Michigan,MAC,-10.03,102.7,237,112.8,315,66.9,247,12/16/24 0:00
287,Charleston Southern,BSth,-10.16,101.1,271,111.3,282,69.4,122,12/16/24 0:00
288,Cal St. Fullerton,BW,-10.25,98.3,324,108.6,221,65.4,314,12/16/24 0:00
289,Idaho,BSky,-10.25,105.2,187,115.5,348,66.1,281,12/16/24 0:00
290,Bethune Cookman,SWAC,-10.43,96.1,345,106.5,176,69.9,92,12/16/24 0:00
291,Long Beach St.,BW,-10.47,101.8,254,112.2,302,64.8,335,12/16/24 0:00
292,Southeast Missouri,OVC,-10.49,96.9,338,107.4,195,71.1,53,12/16/24 0:00
293,Morehead St.,OVC,-10.51,101.4,264,111.9,295,67.6,220,12/16/24 0:00
294,Ball St.,MAC,-10.58,101.7,257,112.3,304,67.1,238,12/16/24 0:00
295,Utah Tech,WAC,-10.94,101,274,112,296,67.7,215,12/16/24 0:00
296,Nebraska Omaha,Sum,-11,100.5,282,111.5,288,67.8,207,12/16/24 0:00
297,Oral Roberts,Sum,-11.01,103.4,226,114.4,339,69.2,133,12/16/24 0:00
298,Wagner,NEC,-11.02,92.1,360,103.1,114,61.8,363,12/16/24 0:00
299,Loyola MD,PL,-11.2,99.3,311,110.5,264,67.9,202,12/16/24 0:00
300,Fairfield,MAAC,-11.34,103.5,225,114.8,342,67.1,237,12/16/24 0:00
301,Manhattan,MAAC,-11.4,102.6,239,114,331,69.9,91,12/16/24 0:00
302,Rider,MAAC,-11.43,100,295,111.4,285,64.3,344,12/16/24 0:00
303,North Dakota,Sum,-11.67,103.5,224,115.2,345,68.5,160,12/16/24 0:00
304,Jackson St.,SWAC,-11.76,97.1,335,108.9,228,69.7,103,12/16/24 0:00
305,San Diego,WCC,-11.79,94.8,356,106.6,180,71.8,31,12/16/24 0:00
306,Texas Southern,SWAC,-11.86,99.7,303,111.5,289,69.9,88,12/16/24 0:00
307,Penn,Ivy,-11.87,101.3,268,113.2,322,65.3,316,12/16/24 0:00
308,Stonehill,NEC,-11.89,99.6,305,111.5,287,65.8,298,12/16/24 0:00
309,Louisiana,SB,-12.01,102.2,246,114.2,336,68.2,173,12/16/24 0:00
310,Navy,PL,-12.07,102.8,236,114.9,344,68.5,164,12/16/24 0:00
311,North Carolina A&T,CAA,-12.13,100.9,276,113,319,74,7,12/16/24 0:00
312,Dartmouth,Ivy,-12.31,97.4,332,109.7,249,70.4,68,12/16/24 0:00
313,Binghamton,AE,-12.34,100.2,286,112.6,311,65,329,12/16/24 0:00
314,Portland,WCC,-12.36,98.4,323,110.8,272,70,84,12/16/24 0:00
315,Western Carolina,SC,-12.43,96,346,108.5,219,71.9,30,12/16/24 0:00
316,Tarleton St.,WAC,-12.54,95.5,354,108,207,66.4,265,12/16/24 0:00
317,Detroit Mercy,Horz,-12.61,98.6,320,111.3,280,67.7,214,12/16/24 0:00
318,Stony Brook,CAA,-12.96,99.1,312,112.1,299,67.8,203,12/16/24 0:00
319,Tennessee St.,OVC,-13.13,99.3,309,112.5,306,71.8,32,12/16/24 0:00
320,Eastern Michigan,MAC,-13.15,100,294,113.1,320,67.4,226,12/16/24 0:00
,,,,,Strength of Schedule,NCSOS,,,,12/16/24 0:00
Rk,Team,Conf,NetRtg,ORtg,DRtg,AdjT,Luck,NetRtg,ORtg,12/16/24 0:00
321,Saint Francis,NEC,-13.23,98.6,322,111.8,292,68.7,154,12/16/24 0:00
322,Buffalo,MAC,-13.39,100.1,289,113.5,323,69.6,112,12/16/24 0:00
323,Niagara,MAAC,-13.46,101.4,265,114.9,343,64.4,340,12/16/24 0:00
324,Old Dominion,SB,-13.67,99,316,112.6,313,69.1,139,12/16/24 0:00
325,Green Bay,Horz,-13.79,102.4,241,116.2,353,71.2,43,12/16/24 0:00
326,Eastern Illinois,OVC,-13.83,95.7,350,109.6,244,67.3,229,12/16/24 0:00
327,Denver,Sum,-14.03,100.1,291,114.1,334,67.4,224,12/16/24 0:00
328,Tennessee Tech,OVC,-14.16,100.2,288,114.4,338,67.9,198,12/16/24 0:00
329,Holy Cross,PL,-14.31,101.7,255,116.1,352,65.5,309,12/16/24 0:00
330,Louisiana Monroe,SB,-14.42,96.2,344,110.6,268,68.1,186,12/16/24 0:00
331,LIU,NEC,-14.81,95.9,348,110.7,270,68.1,181,12/16/24 0:00
332,Sacramento St.,BSky,-14.96,95.5,353,110.5,266,65.5,307,12/16/24 0:00
333,Bellarmine,ASun,-15.09,104,217,119.1,361,66.9,245,12/16/24 0:00
334,Western Illinois,OVC,-15.11,99,314,114.1,335,63.8,354,12/16/24 0:00
335,Tennessee Martin,OVC,-15.22,96.6,340,111.8,293,68.8,150,12/16/24 0:00
336,Central Arkansas,ASun,-15.41,97.1,337,112.5,307,67.3,231,12/16/24 0:00
337,Prairie View A&M,SWAC,-15.53,103.7,221,119.2,362,72.4,15,12/16/24 0:00
338,Fairleigh Dickinson,NEC,-15.59,101.8,253,117.4,357,71.2,47,12/16/24 0:00
339,Lindenwood,OVC,-15.81,96.5,341,112.3,305,68.2,174,12/16/24 0:00
340,Le Moyne,NEC,-15.92,96.6,339,112.6,310,69.4,119,12/16/24 0:00
341,VMI,SC,-15.99,97.9,327,113.9,329,68.6,157,12/16/24 0:00
342,Delaware St.,MEAC,-16.01,96,347,112,298,70.8,59,12/16/24 0:00
343,USC Upstate,BSth,-16.12,99.5,307,115.6,349,72.3,17,12/16/24 0:00
344,West Georgia,ASun,-16.42,97.3,334,113.7,326,67.5,222,12/16/24 0:00
345,Stetson,ASun,-16.45,99.5,308,115.9,351,68.9,144,12/16/24 0:00
346,New Orleans,Slnd,-16.67,97.4,333,114,333,69.7,105,12/16/24 0:00
347,Florida A&M,SWAC,-16.91,93.7,358,110.6,269,69.5,118,12/16/24 0:00
348,Morgan St.,MEAC,-17.16,99.7,304,116.8,356,71.4,39,12/16/24 0:00
349,Northern Illinois,MAC,-17.35,95.6,352,112.9,318,69.8,97,12/16/24 0:00
350,IU Indy,Horz,-17.6,100.9,277,118.5,359,66.4,266,12/16/24 0:00
351,The Citadel,SC,-18.16,95.8,349,113.9,330,65.5,308,12/16/24 0:00
352,East Texas A&M,Slnd,-18.42,94.2,357,112.6,312,68.9,149,12/16/24 0:00
353,Houston Christian,Slnd,-18.42,98.1,325,116.5,355,66,285,12/16/24 0:00
354,NJIT,AE,-18.67,92.7,359,111.4,286,65.9,289,12/16/24 0:00
355,Alcorn St.,SWAC,-18.74,96.4,342,115.2,346,65.8,299,12/16/24 0:00
356,Mercyhurst,NEC,-19.29,97.1,336,116.4,354,64.6,336,12/16/24 0:00
357,Canisius,MAAC,-19.7,99.7,300,119.4,363,66.3,272,12/16/24 0:00
358,Maryland Eastern Shore,MEAC,-20.67,97.9,328,118.5,360,67.9,200,12/16/24 0:00
359,Alabama A&M,SWAC,-20.83,94.8,355,115.7,350,70.7,61,12/16/24 0:00
360,New Hampshire,AE,-20.99,91.2,362,112.2,300,68,192,12/16/24 0:00
,,,,,Strength of Schedule,NCSOS,,,,12/16/24 0:00
Rk,Team,Conf,NetRtg,ORtg,DRtg,AdjT,Luck,NetRtg,ORtg,12/16/24 0:00
361,Chicago St.,NEC,-21.54,92.1,361,113.6,324,69.9,95,12/16/24 0:00
362,Arkansas Pine Bluff,SWAC,-24.12,98.6,321,122.7,364,72.8,11,12/16/24 0:00
363,Coppin St.,MEAC,-25.68,88.3,363,114,332,67.2,235,12/16/24 0:00
364,Mississippi Valley St.,SWAC,-30.01,88,364,118,358,64.9,334,12/16/24 0:00
1,Auburn,SEC,35.01,130.2,1,95.2,14,68,194,12/17/24 0:00
2,Tennessee,SEC,30.95,119.8,16,88.9,1,66.2,281,12/17/24 0:00
3,Duke,ACC,30.84,120.3,12,89.4,2,66.9,246,12/17/24 0:00
4,Houston,B12,29.66,120.4,11,90.8,3,62.5,362,12/17/24 0:00
5,Iowa St.,B12,29.42,123.8,3,94.4,7,70.3,74,12/17/24 0:00
6,Gonzaga,WCC,28.88,124.7,2,95.9,21,69.8,102,12/17/24 0:00
7,Florida,SEC,26.16,122.6,7,96.5,22,69.9,96,12/17/24 0:00
8,Alabama,SEC,25.32,123.3,6,98,38,73.7,8,12/17/24 0:00
9,Marquette,BE,24.09,119.2,17,95.2,12,69,147,12/17/24 0:00
10,Kansas,B12,23.9,118.4,22,94.5,9,69.4,123,12/17/24 0:00
11,Kentucky,SEC,23.35,122.2,8,98.8,44,72.2,22,12/17/24 0:00
12,Connecticut,BE,23.35,123.8,4,100.4,69,65.5,309,12/17/24 0:00
13,UCLA,B10,22.27,113.3,59,91,4,66.3,276,12/17/24 0:00
14,Baylor,B12,22.14,123.3,5,101.2,82,66.4,268,12/17/24 0:00
15,St. John's,BE,22.12,117.8,26,95.7,19,70.2,78,12/17/24 0:00
16,Illinois,B10,22.04,117.1,29,95.1,11,71.5,38,12/17/24 0:00
17,Michigan St.,B10,21.5,117.1,30,95.6,17,68.3,173,12/17/24 0:00
18,Texas A&M,SEC,21.48,115.4,44,93.9,6,67.6,221,12/17/24 0:00
19,Oregon,B10,21.3,118.5,20,97.2,28,68.8,151,12/17/24 0:00
20,Maryland,B10,21.13,116.3,38,95.2,13,70.1,82,12/17/24 0:00
21,Purdue,B10,21.03,121.2,9,100.2,64,65.6,306,12/17/24 0:00
22,Texas Tech,B12,21.03,119,18,97.9,37,66.6,260,12/17/24 0:00
23,Michigan,B10,20.92,116.3,39,95.3,15,70.5,69,12/17/24 0:00
24,Cincinnati,B12,20.84,115.4,45,94.5,10,66.3,272,12/17/24 0:00
25,Mississippi,SEC,20.58,120.1,14,99.5,56,67.2,236,12/17/24 0:00
26,Dayton,A10,20.47,120.8,10,100.3,65,65.9,297,12/17/24 0:00
27,Clemson,ACC,20.41,115.8,42,95.4,16,65.1,326,12/17/24 0:00
28,North Carolina,ACC,20.22,118.5,21,98.2,40,74.1,5,12/17/24 0:00
29,Pittsburgh,ACC,20.16,117.6,27,97.4,32,68.6,160,12/17/24 0:00
30,Mississippi St.,SEC,19.62,118.7,19,99,48,68.6,162,12/17/24 0:00
31,Arizona,B12,19.5,116.3,37,96.8,25,72,26,12/17/24 0:00
32,Penn St.,B10,18.61,116.7,31,98.1,39,72.6,14,12/17/24 0:00
33,Memphis,Amer,18.26,118.1,24,99.8,61,70.4,71,12/17/24 0:00
34,Saint Mary's,WCC,18.23,115.2,48,97,27,63.7,356,12/17/24 0:00
35,Wisconsin,B10,18.14,120,15,101.9,92,68.5,166,12/17/24 0:00
36,Ohio St.,B10,17.45,116.6,32,99.2,53,68,193,12/17/24 0:00
37,Oklahoma,SEC,17.3,116.4,35,99.1,51,67.8,205,12/17/24 0:00
38,Texas,SEC,17.24,114.4,51,97.2,29,67.7,213,12/17/24 0:00
39,Georgia,SEC,17.06,114,54,96.9,26,67.5,227,12/17/24 0:00
40,Arkansas,SEC,16.91,113.4,58,96.5,23,70.3,76,12/17/24 0:00
,,,,,Strength of Schedule,NCSOS,,,,12/17/24 0:00
Rk,Team,Conf,NetRtg,ORtg,DRtg,AdjT,Luck,NetRtg,ORtg,12/17/24 0:00
41,Creighton,BE,16.7,114.3,52,97.6,33,69.9,93,12/17/24 0:00
42,VCU,A10,16.63,111.1,91,94.4,8,67.8,212,12/17/24 0:00
43,San Diego St.,MWC,16.35,113.1,61,96.7,24,66.5,266,12/17/24 0:00
44,BYU,B12,16.3,117.2,28,100.9,79,68.7,155,12/17/24 0:00
45,Iowa,B10,16.18,117.9,25,101.7,90,71.8,36,12/17/24 0:00
46,Utah St.,MWC,15.6,115.6,43,100,62,69.9,97,12/17/24 0:00
47,Nevada,MWC,15.4,116.4,36,101,80,64.3,345,12/17/24 0:00
48,West Virginia,B12,15.39,112.8,71,97.4,31,66.5,262,12/17/24 0:00
49,Missouri,SEC,15.35,116.5,33,101.2,81,69.3,128,12/17/24 0:00
50,Villanova,BE,15.15,120.3,13,105.1,138,64.3,346,12/17/24 0:00
51,SMU,ACC,15.15,116.4,34,101.2,83,70,86,12/17/24 0:00
52,Indiana,B10,14.83,115.3,46,100.5,71,71.2,51,12/17/24 0:00
53,San Francisco,WCC,14.69,112.4,77,97.7,35,68,196,12/17/24 0:00
54,Nebraska,B10,14.61,112.3,79,97.7,34,69.7,110,12/17/24 0:00
55,Boise St.,MWC,14.45,114.9,50,100.4,70,68.2,178,12/17/24 0:00
56,Northwestern,B10,14.37,110.2,111,95.8,20,65.3,321,12/17/24 0:00
57,Arizona St.,B12,13.71,112.4,75,98.7,42,69.4,122,12/17/24 0:00
58,LSU,SEC,13.66,112.4,76,98.7,43,69.3,130,12/17/24 0:00
59,Louisville,ACC,13.64,113,65,99.3,55,69.2,136,12/17/24 0:00
60,UC Irvine,BW,13.39,106.9,160,93.5,5,70.4,70,12/17/24 0:00
61,Xavier,BE,13.38,113,62,99.6,58,69.7,111,12/17/24 0:00
62,Vanderbilt,SEC,13.19,116.1,41,102.9,110,71.3,42,12/17/24 0:00
63,Utah,B12,12.6,112.3,80,99.7,59,71.3,43,12/17/24 0:00
64,Oregon St.,WCC,12.26,111.5,86,99.2,54,65.2,324,12/17/24 0:00
65,Florida St.,ACC,11.97,110.9,97,98.9,46,71,57,12/17/24 0:00
66,Liberty,CUSA,11.73,110.8,100,99.1,50,64,350,12/17/24 0:00
67,North Texas,Amer,11.6,107.2,152,95.6,18,64.4,342,12/17/24 0:00
68,South Carolina,SEC,11.2,110.8,103,99.6,57,66.5,264,12/17/24 0:00
69,Kansas St.,B12,10.82,111.3,88,100.5,73,69.2,135,12/17/24 0:00
70,New Mexico,MWC,10.69,112.8,70,102.2,95,74.1,4,12/17/24 0:00
71,Washington St.,WCC,10.54,111,93,100.5,72,71.5,39,12/17/24 0:00
72,Colorado,B12,10.5,110.9,95,100.4,68,67.8,211,12/17/24 0:00
73,Drake,MVC,10.49,109.3,127,98.8,45,64.1,348,12/17/24 0:00
74,Butler,BE,10.39,113,63,102.6,103,67.8,206,12/17/24 0:00
75,Bradley,MVC,10.37,116.1,40,105.8,149,65.9,295,12/17/24 0:00
76,Rutgers,B10,10.24,112.9,67,102.7,105,70.7,64,12/17/24 0:00
77,Santa Clara,WCC,10.1,112.7,72,102.6,102,68.7,156,12/17/24 0:00
78,UC San Diego,BW,9.84,111.5,85,101.7,89,67,243,12/17/24 0:00
79,Providence,BE,9.78,110.1,112,100.4,66,64.4,341,12/17/24 0:00
80,George Mason,A10,9.71,108.8,132,99.1,52,66.4,270,12/17/24 0:00
,,,,,Strength of Schedule,NCSOS,,,,12/17/24 0:00
Rk,Team,Conf,NetRtg,ORtg,DRtg,AdjT,Luck,NetRtg,ORtg,12/17/24 0:00
81,UCF,B12,9.7,110.4,110,100.7,77,69.8,104,12/17/24 0:00
82,St. Bonaventure,A10,9.61,109.4,125,99.8,60,65.5,307,12/17/24 0:00
83,Stanford,ACC,9.29,113.8,56,104.5,126,67.2,235,12/17/24 0:00
84,N.C. State,ACC,9.22,110.8,98,101.6,87,66,293,12/17/24 0:00
85,Georgetown,BE,9.12,109.7,121,100.6,75,69.3,131,12/17/24 0:00
86,USC,B10,9.04,110.5,106,101.5,86,68.5,165,12/17/24 0:00
87,Notre Dame,ACC,8.86,112.3,78,103.5,114,66,289,12/17/24 0:00
88,DePaul,BE,8.56,111,92,102.4,100,68.6,163,12/17/24 0:00
89,McNeese,Slnd,8.48,110.8,101,102.3,97,65.9,296,12/17/24 0:00
90,TCU,B12,8.42,105.8,184,97.3,30,68.2,177,12/17/24 0:00
91,Florida Atlantic,Amer,8.28,115.3,47,107,181,72.1,24,12/17/24 0:00
92,Oklahoma St.,B12,8.26,110.6,105,102.3,98,72.4,18,12/17/24 0:00
93,Rhode Island,A10,8.25,110.1,113,101.8,91,72.4,15,12/17/24 0:00
94,Loyola Chicago,A10,8.09,108.6,134,100.5,74,69.1,142,12/17/24 0:00
95,Northern Iowa,MVC,7.91,112.9,66,105,135,65.5,311,12/17/24 0:00
96,Miami FL,ACC,7.56,118.3,23,110.7,261,66.3,274,12/17/24 0:00
97,Grand Canyon,WAC,7.56,110.1,114,102.5,101,72,27,12/17/24 0:00
98,Lipscomb,ASun,7.41,109,129,101.6,88,68.1,191,12/17/24 0:00
99,Louisiana Tech,CUSA,7.35,110.4,109,103.1,111,65.7,302,12/17/24 0:00
100,Wichita St.,Amer,7.2,109.8,118,102.6,104,71.5,37,12/17/24 0:00
101,Yale,Ivy,7.05,114.1,53,107.1,184,68.1,189,12/17/24 0:00
102,Washington,B10,6.93,107.3,150,100.4,67,68.8,152,12/17/24 0:00
103,Virginia,ACC,6.78,105.4,189,98.6,41,61.2,364,12/17/24 0:00
104,Saint Joseph's,A10,6.65,108.9,131,102.2,96,70.1,80,12/17/24 0:00
105,Murray St.,MVC,6.63,110,116,103.4,113,65.8,299,12/17/24 0:00
106,Syracuse,ACC,6.13,112.7,73,106.6,169,70.3,72,12/17/24 0:00
107,Wake Forest,ACC,5.98,104.9,203,98.9,47,66.6,257,12/17/24 0:00
108,Arkansas St.,SB,5.88,106.6,165,100.7,78,71.2,52,12/17/24 0:00
109,Colorado St.,MWC,5.8,107.1,156,101.3,84,68.4,170,12/17/24 0:00
110,Georgia Tech,ACC,5.78,107.8,143,102,93,70.9,58,12/17/24 0:00
111,Samford,SC,5.58,115,49,109.4,230,72.1,23,12/17/24 0:00
112,Western Kentucky,CUSA,5.54,104.6,212,99.1,49,73.3,9,12/17/24 0:00
113,UNLV,MWC,5.02,110.8,102,105.8,148,66.3,271,12/17/24 0:00
114,Princeton,Ivy,4.93,112,81,107.1,185,67.7,218,12/17/24 0:00
115,Davidson,A10,4.75,113,64,108.2,205,67.5,226,12/17/24 0:00
116,Minnesota,B10,4.68,106.7,163,102,94,62.6,361,12/17/24 0:00
117,Kent St.,MAC,4.47,104.6,211,100.1,63,65.3,320,12/17/24 0:00
118,Temple,Amer,3.97,108.4,137,104.5,125,69.3,134,12/17/24 0:00
119,Cornell,Ivy,3.85,112.6,74,108.7,215,71.8,34,12/17/24 0:00
120,Furman,SC,3.82,106.5,167,102.7,106,66.1,285,12/17/24 0:00
,,,,,Strength of Schedule,NCSOS,,,,12/17/24 0:00
Rk,Team,Conf,NetRtg,ORtg,DRtg,AdjT,Luck,NetRtg,ORtg,12/17/24 0:00
121,South Dakota St.,Sum,3.72,109,130,105.3,142,69.4,124,12/17/24 0:00
122,California,ACC,3.6,112.9,69,109.3,229,69.7,109,12/17/24 0:00
123,UC Santa Barbara,BW,3.43,109.8,120,106.4,166,66.2,279,12/17/24 0:00
124,Troy,SB,3.26,106,179,102.8,107,67.7,216,12/17/24 0:00
125,North Dakota St.,Sum,3.18,113.9,55,110.8,262,65,330,12/17/24 0:00
126,High Point,BSth,3.04,112.9,68,109.9,240,66,292,12/17/24 0:00
127,Sam Houston St.,CUSA,2.96,111.9,83,108.9,220,69.4,127,12/17/24 0:00
128,James Madison,SB,2.87,109.5,122,106.7,172,66.5,263,12/17/24 0:00
129,Charleston,CAA,2.77,107.8,142,105.1,136,70.6,66,12/17/24 0:00
130,Texas St.,SB,2.6,108.5,136,105.9,154,65.9,298,12/17/24 0:00
131,Middle Tennessee,CUSA,2.45,106.7,164,104.2,123,69.1,141,12/17/24 0:00
132,Wright St.,Horz,2.44,110.7,104,108.2,204,68,195,12/17/24 0:00
133,Seattle,WAC,2.34,108.6,135,106.2,162,66.9,249,12/17/24 0:00
134,Belmont,MVC,2.31,112,82,109.7,236,71.9,29,12/17/24 0:00
135,Seton Hall,BE,2.27,100.2,296,97.9,36,62.9,360,12/17/24 0:00
136,Akron,MAC,2.17,111.2,89,109.1,223,71.2,48,12/17/24 0:00
137,Milwaukee,Horz,1.94,109.4,126,107.4,192,69.9,94,12/17/24 0:00
138,Purdue Fort Wayne,Horz,1.91,113.5,57,111.6,280,69.4,126,12/17/24 0:00
139,East Tennessee St.,SC,1.89,107.4,148,105.5,145,68.1,184,12/17/24 0:00
140,UMass Lowell,AE,1.75,110.9,96,109.1,225,72.3,21,12/17/24 0:00
141,St. Thomas,Sum,1.7,111.3,87,109.6,233,68.2,179,12/17/24 0:00
142,UTEP,CUSA,1.43,105.1,197,103.7,117,69.4,125,12/17/24 0:00
143,Virginia Tech,ACC,1.36,106.1,177,104.7,129,65.3,317,12/17/24 0:00
144,George Washington,A10,1.33,107.3,151,105.9,155,69.2,137,12/17/24 0:00
145,Elon,CAA,1.21,107.2,153,106,156,66.1,283,12/17/24 0:00
146,UNC Wilmington,CAA,1.19,108.1,138,107,180,68.1,187,12/17/24 0:00
147,UAB,Amer,1.12,111.7,84,110.6,256,70.7,62,12/17/24 0:00
148,UNC Greensboro,SC,0.96,104.6,210,103.7,116,65,331,12/17/24 0:00
149,Montana St.,BSky,0.89,107.6,144,106.7,175,67.4,228,12/17/24 0:00
150,Northeastern,CAA,0.8,104.7,209,103.9,121,69,145,12/17/24 0:00
151,La Salle,A10,0.69,106.1,176,105.4,144,71.2,50,12/17/24 0:00
152,Saint Louis,A10,0.48,111.1,90,110.6,258,69.1,140,12/17/24 0:00
153,Wofford,SC,0.46,110.4,108,110,245,65,329,12/17/24 0:00
154,Columbia,Ivy,0.36,110.5,107,110.1,251,68.9,150,12/17/24 0:00
155,South Florida,Amer,0.3,107.5,147,107.2,190,69.3,132,12/17/24 0:00
156,CSUN,BW,0.18,104.9,201,104.7,130,72.7,13,12/17/24 0:00
157,Boston College,ACC,0.15,106.5,168,106.3,165,67,244,12/17/24 0:00
158,North Florida,ASun,-0.05,113.2,60,113.2,318,71.3,46,12/17/24 0:00
159,Appalachian St.,SB,-0.38,102,259,102.4,99,65.6,304,12/17/24 0:00
160,East Carolina,Amer,-0.39,106.4,171,106.8,177,65.3,318,12/17/24 0:00
,,,,,Strength of Schedule,NCSOS,,,,12/17/24 0:00
Rk,Team,Conf,NetRtg,ORtg,DRtg,AdjT,Luck,NetRtg,ORtg,12/17/24 0:00
161,Southern Illinois,MVC,-0.65,103.7,225,104.3,124,70.3,73,12/17/24 0:00
162,Florida Gulf Coast,ASun,-0.69,106.5,170,107.1,186,64.6,337,12/17/24 0:00
163,Northern Colorado,BSky,-0.75,107.8,141,108.6,213,71.9,31,12/17/24 0:00
164,Winthrop,BSth,-0.76,106.3,172,107.1,183,72.8,11,12/17/24 0:00
165,Cal Baptist,WAC,-0.79,109.9,117,110.7,260,66,288,12/17/24 0:00
166,Ohio,MAC,-0.82,109.8,119,110.6,257,70.1,85,12/17/24 0:00
167,Hofstra,CAA,-0.85,102,260,102.8,108,65.2,323,12/17/24 0:00
168,Illinois St.,MVC,-0.85,109.2,128,110.1,250,65.9,294,12/17/24 0:00
169,Kennesaw St.,CUSA,-0.92,105.8,183,106.7,174,71.8,35,12/17/24 0:00
170,Marshall,SB,-0.95,104.7,208,105.7,146,71.3,45,12/17/24 0:00
171,North Alabama,ASun,-0.96,105.9,180,106.9,178,68.8,154,12/17/24 0:00
172,Radford,BSth,-1.01,107.5,146,108.5,211,65.4,315,12/17/24 0:00
173,Jacksonville,ASun,-1.03,101.8,262,102.9,109,69.5,120,12/17/24 0:00
174,Brown,Ivy,-1.03,106.8,162,107.8,199,65.4,314,12/17/24 0:00
175,Miami OH,MAC,-1.11,105,199,106.1,161,68.4,171,12/17/24 0:00
176,Lamar,Slnd,-1.19,104,221,105.2,139,66.8,251,12/17/24 0:00
177,UC Riverside,BW,-1.21,105.4,190,106.6,171,68.1,181,12/17/24 0:00
178,Jacksonville St.,CUSA,-1.24,108,139,109.2,227,66.5,265,12/17/24 0:00
179,Chattanooga,SC,-1.24,109.5,123,110.8,263,67.3,232,12/17/24 0:00
180,UT Arlington,WAC,-1.25,110,115,111.3,274,70.8,59,12/17/24 0:00
181,Texas A&M Corpus Chris,Slnd,-1.32,106.5,169,107.8,197,69.9,91,12/17/24 0:00
182,Utah Valley,WAC,-1.37,103.5,229,104.9,133,69.7,108,12/17/24 0:00
183,Bryant,AE,-1.41,106.3,174,107.7,194,74.3,3,12/17/24 0:00
184,Hawaii,BW,-1.48,105.2,193,106.7,173,66.3,278,12/17/24 0:00
185,Drexel,CAA,-1.55,105.7,186,107.2,189,64.5,339,12/17/24 0:00
186,Loyola Marymount,WCC,-1.56,104.1,219,105.7,147,67.6,220,12/17/24 0:00
187,UC Davis,BW,-1.63,99.7,310,101.3,85,71.4,41,12/17/24 0:00
188,UNC Asheville,BSth,-1.68,107.6,145,109.3,228,67.3,233,12/17/24 0:00
189,Charlotte,Amer,-1.76,107.9,140,109.7,235,64,349,12/17/24 0:00
190,Norfolk St.,MEAC,-1.77,107.3,149,109.1,224,66.8,250,12/17/24 0:00
191,Oakland,Horz,-1.8,103.5,228,105.3,143,63.4,358,12/17/24 0:00
192,Fordham,A10,-2.1,104,222,106.1,159,71.2,49,12/17/24 0:00
193,Abilene Christian,WAC,-2.32,105.4,191,107.7,195,67.7,217,12/17/24 0:00
194,Rice,Amer,-2.34,103.6,227,105.9,153,66.9,248,12/17/24 0:00
195,Southern Utah,WAC,-2.35,106.3,173,108.6,214,69.6,116,12/17/24 0:00
196,Indiana St.,MVC,-2.49,109.4,124,111.9,290,73,10,12/17/24 0:00
197,South Alabama,SB,-2.5,104.7,207,107.2,187,64.7,335,12/17/24 0:00
198,Missouri St.,MVC,-2.67,103.6,226,106.3,163,66.6,259,12/17/24 0:00
199,Wyoming,MWC,-2.84,103,239,105.8,150,66.3,275,12/17/24 0:00
200,New Mexico St.,CUSA,-3.06,103,238,106.1,160,68,198,12/17/24 0:00
,,,,,Strength of Schedule,NCSOS,,,,12/17/24 0:00
Rk,Team,Conf,NetRtg,ORtg,DRtg,AdjT,Luck,NetRtg,ORtg,12/17/24 0:00
201,Merrimack,MAAC,-3.13,100.6,286,103.7,120,65.2,325,12/17/24 0:00
202,Vermont,AE,-3.15,100.1,298,103.3,112,63.9,353,12/17/24 0:00
203,Duquesne,A10,-3.16,101.7,267,104.9,132,65.8,301,12/17/24 0:00
204,Massachusetts,A10,-3.2,105.2,195,108.4,207,71.1,53,12/17/24 0:00
205,Central Michigan,MAC,-3.39,102.4,248,105.8,152,69.8,107,12/17/24 0:00
206,Tulane,Amer,-3.55,104.7,205,108.3,206,68,197,12/17/24 0:00
207,Richmond,A10,-3.7,102.6,244,106.3,164,67.8,207,12/17/24 0:00
208,San Jose St.,MWC,-3.75,107,159,110.7,259,65.6,305,12/17/24 0:00
209,Central Connecticut,NEC,-3.78,99.9,305,103.7,118,65.6,303,12/17/24 0:00
210,Maine,AE,-3.83,101.4,272,105.3,141,68.1,190,12/17/24 0:00
211,Montana,BSky,-3.87,107.1,155,111,269,69.8,100,12/17/24 0:00
212,Eastern Kentucky,ASun,-4.06,107,157,111.1,272,69.1,143,12/17/24 0:00
213,Northern Kentucky,Horz,-4.06,101.1,279,105.2,140,66.7,255,12/17/24 0:00
214,Toledo,MAC,-4.13,111,94,115.1,341,70.1,84,12/17/24 0:00
215,Longwood,BSth,-4.3,102.6,243,106.9,179,69.1,144,12/17/24 0:00
216,William & Mary,CAA,-4.41,108.7,133,113.1,314,72,28,12/17/24 0:00
217,Little Rock,OVC,-4.48,100.1,299,104.6,127,67.8,209,12/17/24 0:00
218,Weber St.,BSky,-4.49,106,178,110.5,255,66.5,261,12/17/24 0:00
219,Youngstown St.,Horz,-4.58,99.1,318,103.7,119,69.3,133,12/17/24 0:00
220,Southern,SWAC,-4.65,100.5,291,105.1,137,68.3,172,12/17/24 0:00
221,Stephen F. Austin,Slnd,-4.65,96,352,100.6,76,66,287,12/17/24 0:00
222,Valparaiso,MVC,-4.67,107,158,111.7,283,69.3,129,12/17/24 0:00
223,Southeastern Louisiana,Slnd,-4.76,99.5,312,104.2,122,68.6,159,12/17/24 0:00
224,Towson,CAA,-4.85,101.7,266,106.6,170,63.9,352,12/17/24 0:00
225,South Dakota,Sum,-4.87,110.8,99,115.7,347,74.1,6,12/17/24 0:00
226,Illinois Chicago,MVC,-5.09,104.7,206,109.8,238,69.8,101,12/17/24 0:00
227,Cal Poly,BW,-5.09,104.9,202,110,247,76,1,12/17/24 0:00
228,American,PL,-5.1,105.4,192,110.5,254,63.9,351,12/17/24 0:00
229,Saint Peter's,MAAC,-5.11,101.3,274,106.4,167,63.5,357,12/17/24 0:00
230,Georgia Southern,SB,-5.26,101.2,277,106.5,168,72.3,20,12/17/24 0:00
231,Idaho St.,BSky,-5.31,103.5,231,108.8,217,65,328,12/17/24 0:00
232,Cleveland St.,Horz,-5.44,99.4,316,104.8,131,67.1,240,12/17/24 0:00
233,Mercer,SC,-5.48,105.8,182,111.3,275,70.6,67,12/17/24 0:00
234,Gardner Webb,BSth,-5.65,104.4,215,110.1,249,69.8,99,12/17/24 0:00
235,UT Rio Grande Valley,Slnd,-5.66,105.7,185,111.4,278,71.1,55,12/17/24 0:00
236,UTSA,Amer,-5.67,105.2,196,110.9,265,72,25,12/17/24 0:00
237,Delaware,CAA,-5.72,106.8,161,112.6,301,71,56,12/17/24 0:00
238,Pepperdine,WCC,-6,102.5,246,108.5,209,69.5,117,12/17/24 0:00
239,Quinnipiac,MAAC,-6.02,101.4,273,107.4,191,70.2,77,12/17/24 0:00
240,Marist,MAAC,-6.16,102.3,249,108.5,210,65,332,12/17/24 0:00
,,,,,Strength of Schedule,NCSOS,,,,12/17/24 0:00
Rk,Team,Conf,NetRtg,ORtg,DRtg,AdjT,Luck,NetRtg,ORtg,12/17/24 0:00
241,Albany,AE,-6.32,105.1,198,111.4,279,70.1,81,12/17/24 0:00
242,Nicholls,Slnd,-6.36,101.6,269,108,202,68.4,168,12/17/24 0:00
243,Presbyterian,BSth,-6.45,104.4,216,110.9,266,66.2,280,12/17/24 0:00
244,UMBC,AE,-6.51,105.8,181,112.4,297,72.4,19,12/17/24 0:00
245,FIU,CUSA,-6.62,99.4,314,106,158,69.9,89,12/17/24 0:00
246,Colgate,PL,-6.79,103,237,109.8,239,66.1,286,12/17/24 0:00
247,Boston University,PL,-6.85,102.7,242,109.5,232,64.2,347,12/17/24 0:00
248,Cal St. Bakersfield,BW,-6.88,103.3,232,110.2,252,65.3,322,12/17/24 0:00
249,Robert Morris,Horz,-6.96,97.7,333,104.7,128,69.8,105,12/17/24 0:00
250,South Carolina St.,MEAC,-7,101.9,261,108.9,219,67.9,201,12/17/24 0:00
251,Lehigh,PL,-7.02,107.2,154,114.2,329,67.5,223,12/17/24 0:00
252,Lafayette,PL,-7.15,100.8,283,108,201,66.7,254,12/17/24 0:00
253,Pacific,WCC,-7.18,100,302,107.2,188,68.3,176,12/17/24 0:00
254,Howard,MEAC,-7.32,106.2,175,113.5,321,68.2,180,12/17/24 0:00
255,Georgia St.,SB,-7.56,102.3,251,109.9,241,70.3,75,12/17/24 0:00
256,Tulsa,Amer,-7.57,102.3,250,109.9,242,68.1,182,12/17/24 0:00
257,Eastern Washington,BSky,-7.59,106.6,166,114.2,328,68.4,167,12/17/24 0:00
258,Alabama St.,SWAC,-7.65,105.2,194,112.9,308,70.2,79,12/17/24 0:00
259,SIUE,OVC,-7.68,100.3,292,108,203,66.7,253,12/17/24 0:00
260,Bucknell,PL,-7.69,98.4,327,106,157,68.1,188,12/17/24 0:00
261,Austin Peay,ASun,-7.7,98.1,330,105.8,151,63.8,355,12/17/24 0:00
262,Hampton,CAA,-7.7,102.3,252,110,246,65.4,313,12/17/24 0:00
263,Harvard,Ivy,-7.74,100.1,301,107.8,198,67.9,204,12/17/24 0:00
264,Siena,MAAC,-8.12,100.6,284,108.8,216,64.4,340,12/17/24 0:00
265,Northwestern St.,Slnd,-8.15,101.5,270,109.7,234,65.3,319,12/17/24 0:00
266,Fresno St.,MWC,-8.19,96.7,343,104.9,134,74.6,2,12/17/24 0:00
267,Campbell,CAA,-8.27,100.1,297,108.4,208,67.2,237,12/17/24 0:00
268,Portland St.,BSky,-8.28,104.4,214,112.7,305,70.7,63,12/17/24 0:00
269,Evansville,MVC,-8.29,102.1,254,110.4,253,68.4,169,12/17/24 0:00
270,Mount St. Mary's,MAAC,-8.36,100.6,288,108.9,221,68.6,161,12/17/24 0:00
271,Bowling Green,MAC,-8.43,104.5,213,112.9,311,69.7,113,12/17/24 0:00
272,Iona,MAAC,-8.53,99.1,320,107.7,193,69.5,118,12/17/24 0:00
273,Sacred Heart,MAAC,-8.71,103.5,230,112.2,294,69.6,114,12/17/24 0:00
274,Coastal Carolina,SB,-8.72,101,280,109.7,237,64.4,343,12/17/24 0:00
275,Grambling St.,SWAC,-8.82,100.6,285,109.5,231,67.3,231,12/17/24 0:00
276,Southern Indiana,OVC,-8.86,102.4,247,111.3,277,66.8,252,12/17/24 0:00
277,Queens,ASun,-8.97,103.2,233,112.1,291,70,88,12/17/24 0:00
278,North Carolina Central,MEAC,-8.98,104.2,218,113.2,317,67.1,241,12/17/24 0:00
279,Kansas City,Sum,-9,101,281,110,244,67.1,242,12/17/24 0:00
280,Air Force,MWC,-9.16,102.1,253,111.3,276,63.3,359,12/17/24 0:00
,,,,,Strength of Schedule,NCSOS,,,,12/17/24 0:00
Rk,Team,Conf,NetRtg,ORtg,DRtg,AdjT,Luck,NetRtg,ORtg,12/17/24 0:00
281,Northern Arizona,BSky,-9.37,104.8,204,114.2,327,67.3,230,12/17/24 0:00
282,Southern Miss,SB,-9.41,99.1,319,108.6,212,70.6,65,12/17/24 0:00
283,Army,PL,-9.61,105,200,114.6,337,66.6,258,12/17/24 0:00
284,Incarnate Word,Slnd,-9.63,105.6,188,115.2,345,66.4,269,12/17/24 0:00
285,Monmouth,CAA,-9.87,101.8,263,111.7,285,68.1,183,12/17/24 0:00
286,Western Michigan,MAC,-10.05,103.1,235,113.1,316,66.9,247,12/17/24 0:00
287,Charleston Southern,BSth,-10.16,101.5,271,111.6,282,69.4,121,12/17/24 0:00
288,Idaho,BSky,-10.26,105.6,187,115.9,348,66.1,284,12/17/24 0:00
289,Cal St. Fullerton,BW,-10.34,98.7,325,109,222,65.4,312,12/17/24 0:00
290,Bethune Cookman,SWAC,-10.38,96.5,345,106.8,176,69.9,92,12/17/24 0:00
291,Morehead St.,OVC,-10.51,101.8,264,112.3,295,67.6,219,12/17/24 0:00
292,Southeast Missouri,OVC,-10.52,97.2,338,107.7,196,71.1,54,12/17/24 0:00
293,Ball St.,MAC,-10.57,102,257,112.6,302,67.1,239,12/17/24 0:00
294,Long Beach St.,BW,-10.58,102,258,112.6,303,64.9,334,12/17/24 0:00
295,Nebraska Omaha,Sum,-10.9,100.9,282,111.8,287,67.8,208,12/17/24 0:00
296,Wagner,NEC,-11.01,92.4,360,103.5,115,61.8,363,12/17/24 0:00
297,Utah Tech,WAC,-11.09,101.2,276,112.3,296,67.7,215,12/17/24 0:00
298,Loyola MD,PL,-11.19,99.6,311,110.8,264,67.9,203,12/17/24 0:00
299,Fairfield,MAAC,-11.32,103.8,223,115.2,342,67.2,238,12/17/24 0:00
300,Manhattan,MAAC,-11.39,102.9,240,114.3,331,69.9,90,12/17/24 0:00
301,Rider,MAAC,-11.41,100.3,294,111.7,284,64.3,344,12/17/24 0:00
302,North Dakota,Sum,-11.58,103.8,224,115.4,346,68.6,158,12/17/24 0:00
303,Oral Roberts,Sum,-11.66,103.1,236,114.7,339,69.2,138,12/17/24 0:00
304,Jackson St.,SWAC,-11.77,97.4,337,109.2,226,69.8,103,12/17/24 0:00
305,San Diego,WCC,-11.82,95.2,356,107,182,71.9,32,12/17/24 0:00
306,Tarleton St.,WAC,-11.85,96.1,351,107.9,200,66.1,282,12/17/24 0:00
307,Penn,Ivy,-11.87,101.7,268,113.5,322,65.3,316,12/17/24 0:00
308,Texas Southern,SWAC,-11.88,100,304,111.9,289,70,87,12/17/24 0:00
309,Stonehill,NEC,-11.88,99.9,306,111.8,288,65.8,300,12/17/24 0:00
310,Louisiana,SB,-11.94,102.6,245,114.5,336,68.3,175,12/17/24 0:00
311,Navy,PL,-12.06,103.1,234,115.2,344,68.5,164,12/17/24 0:00
312,North Carolina A&T,CAA,-12.09,101.3,275,113.4,319,73.9,7,12/17/24 0:00
313,Dartmouth,Ivy,-12.29,97.8,331,110,248,70.5,68,12/17/24 0:00
314,Binghamton,AE,-12.33,100.6,287,112.9,309,65.1,327,12/17/24 0:00
315,Portland,WCC,-12.38,98.8,324,111.1,273,70.1,83,12/17/24 0:00
316,Western Carolina,SC,-12.43,96.4,346,108.8,218,71.9,30,12/17/24 0:00
317,Detroit Mercy,Horz,-12.6,99,321,111.6,281,67.7,214,12/17/24 0:00
318,Stony Brook,CAA,-12.93,99.5,313,112.4,298,67.8,210,12/17/24 0:00
319,Tennessee St.,OVC,-13.12,99.7,309,112.8,307,71.8,33,12/17/24 0:00
320,Eastern Michigan,MAC,-13.17,100.3,293,113.5,320,67.5,225,12/17/24 0:00
,,,,,Strength of Schedule,NCSOS,,,,12/17/24 0:00
Rk,Team,Conf,NetRtg,ORtg,DRtg,AdjT,Luck,NetRtg,ORtg,12/17/24 0:00
321,Saint Francis,NEC,-13.22,98.9,323,112.1,292,68.8,153,12/17/24 0:00
322,Buffalo,MAC,-13.37,100.5,290,113.9,323,69.7,112,12/17/24 0:00
323,Niagara,MAAC,-13.45,101.7,265,115.2,343,64.5,338,12/17/24 0:00
324,Old Dominion,SB,-13.66,99.3,317,113,312,69.2,139,12/17/24 0:00
325,Green Bay,Horz,-13.79,102.8,241,116.6,353,71.3,44,12/17/24 0:00
326,Eastern Illinois,OVC,-13.81,96.1,349,109.9,243,67.4,229,12/17/24 0:00
327,Tennessee Tech,OVC,-14.17,100.5,289,114.7,338,68,199,12/17/24 0:00
328,Denver,Sum,-14.18,100.2,295,114.4,334,67.5,224,12/17/24 0:00
329,Holy Cross,PL,-14.3,102.1,256,116.4,352,65.5,308,12/17/24 0:00
330,Louisiana Monroe,SB,-14.39,96.5,344,110.9,268,68.1,186,12/17/24 0:00
331,LIU,NEC,-14.82,96.2,348,111.1,270,68.1,185,12/17/24 0:00
332,Sacramento St.,BSky,-14.96,95.9,354,110.9,267,65.5,310,12/17/24 0:00
333,Western Illinois,OVC,-15.04,99.4,315,114.5,335,63.8,354,12/17/24 0:00
334,Bellarmine,ASun,-15.08,104.3,217,119.4,361,67,245,12/17/24 0:00
335,Tennessee Martin,OVC,-15.22,96.9,341,112.2,293,68.9,149,12/17/24 0:00
336,Prairie View A&M,SWAC,-15.56,104,220,119.5,362,72.4,17,12/17/24 0:00
337,Fairleigh Dickinson,NEC,-15.59,102.1,255,117.7,357,71.3,47,12/17/24 0:00
338,Central Arkansas,ASun,-15.8,97,340,112.8,306,67.9,202,12/17/24 0:00
339,Lindenwood,OVC,-15.8,96.9,342,112.7,304,68.3,174,12/17/24 0:00
340,Le Moyne,NEC,-15.92,97,339,112.9,310,69.5,119,12/17/24 0:00
341,VMI,SC,-15.98,98.3,328,114.3,330,68.6,157,12/17/24 0:00
342,Delaware St.,MEAC,-16,96.4,347,112.4,299,70.8,60,12/17/24 0:00
343,USC Upstate,BSth,-16.11,99.9,307,116,349,72.4,16,12/17/24 0:00
344,Stetson,ASun,-16.4,99.9,308,116.3,351,68.9,148,12/17/24 0:00
345,West Georgia,ASun,-16.41,97.7,335,114.1,326,67.6,222,12/17/24 0:00
346,New Orleans,Slnd,-16.63,97.7,334,114.4,333,69.8,106,12/17/24 0:00
347,Florida A&M,SWAC,-16.94,94.1,358,111.1,271,69.6,115,12/17/24 0:00
348,Morgan St.,MEAC,-17.15,100,303,117.2,356,71.5,40,12/17/24 0:00
349,Northern Illinois,MAC,-17.23,95.9,353,113.1,315,69.8,98,12/17/24 0:00
350,Alcorn St.,SWAC,-17.3,97.8,332,115,340,66.7,256,12/17/24 0:00
351,IU Indy,Horz,-17.6,101.2,278,118.8,359,66.4,267,12/17/24 0:00
352,The Citadel,SC,-17.79,96.1,350,113.9,324,66.3,277,12/17/24 0:00
353,East Texas A&M,Slnd,-18.39,94.6,357,113,313,69,146,12/17/24 0:00
354,Houston Christian,Slnd,-18.52,98.4,326,116.9,355,66,291,12/17/24 0:00
355,NJIT,AE,-18.66,93.1,359,111.7,286,66,290,12/17/24 0:00
356,Mercyhurst,NEC,-19.25,97.5,336,116.7,354,64.6,336,12/17/24 0:00
357,Canisius,MAAC,-19.69,100.1,300,119.8,363,66.3,273,12/17/24 0:00
358,Maryland Eastern Shore,MEAC,-20.66,98.2,329,118.9,360,67.9,200,12/17/24 0:00
359,Alabama A&M,SWAC,-20.84,95.2,355,116,350,70.7,61,12/17/24 0:00
360,New Hampshire,AE,-20.97,91.5,362,112.5,300,68,192,12/17/24 0:00
,,,,,Strength of Schedule,NCSOS,,,,12/17/24 0:00
Rk,Team,Conf,NetRtg,ORtg,DRtg,AdjT,Luck,NetRtg,ORtg,12/17/24 0:00
361,Chicago St.,NEC,-21.54,92.4,361,114,325,69.9,95,12/17/24 0:00
362,Arkansas Pine Bluff,SWAC,-24.14,99,322,123.1,364,72.8,12,12/17/24 0:00
363,Coppin St.,MEAC,-25.67,88.7,363,114.3,332,67.2,234,12/17/24 0:00
364,Mississippi Valley St.,SWAC,-30.01,88.4,364,118.4,358,64.9,333,12/17/24 0:00
1,Auburn,SEC,35.36,130.5,1,95.1,12,68.1,183,12/18/24 0:00
2,Tennessee,SEC,31.45,119.7,15,88.3,1,66.2,271,12/18/24 0:00
3,Duke,ACC,31.33,119.8,14,88.5,2,66.7,249,12/18/24 0:00
4,Houston,B12,29.71,120.5,11,90.8,3,62.4,362,12/18/24 0:00
5,Iowa St.,B12,29.41,123.8,3,94.4,8,70.2,76,12/18/24 0:00
6,Gonzaga,WCC,28.88,124.8,2,95.9,20,69.7,103,12/18/24 0:00
7,Florida,SEC,26.5,122.8,7,96.3,21,70.1,83,12/18/24 0:00
8,Alabama,SEC,25.38,123.4,6,98,36,73.6,8,12/18/24 0:00
9,Marquette,BE,23.95,119.2,17,95.3,15,68.9,143,12/18/24 0:00
10,Kansas,B12,23.91,118.4,22,94.5,9,69.3,120,12/18/24 0:00
11,Kentucky,SEC,23.37,122.1,8,98.8,48,72.1,23,12/18/24 0:00
12,St. John's,BE,23.29,118.4,21,95.1,14,70.2,77,12/18/24 0:00
13,Connecticut,BE,23.26,123.8,4,100.5,70,65.5,309,12/18/24 0:00
14,UCLA,B10,22.48,113.8,56,91.3,4,66.6,251,12/18/24 0:00
15,Baylor,B12,22.26,123.4,5,101.2,82,66.3,267,12/18/24 0:00
16,Illinois,B10,22.06,117.2,31,95.1,13,71.4,38,12/18/24 0:00
17,Maryland,B10,21.92,117,32,95.1,11,70.1,84,12/18/24 0:00
18,Michigan St.,B10,21.89,117.5,29,95.6,17,68.2,175,12/18/24 0:00
19,Texas A&M,SEC,21.65,115.6,43,93.9,6,67.5,224,12/18/24 0:00
20,Oregon,B10,21.43,118.6,20,97.1,28,68.7,153,12/18/24 0:00
21,Purdue,B10,21.04,121.3,9,100.3,64,65.4,312,12/18/24 0:00
22,Michigan,B10,21,116.3,40,95.3,16,70.5,69,12/18/24 0:00
23,Texas Tech,B12,20.94,119,18,98,37,66.5,261,12/18/24 0:00
24,Cincinnati,B12,20.82,115.4,44,94.5,10,66.2,274,12/18/24 0:00
25,Mississippi St.,SEC,20.32,119.3,16,98.9,51,68,186,12/18/24 0:00
26,Pittsburgh,ACC,20.29,117.6,28,97.3,31,68.5,161,12/18/24 0:00
27,Mississippi,SEC,19.97,118.9,19,99,52,67.6,213,12/18/24 0:00
28,North Carolina,ACC,19.88,118.3,24,98.4,43,74.4,3,12/18/24 0:00
29,Clemson,ACC,19.86,116.6,35,96.7,23,65.3,315,12/18/24 0:00
30,Arizona,B12,19.54,116.4,36,96.9,25,71.9,26,12/18/24 0:00
31,Dayton,A10,19.09,120,13,100.9,78,65.4,311,12/18/24 0:00
32,Penn St.,B10,18.54,116.6,34,98.1,38,72.5,16,12/18/24 0:00
33,Memphis,Amer,18.33,118,26,99.7,61,70.3,71,12/18/24 0:00
34,Saint Mary's,WCC,18.24,115.2,46,97,27,63.6,354,12/18/24 0:00
35,Wisconsin,B10,18.2,120.1,12,101.9,89,68.3,172,12/18/24 0:00
36,Ohio St.,B10,17.66,116.8,33,99.2,55,68.4,166,12/18/24 0:00
37,Texas,SEC,17.3,114.5,50,97.2,29,67.5,218,12/18/24 0:00
38,Oklahoma,SEC,17.25,116.3,39,99.1,54,67.8,206,12/18/24 0:00
39,Georgia,SEC,17.05,114,54,97,26,67.3,229,12/18/24 0:00
40,Creighton,BE,16.99,114.5,51,97.5,33,69.9,94,12/18/24 0:00
,,,,,Strength of Schedule,NCSOS,,,,12/18/24 0:00
Rk,Team,Conf,NetRtg,ORtg,DRtg,AdjT,Luck,NetRtg,ORtg,12/18/24 0:00
41,Arkansas,SEC,16.95,113.5,59,96.5,22,70.2,79,12/18/24 0:00
42,VCU,A10,16.67,111,94,94.3,7,67.6,214,12/18/24 0:00
43,San Diego St.,MWC,16.45,113.2,61,96.7,24,66.3,265,12/18/24 0:00
44,BYU,B12,16.25,117.3,30,101.1,80,68.5,159,12/18/24 0:00
45,Iowa,B10,16.15,118,25,101.9,88,71.6,36,12/18/24 0:00
46,West Virginia,B12,15.4,112.8,70,97.4,32,66.5,262,12/18/24 0:00
47,Nevada,MWC,15.37,116.4,38,101,79,64.2,345,12/18/24 0:00
48,SMU,ACC,15.26,116.4,37,101.1,81,69.9,92,12/18/24 0:00
49,Villanova,BE,15.12,120.9,10,105.8,148,64.7,336,12/18/24 0:00
50,Missouri,SEC,15.04,117.6,27,102.6,101,68.7,151,12/18/24 0:00
51,Indiana,B10,14.83,115.2,47,100.4,68,71.1,52,12/18/24 0:00
52,Boise St.,MWC,14.72,114.3,52,99.6,59,68.5,163,12/18/24 0:00
53,Nebraska,B10,14.62,112.3,80,97.7,34,69.6,110,12/18/24 0:00
54,San Francisco,WCC,14.61,112.3,79,97.7,35,67.8,203,12/18/24 0:00
55,Utah St.,MWC,14.56,114.8,49,100.2,63,70.1,82,12/18/24 0:00
56,Northwestern,B10,14.37,110.2,111,95.9,19,65.3,317,12/18/24 0:00
57,LSU,SEC,14.36,112.8,72,98.4,44,69.3,126,12/18/24 0:00
58,Arizona St.,B12,13.69,112.4,77,98.7,47,69.3,124,12/18/24 0:00
59,Louisville,ACC,13.62,113.2,60,99.6,57,69.1,138,12/18/24 0:00
60,UC Irvine,BW,13.46,107,158,93.5,5,70.3,73,12/18/24 0:00
61,Xavier,BE,13.43,113.1,62,99.6,60,69.6,111,12/18/24 0:00
62,Oregon St.,WCC,13.36,111.7,86,98.4,42,65.5,308,12/18/24 0:00
63,Vanderbilt,SEC,13.24,116.1,42,102.9,107,71.3,41,12/18/24 0:00
64,Utah,B12,12.98,112.6,75,99.6,58,71.2,42,12/18/24 0:00
65,Florida St.,ACC,12.43,110.5,106,98.1,39,70.9,57,12/18/24 0:00
66,South Carolina,SEC,11.68,112.1,82,100.4,66,66.8,246,12/18/24 0:00
67,North Texas,Amer,11.58,107.3,149,95.7,18,64.2,344,12/18/24 0:00
68,Liberty,CUSA,11.57,110.6,102,99.1,53,63.9,349,12/18/24 0:00
69,Drake,MVC,11.23,110,117,98.8,49,63.2,358,12/18/24 0:00
70,New Mexico,MWC,10.74,112.9,69,102.2,94,74,5,12/18/24 0:00
71,UC San Diego,BW,10.73,111.6,87,100.8,77,67.3,230,12/18/24 0:00
72,Washington St.,WCC,10.57,111.1,92,100.5,71,71.4,40,12/18/24 0:00
73,Colorado,B12,10.54,110.9,98,100.4,67,67.7,210,12/18/24 0:00
74,Butler,BE,10.5,113.1,63,102.6,100,67.8,207,12/18/24 0:00
75,Bradley,MVC,10.39,116.2,41,105.8,149,65.9,293,12/18/24 0:00
76,St. Bonaventure,A10,10.38,108.6,134,98.2,40,65.9,294,12/18/24 0:00
77,Rutgers,B10,10.28,113,66,102.7,103,70.5,67,12/18/24 0:00
78,Kansas St.,B12,10.26,111.5,88,101.2,83,68.6,154,12/18/24 0:00
79,Santa Clara,WCC,10.05,112.7,74,102.7,102,68.5,158,12/18/24 0:00
80,UCF,B12,9.77,110.4,109,100.7,74,69.7,105,12/18/24 0:00
,,,,,Strength of Schedule,NCSOS,,,,12/18/24 0:00
Rk,Team,Conf,NetRtg,ORtg,DRtg,AdjT,Luck,NetRtg,ORtg,12/18/24 0:00
81,Providence,BE,9.73,110.2,112,100.5,69,64.3,340,12/18/24 0:00
82,George Mason,A10,9.3,107.8,143,98.5,45,66.3,270,12/18/24 0:00
83,N.C. State,ACC,9.3,111,96,101.7,87,65.9,291,12/18/24 0:00
84,Georgetown,BE,9.09,109.7,121,100.6,73,69.2,129,12/18/24 0:00
85,USC,B10,9.03,110.5,105,101.5,85,68.4,167,12/18/24 0:00
86,Notre Dame,ACC,8.88,112.4,78,103.5,114,65.9,288,12/18/24 0:00
87,Stanford,ACC,8.73,113.6,57,104.9,135,67.4,225,12/18/24 0:00
88,McNeese,Slnd,8.51,110.8,100,102.3,96,65.9,290,12/18/24 0:00
89,TCU,B12,8.41,105.7,184,97.3,30,68.2,178,12/18/24 0:00
90,Florida Atlantic,Amer,8.29,115.3,45,107,178,72,24,12/18/24 0:00
91,Rhode Island,A10,8.28,110.2,113,101.9,90,72.3,17,12/18/24 0:00
92,Oklahoma St.,B12,8.25,110.6,103,102.3,97,72.3,20,12/18/24 0:00
93,Loyola Chicago,A10,8.08,108.6,133,100.5,72,69,139,12/18/24 0:00
94,Northern Iowa,MVC,7.79,113,64,105.2,138,65.4,313,12/18/24 0:00
95,Miami FL,ACC,7.6,118.3,23,110.7,257,66.3,269,12/18/24 0:00
96,Grand Canyon,WAC,7.55,110.1,115,102.5,99,71.9,27,12/18/24 0:00
97,Lipscomb,ASun,7.47,109.1,130,101.6,86,68,191,12/18/24 0:00
98,Louisiana Tech,CUSA,7.39,110.6,104,103.2,110,65.5,304,12/18/24 0:00
99,DePaul,BE,7.33,110.5,108,103.1,109,68.4,169,12/18/24 0:00
100,Virginia,ACC,7.01,105.6,189,98.6,46,61,364,12/18/24 0:00
101,Wake Forest,ACC,6.97,105.8,181,98.9,50,66.1,280,12/18/24 0:00
102,Yale,Ivy,6.95,114.1,53,107.1,182,68,187,12/18/24 0:00
103,Washington,B10,6.93,107.3,150,100.4,65,68.7,152,12/18/24 0:00
104,Murray St.,MVC,6.69,110.1,114,103.4,112,65.8,299,12/18/24 0:00
105,Saint Joseph's,A10,6.65,108.8,131,102.2,95,70,88,12/18/24 0:00
106,UNLV,MWC,6.38,111.3,90,104.9,136,65.9,289,12/18/24 0:00
107,Syracuse,ACC,6.16,112.7,73,106.6,169,70.2,75,12/18/24 0:00
108,Western Kentucky,CUSA,6.11,105.6,186,99.5,56,73.2,9,12/18/24 0:00
109,Colorado St.,MWC,5.96,107.9,141,102,91,68.1,184,12/18/24 0:00
110,Arkansas St.,SB,5.87,106.6,166,100.8,76,71.1,49,12/18/24 0:00
111,Georgia Tech,ACC,5.69,107.8,144,102.2,93,70.7,59,12/18/24 0:00
112,Samford,SC,5.61,115,48,109.4,231,72,25,12/18/24 0:00
113,Princeton,Ivy,4.96,112.1,81,107.1,183,67.5,219,12/18/24 0:00
114,Wichita St.,Amer,4.82,108.6,137,103.7,119,71.1,47,12/18/24 0:00
115,Davidson,A10,4.65,113,67,108.3,206,67.3,226,12/18/24 0:00
116,Minnesota,B10,4.56,106.6,164,102.1,92,62.6,361,12/18/24 0:00
117,Kent St.,MAC,4.48,104.6,214,100.1,62,65.2,320,12/18/24 0:00
118,Temple,Amer,4.02,108.5,138,104.5,126,69.1,134,12/18/24 0:00
119,Cornell,Ivy,3.84,112.5,76,108.7,216,71.7,33,12/18/24 0:00
120,Furman,SC,3.75,106.4,170,102.7,104,66,281,12/18/24 0:00
,,,,,Strength of Schedule,NCSOS,,,,12/18/24 0:00
Rk,Team,Conf,NetRtg,ORtg,DRtg,AdjT,Luck,NetRtg,ORtg,12/18/24 0:00
121,South Dakota St.,Sum,3.71,109.1,129,105.4,142,69.3,125,12/18/24 0:00
122,UC Santa Barbara,BW,3.5,109.9,119,106.4,167,66.1,278,12/18/24 0:00
123,California,ACC,3.44,112.8,71,109.3,229,69.6,108,12/18/24 0:00
124,Troy,SB,3.38,106.1,176,102.8,105,67.6,217,12/18/24 0:00
125,North Dakota St.,Sum,3.23,114,55,110.8,260,64.9,331,12/18/24 0:00
126,High Point,BSth,3.02,112.9,68,109.9,239,65.9,292,12/18/24 0:00
127,Sam Houston St.,CUSA,2.96,112,84,109,221,69.2,128,12/18/24 0:00
128,Charleston,CAA,2.74,107.9,142,105.1,137,70.5,66,12/18/24 0:00
129,Texas St.,SB,2.57,108.6,135,106,156,65.8,298,12/18/24 0:00
130,Middle Tennessee,CUSA,2.44,106.7,163,104.3,124,69,140,12/18/24 0:00
131,Wright St.,Horz,2.4,110.7,101,108.3,205,67.9,195,12/18/24 0:00
132,Belmont,MVC,2.26,112,83,109.8,236,71.8,30,12/18/24 0:00
133,Akron,MAC,2.19,111.3,91,109.1,223,71.1,46,12/18/24 0:00
134,Seton Hall,BE,2.15,100.5,290,98.4,41,63.2,360,12/18/24 0:00
135,Purdue Fort Wayne,Horz,1.93,113.5,58,111.6,282,69.3,123,12/18/24 0:00
136,Milwaukee,Horz,1.9,109.4,125,107.5,190,69.8,98,12/18/24 0:00
137,James Madison,SB,1.87,109.6,123,107.7,194,66.1,277,12/18/24 0:00
138,UMass Lowell,AE,1.7,110.9,97,109.2,227,72.2,22,12/18/24 0:00
139,Seattle,WAC,1.69,109.2,127,107.5,191,66.5,260,12/18/24 0:00
140,St. Thomas,Sum,1.69,111.3,89,109.7,234,68.1,181,12/18/24 0:00
141,East Tennessee St.,SC,1.53,107.2,152,105.7,147,68.1,179,12/18/24 0:00
142,UTEP,CUSA,1.35,105,201,103.7,116,69.4,119,12/18/24 0:00
143,Virginia Tech,ACC,1.33,106.1,177,104.8,129,65.2,322,12/18/24 0:00
144,George Washington,A10,1.25,107.3,151,106,153,69.2,130,12/18/24 0:00
145,UNC Wilmington,CAA,1.18,108.2,139,107.1,181,67.9,196,12/18/24 0:00
146,Elon,CAA,1.15,107.2,154,106,154,66,284,12/18/24 0:00
147,UAB,Amer,1.08,111.7,85,110.7,256,70.6,64,12/18/24 0:00
148,Montana St.,BSky,0.91,107.7,147,106.8,175,67.3,227,12/18/24 0:00
149,UNC Greensboro,SC,0.84,104.6,213,103.8,120,64.8,332,12/18/24 0:00
150,Northeastern,CAA,0.81,104.7,209,103.9,122,68.9,145,12/18/24 0:00
151,La Salle,A10,0.7,106.2,173,105.5,143,71,53,12/18/24 0:00
152,Wofford,SC,0.44,110.5,107,110,244,64.9,329,12/18/24 0:00
153,Columbia,Ivy,0.32,110.4,110,110.1,245,68.8,150,12/18/24 0:00
154,Boston College,ACC,0.27,106.6,167,106.3,161,66.9,243,12/18/24 0:00
155,South Florida,Amer,0.24,107.5,148,107.3,188,69.1,133,12/18/24 0:00
156,CSUN,BW,0.19,105,202,104.8,131,72.5,15,12/18/24 0:00
157,Saint Louis,A10,0.16,111,93,110.9,264,69.1,135,12/18/24 0:00
158,East Carolina,Amer,-0.23,106.2,174,106.4,166,65.5,305,12/18/24 0:00
159,Appalachian St.,SB,-0.4,102,261,102.4,98,65.5,303,12/18/24 0:00
160,UNC Asheville,BSth,-0.56,108.6,136,109.2,224,67.5,223,12/18/24 0:00
,,,,,Strength of Schedule,NCSOS,,,,12/18/24 0:00
Rk,Team,Conf,NetRtg,ORtg,DRtg,AdjT,Luck,NetRtg,ORtg,12/18/24 0:00
161,Florida Gulf Coast,ASun,-0.57,106.6,165,107.2,186,64.5,338,12/18/24 0:00
162,Southern Illinois,MVC,-0.65,103.7,226,104.3,125,70.2,78,12/18/24 0:00
163,Northern Colorado,BSky,-0.77,107.8,145,108.6,214,71.7,32,12/18/24 0:00
164,Cal Baptist,WAC,-0.79,110,118,110.8,261,65.9,287,12/18/24 0:00
165,Ohio,MAC,-0.8,109.8,120,110.6,253,70,89,12/18/24 0:00
166,Hofstra,CAA,-0.83,102,259,102.8,106,65.1,325,12/18/24 0:00
167,Illinois St.,MVC,-0.88,109.3,126,110.1,246,65.8,296,12/18/24 0:00
168,Lamar,Slnd,-0.92,103.8,224,104.7,128,66.6,255,12/18/24 0:00
169,Marshall,SB,-0.92,104.7,210,105.6,144,71.2,44,12/18/24 0:00
170,North Florida,ASun,-0.92,113,65,113.9,323,71.5,37,12/18/24 0:00
171,Kennesaw St.,CUSA,-0.97,105.8,183,106.8,173,71.7,35,12/18/24 0:00
172,Jacksonville St.,CUSA,-0.98,109.2,128,110.1,247,65.9,295,12/18/24 0:00
173,Brown,Ivy,-1,106.8,161,107.8,199,65.3,314,12/18/24 0:00
174,North Alabama,ASun,-1.03,106,178,107,179,68.6,155,12/18/24 0:00
175,Winthrop,BSth,-1.1,105.6,187,106.7,171,73,10,12/18/24 0:00
176,Jacksonville,ASun,-1.1,102,262,103.1,108,69.3,121,12/18/24 0:00
177,Miami OH,MAC,-1.17,105.2,199,106.3,163,68.2,176,12/18/24 0:00
178,Radford,BSth,-1.18,108.1,140,109.3,228,65.1,326,12/18/24 0:00
179,UC Riverside,BW,-1.18,105.4,193,106.6,170,68.1,182,12/18/24 0:00
180,Chattanooga,SC,-1.19,109.6,122,110.8,262,67.2,231,12/18/24 0:00
181,Drexel,CAA,-1.25,105.2,200,106.4,165,64.6,337,12/18/24 0:00
182,Bryant,AE,-1.31,106.5,168,107.8,198,74.1,4,12/18/24 0:00
183,Texas A&M Corpus Chris,Slnd,-1.32,106.5,169,107.8,197,69.8,97,12/18/24 0:00
184,UT Arlington,WAC,-1.41,110,116,111.4,278,70.7,61,12/18/24 0:00
185,Utah Valley,WAC,-1.41,103.4,232,104.8,130,69.7,104,12/18/24 0:00
186,Hawaii,BW,-1.5,105.3,198,106.8,174,66.1,276,12/18/24 0:00
187,Loyola Marymount,WCC,-1.58,104.1,220,105.6,145,67.5,222,12/18/24 0:00
188,UC Davis,BW,-1.66,99.7,308,101.3,84,71.2,43,12/18/24 0:00
189,Norfolk St.,MEAC,-1.92,107.2,153,109.1,222,66.8,247,12/18/24 0:00
190,Fordham,A10,-2.03,104.1,221,106.1,158,71.1,51,12/18/24 0:00
191,Oakland,Horz,-2.18,103.5,229,105.6,146,63.2,359,12/18/24 0:00
192,Southern Utah,WAC,-2.32,106.3,172,108.6,215,69.4,117,12/18/24 0:00
193,Rice,Amer,-2.33,103.7,225,106,155,66.7,248,12/18/24 0:00
194,Abilene Christian,WAC,-2.34,105.4,191,107.8,196,67.6,215,12/18/24 0:00
195,Indiana St.,MVC,-2.52,109.5,124,112,290,72.9,11,12/18/24 0:00
196,South Alabama,SB,-2.58,104.7,211,107.2,187,64.7,335,12/18/24 0:00
197,Merrimack,MAAC,-2.59,100.9,281,103.5,115,65.3,316,12/18/24 0:00
198,Missouri St.,MVC,-2.68,103.6,227,106.3,162,66.6,259,12/18/24 0:00
199,Charlotte,Amer,-2.87,107.7,146,110.6,254,64,347,12/18/24 0:00
200,Wyoming,MWC,-2.92,103,240,105.9,151,66.2,272,12/18/24 0:00
,,,,,Strength of Schedule,NCSOS,,,,12/18/24 0:00
Rk,Team,Conf,NetRtg,ORtg,DRtg,AdjT,Luck,NetRtg,ORtg,12/18/24 0:00
201,New Mexico St.,CUSA,-3,103.1,239,106.1,157,68,192,12/18/24 0:00
202,Vermont,AE,-3.1,100.2,299,103.3,111,63.7,351,12/18/24 0:00
203,Massachusetts,A10,-3.14,105.3,197,108.4,208,71.1,50,12/18/24 0:00
204,Duquesne,A10,-3.26,101.7,269,104.9,134,65.7,301,12/18/24 0:00
205,Tulane,Amer,-3.67,104.9,206,108.5,212,67.9,198,12/18/24 0:00
206,Central Connecticut,NEC,-3.71,100,303,103.7,117,65.5,307,12/18/24 0:00
207,San Jose St.,MWC,-3.8,106.9,160,110.7,259,65.5,310,12/18/24 0:00
208,Richmond,A10,-3.8,102.5,247,106.3,160,67.8,205,12/18/24 0:00
209,Maine,AE,-3.82,101.5,273,105.4,141,68,190,12/18/24 0:00
210,Southern,SWAC,-3.83,100,302,103.9,121,68.8,147,12/18/24 0:00
211,Montana,BSky,-3.88,107.1,155,111,267,69.7,101,12/18/24 0:00
212,Central Michigan,MAC,-4.02,102.4,251,106.4,164,69.2,131,12/18/24 0:00
213,Northern Kentucky,Horz,-4.05,101.2,278,105.2,139,66.6,258,12/18/24 0:00
214,Toledo,MAC,-4.12,111,95,115.1,340,70,86,12/18/24 0:00
215,Eastern Kentucky,ASun,-4.12,107,159,111.1,270,69,142,12/18/24 0:00
216,Longwood,BSth,-4.36,102.6,245,107,177,69,141,12/18/24 0:00
217,Weber St.,BSky,-4.37,106.2,175,110.5,252,66.4,263,12/18/24 0:00
218,William & Mary,CAA,-4.46,108.7,132,113.1,314,71.8,29,12/18/24 0:00
219,Little Rock,OVC,-4.49,100.2,298,104.7,127,67.7,208,12/18/24 0:00
220,Youngstown St.,Horz,-4.63,99.1,317,103.7,118,69.2,132,12/18/24 0:00
221,Stephen F. Austin,Slnd,-4.71,96,350,100.7,75,66,285,12/18/24 0:00
222,South Dakota,Sum,-4.8,110.9,99,115.7,348,74,6,12/18/24 0:00
223,Southeastern Louisiana,Slnd,-4.85,99.4,312,104.3,123,68.5,162,12/18/24 0:00
224,Valparaiso,MVC,-4.88,107,157,111.9,289,69.9,93,12/18/24 0:00
225,American,PL,-4.95,105.6,188,110.5,251,63.8,350,12/18/24 0:00
226,Towson,CAA,-5.02,102.2,253,107.2,184,63.6,355,12/18/24 0:00
227,Saint Peter's,MAAC,-5.13,101.3,276,106.5,168,63.4,356,12/18/24 0:00
228,Georgia Southern,SB,-5.15,101.6,272,106.8,172,72.5,14,12/18/24 0:00
229,Illinois Chicago,MVC,-5.17,104.7,208,109.9,240,69.7,102,12/18/24 0:00
230,Idaho St.,BSky,-5.29,103.5,230,108.8,217,64.9,330,12/18/24 0:00
231,Cleveland St.,Horz,-5.5,99.4,313,104.9,132,67,241,12/18/24 0:00
232,UTSA,Amer,-5.52,105.3,196,110.8,263,71.9,28,12/18/24 0:00
233,Mercer,SC,-5.58,105.7,185,111.3,274,70.4,70,12/18/24 0:00
234,UT Rio Grande Valley,Slnd,-5.62,105.8,182,111.4,277,71,55,12/18/24 0:00
235,Cal Poly,BW,-5.74,105,204,110.7,258,76,1,12/18/24 0:00
236,Delaware,CAA,-5.74,106.8,162,112.6,299,71,56,12/18/24 0:00
237,Pepperdine,WCC,-5.83,102.6,246,108.4,209,69.5,114,12/18/24 0:00
238,Gardner Webb,BSth,-5.86,104.7,207,110.6,255,70,90,12/18/24 0:00
239,Marist,MAAC,-6.13,103.3,233,109.4,230,64.2,343,12/18/24 0:00
240,Albany,AE,-6.15,105.4,192,111.5,280,70,87,12/18/24 0:00
,,,,,Strength of Schedule,NCSOS,,,,12/18/24 0:00
Rk,Team,Conf,NetRtg,ORtg,DRtg,AdjT,Luck,NetRtg,ORtg,12/18/24 0:00
241,Nicholls,Slnd,-6.39,101.6,271,108,203,68.3,171,12/18/24 0:00
242,Kansas City,Sum,-6.45,102.1,255,108.6,213,66.6,254,12/18/24 0:00
243,Presbyterian,BSth,-6.57,104.4,217,110.9,266,66.1,279,12/18/24 0:00
244,UMBC,AE,-6.58,105.9,180,112.4,296,72.3,19,12/18/24 0:00
245,Colgate,PL,-6.75,103.1,237,109.9,238,66,286,12/18/24 0:00
246,Boston University,PL,-6.82,102.7,243,109.6,232,64,348,12/18/24 0:00
247,Cal St. Bakersfield,BW,-6.85,103.4,231,110.3,249,65.1,323,12/18/24 0:00
248,Robert Morris,Horz,-6.96,98.3,328,105.3,140,69.5,113,12/18/24 0:00
249,FIU,CUSA,-6.96,99,320,106,152,70.2,81,12/18/24 0:00
250,South Carolina St.,MEAC,-6.98,101.9,264,108.9,218,67.8,201,12/18/24 0:00
251,Quinnipiac,MAAC,-6.99,100.5,291,107.4,189,70.3,74,12/18/24 0:00
252,Pacific,WCC,-7.11,100.1,301,107.2,185,68.2,174,12/18/24 0:00
253,Lehigh,PL,-7.17,107.1,156,114.2,329,67.5,221,12/18/24 0:00
254,Lafayette,PL,-7.17,100.8,284,108,200,66.6,256,12/18/24 0:00
255,Alabama St.,SWAC,-7.53,105.4,194,112.9,308,70.2,80,12/18/24 0:00
256,Tulsa,Amer,-7.54,102.5,248,110,242,67.9,193,12/18/24 0:00
257,Harvard,Ivy,-7.6,100.1,300,107.7,195,67.8,200,12/18/24 0:00
258,Eastern Washington,BSky,-7.67,106.4,171,114.1,327,68.4,168,12/18/24 0:00
259,Howard,MEAC,-7.68,105.3,195,113,311,68.4,170,12/18/24 0:00
260,Bucknell,PL,-7.68,98.5,327,106.2,159,67.9,194,12/18/24 0:00
261,Austin Peay,ASun,-7.75,98.1,332,105.9,150,63.6,353,12/18/24 0:00
262,SIUE,OVC,-7.76,100.3,293,108,204,66.6,253,12/18/24 0:00
263,Hampton,CAA,-7.78,102.4,250,110.2,248,65.3,318,12/18/24 0:00
264,Georgia St.,SB,-7.87,101.9,263,109.8,237,70.6,63,12/18/24 0:00
265,Coastal Carolina,SB,-8.05,101.2,279,109.2,226,64,346,12/18/24 0:00
266,Northwestern St.,Slnd,-8.12,101.6,270,109.8,235,65.1,324,12/18/24 0:00
267,Evansville,MVC,-8.23,102.1,256,110.3,250,68.3,173,12/18/24 0:00
268,Fresno St.,MWC,-8.24,96.7,343,104.9,133,74.4,2,12/18/24 0:00
269,Bowling Green,MAC,-8.24,104.6,212,112.9,307,69.6,109,12/18/24 0:00
270,Campbell,CAA,-8.27,100.2,296,108.5,210,67.1,238,12/18/24 0:00
271,Portland St.,BSky,-8.27,104.4,218,112.6,300,70.6,62,12/18/24 0:00
272,Mount St. Mary's,MAAC,-8.41,100.5,289,109,219,68.5,160,12/18/24 0:00
273,Iona,MAAC,-8.53,99.2,316,107.7,193,69.5,116,12/18/24 0:00
274,Siena,MAAC,-8.67,99.3,314,108,202,64.8,334,12/18/24 0:00
275,Sacred Heart,MAAC,-8.7,103.6,228,112.3,293,69.5,115,12/18/24 0:00
276,Grambling St.,SWAC,-8.9,100.7,286,109.6,233,67.1,237,12/18/24 0:00
277,Southern Indiana,OVC,-8.94,102.4,249,111.4,276,66.7,250,12/18/24 0:00
278,Queens,ASun,-9.03,103.2,234,112.3,292,69.8,99,12/18/24 0:00
279,North Carolina Central,MEAC,-9.09,104.2,219,113.3,317,66.9,244,12/18/24 0:00
280,Air Force,MWC,-9.26,102,260,111.3,273,63.3,357,12/18/24 0:00
,,,,,Strength of Schedule,NCSOS,,,,12/18/24 0:00
Rk,Team,Conf,NetRtg,ORtg,DRtg,AdjT,Luck,NetRtg,ORtg,12/18/24 0:00
281,Northern Arizona,BSky,-9.28,104.9,205,114.2,328,67.2,235,12/18/24 0:00
282,Army,PL,-9.58,105,203,114.6,336,66.6,252,12/18/24 0:00
283,Incarnate Word,Slnd,-9.62,105.6,190,115.2,342,66.3,268,12/18/24 0:00
284,Southern Miss,SB,-9.68,98.7,326,108.4,207,70.5,65,12/18/24 0:00
285,Idaho,BSky,-9.92,105.9,179,115.8,349,66,283,12/18/24 0:00
286,Monmouth,CAA,-10.04,101.8,268,111.8,286,68,185,12/18/24 0:00
287,Western Michigan,MAC,-10.07,103.2,236,113.2,316,66.9,242,12/18/24 0:00
288,Southeast Missouri,OVC,-10.14,97.4,338,107.6,192,71,54,12/18/24 0:00
289,Charleston Southern,BSth,-10.21,101.4,274,111.6,283,69.3,122,12/18/24 0:00
290,Cal St. Fullerton,BW,-10.23,98.7,325,109,220,65.3,319,12/18/24 0:00
291,Bethune Cookman,SWAC,-10.4,96.5,344,106.9,176,69.8,96,12/18/24 0:00
292,Morehead St.,OVC,-10.52,101.8,266,112.3,294,67.6,216,12/18/24 0:00
293,Long Beach St.,BW,-10.59,102.1,257,112.7,302,64.8,333,12/18/24 0:00
294,Ball St.,MAC,-10.69,102.1,258,112.7,306,67,240,12/18/24 0:00
295,Nebraska Omaha,Sum,-10.93,101,280,111.9,288,67.7,209,12/18/24 0:00
296,Wagner,NEC,-10.96,92.5,360,103.5,113,61.7,363,12/18/24 0:00
297,Utah Tech,WAC,-10.99,101.4,275,112.4,295,67.5,220,12/18/24 0:00
298,Loyola MD,PL,-11.19,99.7,309,110.9,265,67.8,202,12/18/24 0:00
299,Fairfield,MAAC,-11.31,104,222,115.3,343,67.1,239,12/18/24 0:00
300,Manhattan,MAAC,-11.34,102.9,241,114.2,330,69.9,91,12/18/24 0:00
301,Rider,MAAC,-11.5,100.2,297,111.7,284,64.2,342,12/18/24 0:00
302,North Dakota,Sum,-11.56,103.9,223,115.4,346,68.5,157,12/18/24 0:00
303,Oral Roberts,Sum,-11.7,103.1,238,114.8,338,69.1,137,12/18/24 0:00
304,Jackson St.,SWAC,-11.75,97.4,337,109.2,225,69.7,106,12/18/24 0:00
305,San Diego,WCC,-11.8,95.2,356,107,180,71.8,31,12/18/24 0:00
306,Tarleton St.,WAC,-11.82,96.2,347,108,201,66,282,12/18/24 0:00
307,Penn,Ivy,-11.85,101.8,267,113.6,321,65.2,321,12/18/24 0:00
308,Louisiana,SB,-11.94,102.6,244,114.6,335,68.2,177,12/18/24 0:00
309,Stonehill,NEC,-11.94,99.9,306,111.9,287,65.8,300,12/18/24 0:00
310,Portland,WCC,-12.13,98.9,322,111,269,70.1,85,12/18/24 0:00
311,Navy,PL,-12.14,103.2,235,115.3,345,68.4,165,12/18/24 0:00
312,Dartmouth,Ivy,-12.27,97.7,333,110,241,70.5,68,12/18/24 0:00
313,Binghamton,AE,-12.34,100.6,288,112.9,309,65,327,12/18/24 0:00
314,Texas Southern,SWAC,-12.43,99,319,111.5,279,70.3,72,12/18/24 0:00
315,Detroit Mercy,Horz,-12.56,99,318,111.6,281,67.7,211,12/18/24 0:00
316,Western Carolina,SC,-12.65,95.8,352,108.5,211,72.2,21,12/18/24 0:00
317,North Carolina A&T,CAA,-12.75,100.8,283,113.5,320,73.9,7,12/18/24 0:00
318,Tennessee St.,OVC,-12.99,99.7,307,112.7,304,71.7,34,12/18/24 0:00
319,Eastern Michigan,MAC,-13.09,100.4,292,113.5,319,67.3,228,12/18/24 0:00
320,Stony Brook,CAA,-13.19,100.3,294,113.5,318,67.2,236,12/18/24 0:00
,,,,,Strength of Schedule,NCSOS,,,,12/18/24 0:00
Rk,Team,Conf,NetRtg,ORtg,DRtg,AdjT,Luck,NetRtg,ORtg,12/18/24 0:00
321,Holy Cross,PL,-13.31,102.2,252,115.5,347,65.5,306,12/18/24 0:00
322,Buffalo,MAC,-13.38,100.6,287,114,324,69.6,112,12/18/24 0:00
323,Niagara,MAAC,-13.48,101.8,265,115.3,344,64.3,341,12/18/24 0:00
324,Denver,Sum,-13.56,100.9,282,114.4,334,67.2,232,12/18/24 0:00
325,Old Dominion,SB,-13.68,99.3,315,113,310,69.1,136,12/18/24 0:00
326,Green Bay,Horz,-13.79,102.8,242,116.6,353,71.2,45,12/18/24 0:00
327,Eastern Illinois,OVC,-13.92,96.1,348,110,243,67.2,233,12/18/24 0:00
328,Saint Francis,NEC,-13.92,98.8,324,112.7,303,68.8,146,12/18/24 0:00
329,Tennessee Tech,OVC,-14.13,100.8,285,114.9,339,67.9,197,12/18/24 0:00
330,LIU,NEC,-14.98,96.2,346,111.2,272,68,188,12/18/24 0:00
331,Western Illinois,OVC,-15.06,99.6,310,114.7,337,63.7,352,12/18/24 0:00
332,Bellarmine,ASun,-15.11,104.4,216,119.5,361,66.8,245,12/18/24 0:00
333,Tennessee Martin,OVC,-15.21,97,341,112.2,291,68.8,148,12/18/24 0:00
334,Louisiana Monroe,SB,-15.55,95.6,353,111.1,271,68.4,164,12/18/24 0:00
335,Fairleigh Dickinson,NEC,-15.57,102.1,254,117.7,357,71.1,48,12/18/24 0:00
336,West Georgia,ASun,-15.61,98.2,331,113.8,322,67.6,212,12/18/24 0:00
337,Central Arkansas,ASun,-15.7,97,340,112.7,305,67.8,204,12/18/24 0:00
338,Prairie View A&M,SWAC,-15.71,104.5,215,120.2,363,72.8,12,12/18/24 0:00
339,Sacramento St.,BSky,-15.74,95.3,355,111,268,65.7,302,12/18/24 0:00
340,Lindenwood,OVC,-15.87,96.8,342,112.7,301,68.1,180,12/18/24 0:00
341,Le Moyne,NEC,-15.88,97.1,339,113,312,69.4,118,12/18/24 0:00
342,VMI,SC,-16,98.3,329,114.3,331,68.6,156,12/18/24 0:00
343,USC Upstate,BSth,-16.01,99.9,305,115.9,350,72.3,18,12/18/24 0:00
344,Delaware St.,MEAC,-16.02,96.4,345,112.4,297,70.7,58,12/18/24 0:00
345,New Orleans,Slnd,-16.68,97.7,334,114.4,332,69.7,100,12/18/24 0:00
346,Houston Christian,Slnd,-17.16,98.8,323,116,351,66.3,266,12/18/24 0:00
347,Morgan St.,MEAC,-17.21,100,304,117.2,356,71.4,39,12/18/24 0:00
348,Florida A&M,SWAC,-17.28,94.1,358,111.4,275,69.3,127,12/18/24 0:00
349,Stetson,ASun,-17.29,99.5,311,116.8,354,68.9,144,12/18/24 0:00
350,Northern Illinois,MAC,-17.36,95.9,351,113.2,315,69.7,107,12/18/24 0:00
351,Alcorn St.,SWAC,-17.46,97.7,335,115.1,341,66.6,257,12/18/24 0:00
352,IU Indy,Horz,-17.54,101.3,277,118.8,359,66.4,264,12/18/24 0:00
353,The Citadel,SC,-17.94,96.1,349,114,325,66.2,273,12/18/24 0:00
354,East Texas A&M,Slnd,-18.21,94.8,357,113.1,313,68.8,149,12/18/24 0:00
355,NJIT,AE,-18.67,93.1,359,111.7,285,65.8,297,12/18/24 0:00
356,Mercyhurst,NEC,-19.35,97.5,336,116.8,355,64.5,339,12/18/24 0:00
357,Canisius,MAAC,-19.65,100.2,295,119.9,362,66.1,275,12/18/24 0:00
358,Maryland Eastern Shore,MEAC,-20.67,98.2,330,118.9,360,67.8,199,12/18/24 0:00
359,Alabama A&M,SWAC,-20.76,95.3,354,116.1,352,70.7,60,12/18/24 0:00
360,New Hampshire,AE,-20.88,91.6,362,112.5,298,68,189,12/18/24 0:00
,,,,,Strength of Schedule,NCSOS,,,,12/18/24 0:00
Rk,Team,Conf,NetRtg,ORtg,DRtg,AdjT,Luck,NetRtg,ORtg,12/18/24 0:00
361,Chicago St.,NEC,-21.57,92.5,361,114,326,69.8,95,12/18/24 0:00
362,Arkansas Pine Bluff,SWAC,-24.28,98.9,321,123.2,364,72.8,13,12/18/24 0:00
363,Coppin St.,MEAC,-25.63,88.8,363,114.4,333,67.2,234,12/18/24 0:00
364,Mississippi Valley St.,SWAC,-30.04,88.3,364,118.4,358,65,328,12/18/24 0:00
1,Auburn,SEC,35.3,130.7,1,95.4,14,68.1,187,12/19/24 0:00
2,Tennessee,SEC,31.47,119.9,15,88.5,1,66.2,273,12/19/24 0:00
3,Duke,ACC,31.47,120,12,88.6,2,66.8,248,12/19/24 0:00
4,Houston,B12,29.65,119.4,16,89.8,3,63,361,12/19/24 0:00
5,Iowa St.,B12,29.34,123.9,4,94.6,8,70.3,77,12/19/24 0:00
6,Gonzaga,WCC,28.94,125,2,96.1,18,70.4,73,12/19/24 0:00
7,Florida,SEC,26.38,122.9,7,96.6,22,70.2,84,12/19/24 0:00
8,Marquette,BE,23.85,120,13,96.2,19,68.6,161,12/19/24 0:00
9,Alabama,SEC,23.76,123.5,6,99.7,57,73.7,8,12/19/24 0:00
10,Kansas,B12,23.69,118.4,23,94.7,10,69.4,119,12/19/24 0:00
11,St. John's,BE,23.3,118.6,20,95.3,12,70.2,81,12/19/24 0:00
12,Kentucky,SEC,23.24,122.2,8,99,49,72.1,22,12/19/24 0:00
13,UCLA,B10,22.66,114.1,55,91.5,4,66.6,259,12/19/24 0:00
14,Connecticut,BE,22.54,124.9,3,102.4,95,65.1,326,12/19/24 0:00
15,Baylor,B12,22.23,123.5,5,101.3,81,66.3,269,12/19/24 0:00
16,Maryland,B10,22.04,117.1,36,95,11,70.1,89,12/19/24 0:00
17,Illinois,B10,21.92,117.2,33,95.3,13,71.4,42,12/19/24 0:00
18,Michigan St.,B10,21.76,117.6,30,95.8,16,68.3,177,12/19/24 0:00
19,Texas A&M,SEC,21.45,115.7,42,94.2,6,67.5,221,12/19/24 0:00
20,Oregon,B10,21.28,118.4,22,97.1,28,68.8,152,12/19/24 0:00
21,Texas Tech,B12,21.14,119.2,18,98.1,36,66.6,258,12/19/24 0:00
22,Purdue,B10,20.94,121.4,9,100.4,64,65.5,310,12/19/24 0:00
23,Cincinnati,B12,20.87,115.4,43,94.5,7,66.2,275,12/19/24 0:00
24,Arizona,B12,20.83,117.1,34,96.3,20,71.7,34,12/19/24 0:00
25,Michigan,B10,20.78,117.5,31,96.7,24,70.6,68,12/19/24 0:00
26,Mississippi St.,SEC,20.34,119.3,17,99,50,68.1,183,12/19/24 0:00
27,Pittsburgh,ACC,20.27,117.8,27,97.5,33,68.5,166,12/19/24 0:00
28,Mississippi,SEC,19.98,119.1,19,99.1,52,67.7,213,12/19/24 0:00
29,Clemson,ACC,19.83,116.8,38,97,25,65.3,316,12/19/24 0:00
30,North Carolina,ACC,19.45,118.1,25,98.7,44,74.4,3,12/19/24 0:00
31,Dayton,A10,18.99,120,14,101,74,65.5,307,12/19/24 0:00
32,Penn St.,B10,18.54,116.8,39,98.3,37,72.5,17,12/19/24 0:00
33,Saint Mary's,WCC,18.36,115.4,44,97,26,63.6,354,12/19/24 0:00
34,Wisconsin,B10,18.23,120.1,11,101.8,89,68.5,170,12/19/24 0:00
35,Memphis,Amer,18.16,117.7,29,99.6,56,70.3,75,12/19/24 0:00
36,Oklahoma,SEC,17.73,118.1,24,100.4,65,67.8,205,12/19/24 0:00
37,Ohio St.,B10,17.48,116.9,37,99.4,54,68.5,168,12/19/24 0:00
38,Texas,SEC,17.31,114.5,51,97.2,31,67.6,215,12/19/24 0:00
39,Georgia,SEC,17.01,114.1,56,97,27,67.3,226,12/19/24 0:00
40,Arkansas,SEC,16.87,113.5,60,96.6,23,70.2,85,12/19/24 0:00
,,,,,Strength of Schedule,NCSOS,,,,12/19/24 0:00
Rk,Team,Conf,NetRtg,ORtg,DRtg,AdjT,Luck,NetRtg,ORtg,12/19/24 0:00
41,BYU,B12,16.27,117.4,32,101.2,78,68.5,165,12/19/24 0:00
42,San Diego St.,MWC,16.15,113.3,62,97.2,30,66.3,271,12/19/24 0:00
43,Iowa,B10,16.05,118,26,102,90,71.5,39,12/19/24 0:00
44,VCU,A10,15.99,110.6,109,94.6,9,67.7,212,12/19/24 0:00
45,West Virginia,B12,15.88,113.3,64,97.4,32,66.4,263,12/19/24 0:00
46,Nevada,MWC,15.42,116.7,40,101.2,79,64.1,347,12/19/24 0:00
47,SMU,ACC,15.24,116.6,41,101.3,82,70,93,12/19/24 0:00
48,Villanova,BE,15.18,121.2,10,106,152,64.7,333,12/19/24 0:00
49,Missouri,SEC,14.92,117.7,28,102.8,100,68.7,155,12/19/24 0:00
50,Indiana,B10,14.81,115.4,46,100.6,67,71,54,12/19/24 0:00
51,Boise St.,MWC,14.62,114.5,52,99.9,60,68.4,172,12/19/24 0:00
52,Nebraska,B10,14.59,112.5,78,97.9,34,69.7,108,12/19/24 0:00
53,San Francisco,WCC,14.48,110.9,100,96.4,21,68.5,164,12/19/24 0:00
54,Utah St.,MWC,14.45,114.8,48,100.4,63,70.2,87,12/19/24 0:00
55,LSU,SEC,14.35,112.8,73,98.5,40,69.3,124,12/19/24 0:00
56,Northwestern,B10,14.29,110.2,116,95.9,17,65.4,314,12/19/24 0:00
57,Vanderbilt,SEC,14.23,117.1,35,102.8,102,71.1,47,12/19/24 0:00
58,Creighton,BE,14.14,112.9,71,98.8,45,69.8,101,12/19/24 0:00
59,Xavier,BE,13.93,114.5,50,100.6,69,69.3,125,12/19/24 0:00
60,Arizona St.,B12,13.72,112.6,75,98.9,48,69.2,132,12/19/24 0:00
61,Louisville,ACC,13.71,113.3,63,99.5,55,69.1,133,12/19/24 0:00
62,UC Irvine,BW,13.54,107.2,154,93.7,5,70.3,76,12/19/24 0:00
63,Oregon St.,WCC,13.39,111.9,85,98.6,41,65.5,309,12/19/24 0:00
64,Utah,B12,13.01,112.8,74,99.8,59,71.2,44,12/19/24 0:00
65,Florida St.,ACC,12.53,110.9,102,98.4,38,71,56,12/19/24 0:00
66,North Texas,Amer,12.01,107.7,151,95.7,15,64.3,342,12/19/24 0:00
67,Georgetown,BE,11.98,111,98,99,51,69,140,12/19/24 0:00
68,South Carolina,SEC,11.69,112.3,80,100.6,70,66.7,250,12/19/24 0:00
69,Liberty,CUSA,11.63,110.9,103,99.2,53,64,352,12/19/24 0:00
70,New Mexico,MWC,11.49,113.2,65,101.8,87,74.1,5,12/19/24 0:00
71,Drake,MVC,11.28,110.1,118,98.9,46,63.2,358,12/19/24 0:00
72,Santa Clara,WCC,10.73,113.4,61,102.7,98,68.8,154,12/19/24 0:00
73,UC San Diego,BW,10.7,111.8,86,101.1,76,67.3,227,12/19/24 0:00
74,Butler,BE,10.65,114,57,103.4,112,67.3,228,12/19/24 0:00
75,Kansas St.,B12,10.48,111.7,87,101.2,80,68.7,157,12/19/24 0:00
76,Colorado,B12,10.42,110.9,101,100.5,66,67.8,207,12/19/24 0:00
77,St. Bonaventure,A10,10.38,108.8,136,98.4,39,65.9,291,12/19/24 0:00
78,Bradley,MVC,10.24,114.8,49,104.6,126,66.5,262,12/19/24 0:00
79,Rutgers,B10,10.01,112.9,72,102.8,103,70.5,70,12/19/24 0:00
80,USC,B10,9.9,111.5,90,101.6,83,68.3,179,12/19/24 0:00
,,,,,Strength of Schedule,NCSOS,,,,12/19/24 0:00
Rk,Team,Conf,NetRtg,ORtg,DRtg,AdjT,Luck,NetRtg,ORtg,12/19/24 0:00
81,UCF,B12,9.84,110.7,106,100.8,73,69.7,107,12/19/24 0:00
82,Providence,BE,9.8,110.4,112,100.6,68,64.4,339,12/19/24 0:00
83,Washington St.,WCC,9.46,111.1,93,101.7,85,71.7,35,12/19/24 0:00
84,George Mason,A10,9.35,108,145,98.6,43,66.3,267,12/19/24 0:00
85,N.C. State,ACC,9.27,111,97,101.7,86,65.9,290,12/19/24 0:00
86,Stanford,ACC,8.87,113.9,58,105.1,135,67.4,224,12/19/24 0:00
87,Notre Dame,ACC,8.78,112.5,77,103.7,117,65.9,286,12/19/24 0:00
88,McNeese,Slnd,8.71,111,95,102.3,94,65.9,295,12/19/24 0:00
89,TCU,B12,8.55,105.7,186,97.1,29,68.3,178,12/19/24 0:00
90,Washington,B10,8.43,108.4,140,100,61,69.1,136,12/19/24 0:00
91,Rhode Island,A10,8.3,110.3,113,102,92,72.4,18,12/19/24 0:00
92,Florida Atlantic,Amer,8.28,115.4,45,107.1,173,72.1,23,12/19/24 0:00
93,Northern Iowa,MVC,7.78,113.2,66,105.4,141,65.4,313,12/19/24 0:00
94,Saint Joseph's,A10,7.66,109.3,130,101.6,84,70.2,80,12/19/24 0:00
95,Louisiana Tech,CUSA,7.58,110.8,105,103.2,109,65.6,302,12/19/24 0:00
96,Grand Canyon,WAC,7.56,110.2,114,102.7,99,71.9,26,12/19/24 0:00
97,Miami FL,ACC,7.52,118.5,21,111,268,66.3,266,12/19/24 0:00
98,Lipscomb,ASun,7.41,109.2,132,101.8,88,68,190,12/19/24 0:00
99,Virginia,ACC,7.28,105.3,198,98,35,61.1,364,12/19/24 0:00
100,DePaul,BE,7.26,110.7,107,103.4,113,68.3,175,12/19/24 0:00
101,Oklahoma St.,B12,7.09,109.5,125,102.4,96,72.2,20,12/19/24 0:00
102,Yale,Ivy,7.01,114.3,53,107.3,177,68,192,12/19/24 0:00
103,Wake Forest,ACC,6.93,105.8,181,98.9,47,66,281,12/19/24 0:00
104,Loyola Chicago,A10,6.86,107.9,148,101,75,68.8,147,12/19/24 0:00
105,Syracuse,ACC,6.61,113.2,67,106.6,167,70.3,79,12/19/24 0:00
106,Colorado St.,MWC,6.13,108.2,143,102,91,68,188,12/19/24 0:00
107,UNLV,MWC,6.07,111.4,91,105.3,138,65.9,292,12/19/24 0:00
108,Arkansas St.,SB,6.05,106.9,165,100.8,72,71.1,49,12/19/24 0:00
109,Western Kentucky,CUSA,5.85,105.7,187,99.8,58,73.2,9,12/19/24 0:00
110,Murray St.,MVC,5.35,109.7,122,104.4,125,65.8,296,12/19/24 0:00
111,Georgia Tech,ACC,5.34,108.2,142,102.9,104,70.8,58,12/19/24 0:00
112,Davidson,A10,5.06,112.4,79,107.3,179,66.9,244,12/19/24 0:00
113,Wichita St.,Amer,4.84,108.6,138,103.8,118,71.2,45,12/19/24 0:00
114,Minnesota,B10,4.69,106.9,162,102.2,93,62.7,362,12/19/24 0:00
115,Princeton,Ivy,4.69,112.1,84,107.4,182,67.6,216,12/19/24 0:00
116,Samford,SC,4.6,114.9,47,110.3,248,71.5,37,12/19/24 0:00
117,Kent St.,MAC,4.4,104.7,215,100.3,62,65.3,319,12/19/24 0:00
118,Temple,Amer,3.87,107.8,150,103.9,119,68.7,158,12/19/24 0:00
119,Furman,SC,3.78,106.6,171,102.8,101,66,282,12/19/24 0:00
120,Cornell,Ivy,3.75,112.6,76,108.9,214,71.8,29,12/19/24 0:00
,,,,,Strength of Schedule,NCSOS,,,,12/19/24 0:00
Rk,Team,Conf,NetRtg,ORtg,DRtg,AdjT,Luck,NetRtg,ORtg,12/19/24 0:00
121,South Dakota St.,Sum,3.71,109.3,131,105.6,145,69.3,121,12/19/24 0:00
122,East Tennessee St.,SC,3.69,108.8,135,105.2,137,68,189,12/19/24 0:00
123,California,ACC,3.68,113,70,109.3,224,69.7,106,12/19/24 0:00
124,North Dakota St.,Sum,3.46,114.2,54,110.7,257,65,328,12/19/24 0:00
125,Troy,SB,3.38,106.4,173,103.1,105,67.5,220,12/19/24 0:00
126,Sam Houston St.,CUSA,3.07,112.2,81,109.2,220,69.3,122,12/19/24 0:00
127,UC Santa Barbara,BW,3.03,108.5,139,105.5,143,66.2,274,12/19/24 0:00
128,High Point,BSth,2.96,113.1,68,110.2,242,65.9,294,12/19/24 0:00
129,Charleston,CAA,2.62,108,146,105.3,139,70.6,66,12/19/24 0:00
130,Texas St.,SB,2.53,109,133,106.4,163,65.6,301,12/19/24 0:00
131,George Washington,A10,2.31,108.2,141,105.9,150,69.1,135,12/19/24 0:00
132,Akron,MAC,2.27,111.5,89,109.3,223,71.1,48,12/19/24 0:00
133,Belmont,MVC,2.27,112.1,83,109.9,237,71.9,27,12/19/24 0:00
134,James Madison,SB,2.19,110,119,107.8,191,66.1,280,12/19/24 0:00
135,Purdue Fort Wayne,Horz,2.12,113.8,59,111.7,281,69.3,126,12/19/24 0:00
136,Milwaukee,Horz,2.11,109.7,124,107.6,184,69.8,97,12/19/24 0:00
137,Middle Tennessee,CUSA,2.01,106.9,164,104.9,131,69,141,12/19/24 0:00
138,UNC Wilmington,CAA,1.98,109.3,129,107.4,180,67.8,204,12/19/24 0:00
139,Seton Hall,BE,1.98,100.6,291,98.6,42,63.2,359,12/19/24 0:00
140,Seattle,WAC,1.77,109.4,128,107.6,187,66.5,260,12/19/24 0:00
141,St. Thomas,Sum,1.72,111.5,88,109.8,235,68.1,182,12/19/24 0:00
142,UAB,Amer,1.7,112.2,82,110.5,252,70.7,63,12/19/24 0:00
143,UMass Lowell,AE,1.62,111,99,109.3,225,72,25,12/19/24 0:00
144,UTEP,CUSA,1.55,105.6,190,104,121,69.3,120,12/19/24 0:00
145,Virginia Tech,ACC,1.36,106.2,177,104.8,129,65.2,324,12/19/24 0:00
146,Wofford,SC,0.94,110.8,104,109.8,236,64.7,335,12/19/24 0:00
147,UNC Greensboro,SC,0.78,104.7,216,103.9,120,64.9,329,12/19/24 0:00
148,Montana St.,BSky,0.61,108.9,134,108.2,204,67.3,232,12/19/24 0:00
149,Northeastern,CAA,0.52,104,225,103.5,114,69.5,115,12/19/24 0:00
150,Wright St.,Horz,0.49,110.2,115,109.8,232,67.9,202,12/19/24 0:00
151,Columbia,Ivy,0.41,110.7,108,110.2,245,68.8,153,12/19/24 0:00
152,Boston College,ACC,0.12,106.7,169,106.6,166,67,241,12/19/24 0:00
153,UT Arlington,WAC,0.06,110.5,110,110.4,250,70.3,78,12/19/24 0:00
154,Ohio,MAC,-0.03,109.8,121,109.9,238,70.4,72,12/19/24 0:00
155,Utah Valley,WAC,-0.16,103,239,103.2,107,70.2,86,12/19/24 0:00
156,La Salle,A10,-0.22,105.9,179,106.1,156,70.8,60,12/19/24 0:00
157,East Carolina,Amer,-0.22,106.3,176,106.5,165,65.6,303,12/19/24 0:00
158,Illinois St.,MVC,-0.33,109.4,127,109.7,231,66.1,279,12/19/24 0:00
159,CSUN,BW,-0.54,105,205,105.6,144,72.5,16,12/19/24 0:00
160,Saint Louis,A10,-0.61,111,96,111.6,280,68.8,150,12/19/24 0:00
,,,,,Strength of Schedule,NCSOS,,,,12/19/24 0:00
Rk,Team,Conf,NetRtg,ORtg,DRtg,AdjT,Luck,NetRtg,ORtg,12/19/24 0:00
161,UNC Asheville,BSth,-0.62,108.7,137,109.3,226,67.4,222,12/19/24 0:00
162,Hofstra,CAA,-0.7,102.4,251,103.1,106,65.1,327,12/19/24 0:00
163,Lamar,Slnd,-0.72,104.1,223,104.8,128,66.6,255,12/19/24 0:00
164,Southern Illinois,MVC,-0.74,104,226,104.8,127,70.1,90,12/19/24 0:00
165,Northern Colorado,BSky,-0.84,107.9,147,108.8,211,71.7,31,12/19/24 0:00
166,Cal Baptist,WAC,-0.89,109.9,120,110.8,260,65.9,287,12/19/24 0:00
167,Marshall,SB,-0.9,104.9,211,105.8,148,71.1,50,12/19/24 0:00
168,Elon,CAA,-0.9,106.4,174,107.3,178,66,284,12/19/24 0:00
169,Jacksonville St.,CUSA,-0.92,109.5,126,110.4,249,65.8,297,12/19/24 0:00
170,Jacksonville,ASun,-0.92,102.3,253,103.3,111,69.2,131,12/19/24 0:00
171,UC Riverside,BW,-0.93,106.8,166,107.8,190,68.1,184,12/19/24 0:00
172,North Florida,ASun,-0.94,113.1,69,114,322,71.6,36,12/19/24 0:00
173,Brown,Ivy,-1,107.1,159,108,199,65.3,315,12/19/24 0:00
174,North Alabama,ASun,-1.02,106.1,178,107.2,174,68.7,156,12/19/24 0:00
175,Winthrop,BSth,-1.06,105.7,185,106.8,171,73,12,12/19/24 0:00
176,Texas A&M Corpus Chris,Slnd,-1.15,106.7,168,107.8,195,69.8,98,12/19/24 0:00
177,Indiana St.,MVC,-1.2,110.4,111,111.6,279,73.1,11,12/19/24 0:00
178,Drexel,CAA,-1.21,105.5,193,106.7,169,64.7,336,12/19/24 0:00
179,Radford,BSth,-1.25,108.1,144,109.4,227,65.2,323,12/19/24 0:00
180,Florida Gulf Coast,ASun,-1.26,106.9,161,108.2,202,64.4,340,12/19/24 0:00
181,Loyola Marymount,WCC,-1.27,102.9,242,104.2,123,67.7,210,12/19/24 0:00
182,Bryant,AE,-1.29,106.7,170,108,197,74.2,4,12/19/24 0:00
183,Chattanooga,SC,-1.39,109.7,123,111.1,270,67.3,230,12/19/24 0:00
184,Appalachian St.,SB,-1.53,101,282,102.5,97,65.6,305,12/19/24 0:00
185,Hawaii,BW,-1.59,105.4,195,107,172,66.1,277,12/19/24 0:00
186,UC Davis,BW,-1.61,99.5,311,101.1,77,71.4,41,12/19/24 0:00
187,Kennesaw St.,CUSA,-1.69,105.9,180,107.6,185,72,24,12/19/24 0:00
188,Norfolk St.,MEAC,-1.8,107.3,153,109.1,218,66.8,246,12/19/24 0:00
189,Fordham,A10,-1.86,104.4,220,106.2,158,71,52,12/19/24 0:00
190,South Florida,Amer,-2.13,106.8,167,109,215,69,142,12/19/24 0:00
191,Rice,Amer,-2.16,103.9,228,106.1,153,66.8,247,12/19/24 0:00
192,Miami OH,MAC,-2.18,105,207,107.2,175,68.8,151,12/19/24 0:00
193,Longwood,BSth,-2.2,103.8,230,106,151,68.9,144,12/19/24 0:00
194,Oakland,Horz,-2.25,103.6,231,105.9,149,63.2,360,12/19/24 0:00
195,South Alabama,SB,-2.51,105,204,107.5,183,64.5,338,12/19/24 0:00
196,Merrimack,MAAC,-2.56,101,279,103.6,115,65.4,312,12/19/24 0:00
197,Missouri St.,MVC,-2.56,103.8,229,106.3,161,66.6,256,12/19/24 0:00
198,Vermont,AE,-2.63,100.6,289,103.2,110,64.2,345,12/19/24 0:00
199,Southern Utah,WAC,-2.66,105.8,184,108.5,206,69.6,110,12/19/24 0:00
200,Charlotte,Amer,-2.75,107.8,149,110.5,253,64.1,346,12/19/24 0:00
,,,,,Strength of Schedule,NCSOS,,,,12/19/24 0:00
Rk,Team,Conf,NetRtg,ORtg,DRtg,AdjT,Luck,NetRtg,ORtg,12/19/24 0:00
201,Massachusetts,A10,-2.86,105,208,107.8,193,71.8,30,12/19/24 0:00
202,Wyoming,MWC,-2.86,103.3,236,106.1,155,66.2,272,12/19/24 0:00
203,Youngstown St.,Horz,-2.98,100.2,301,103.2,108,69.3,128,12/19/24 0:00
204,New Mexico St.,CUSA,-3.06,103.3,234,106.4,162,67.9,196,12/19/24 0:00
205,Duquesne,A10,-3.23,101.8,265,105.1,136,65.8,299,12/19/24 0:00
206,Abilene Christian,WAC,-3.43,104.2,222,107.6,186,67.9,198,12/19/24 0:00
207,Tulane,Amer,-3.47,105.1,202,108.6,208,67.9,197,12/19/24 0:00
208,Northern Kentucky,Horz,-3.68,101.3,277,105,132,66.6,254,12/19/24 0:00
209,Central Connecticut,NEC,-3.74,100,303,103.7,116,65.3,317,12/19/24 0:00
210,Southern,SWAC,-3.76,100.3,299,104.1,122,68.8,148,12/19/24 0:00
211,San Jose St.,MWC,-3.8,107.1,158,110.9,263,65.5,311,12/19/24 0:00
212,Eastern Kentucky,ASun,-3.93,107.2,157,111.1,269,69,137,12/19/24 0:00
213,Montana,BSky,-3.96,107.2,155,111.2,272,69.8,102,12/19/24 0:00
214,Maine,AE,-3.98,101.5,275,105.4,142,68.1,186,12/19/24 0:00
215,Central Michigan,MAC,-4,102.5,250,106.5,164,69.2,129,12/19/24 0:00
216,William & Mary,CAA,-4.12,111.1,94,115.2,342,71.5,38,12/19/24 0:00
217,Weber St.,BSky,-4.24,106.3,175,110.5,254,66.4,264,12/19/24 0:00
218,Richmond,A10,-4.27,104.4,219,108.6,210,67.4,225,12/19/24 0:00
219,Toledo,MAC,-4.34,110.2,117,114.5,334,70.6,65,12/19/24 0:00
220,Stephen F. Austin,Slnd,-4.48,96.3,347,100.8,71,66,283,12/19/24 0:00
221,Little Rock,OVC,-4.52,100.3,298,104.8,130,67.8,208,12/19/24 0:00
222,Southeastern Louisiana,Slnd,-4.53,99.7,308,104.2,124,68.4,171,12/19/24 0:00
223,South Dakota,Sum,-4.82,111.2,92,116,351,73.9,7,12/19/24 0:00
224,Saint Peter's,MAAC,-4.83,101.5,272,106.3,160,63.5,356,12/19/24 0:00
225,Valparaiso,MVC,-4.93,107.2,156,112.1,292,69.9,96,12/19/24 0:00
226,Towson,CAA,-4.97,102.2,254,107.2,176,63.5,355,12/19/24 0:00
227,UT Rio Grande Valley,Slnd,-5.06,105.8,183,110.9,261,71.2,46,12/19/24 0:00
228,Georgia Southern,SB,-5.12,101.6,271,106.7,170,72.6,15,12/19/24 0:00
229,UTSA,Amer,-5.27,105.5,192,110.8,259,71.9,28,12/19/24 0:00
230,Illinois Chicago,MVC,-5.28,104.8,214,110.1,239,69.8,100,12/19/24 0:00
231,Cal St. Bakersfield,BW,-5.28,105.2,200,110.5,251,64.7,334,12/19/24 0:00
232,Albany,AE,-5.31,105.2,199,110.6,255,69.9,95,12/19/24 0:00
233,Cleveland St.,Horz,-5.53,99.5,314,105,133,67,240,12/19/24 0:00
234,Delaware,CAA,-5.66,107,160,112.7,299,71,57,12/19/24 0:00
235,Gardner Webb,BSth,-5.69,105.1,203,110.8,258,70,92,12/19/24 0:00
236,Cal Poly,BW,-5.75,105.2,201,111,264,76,1,12/19/24 0:00
237,Pepperdine,WCC,-5.85,102.7,244,108.6,209,69.5,117,12/19/24 0:00
238,Marist,MAAC,-5.95,103.2,237,109.2,219,64.2,344,12/19/24 0:00
239,UMBC,AE,-6.08,106.9,163,113,310,72.4,19,12/19/24 0:00
240,South Carolina St.,MEAC,-6.09,101.8,267,107.9,196,68.5,167,12/19/24 0:00
,,,,,Strength of Schedule,NCSOS,,,,12/19/24 0:00
Rk,Team,Conf,NetRtg,ORtg,DRtg,AdjT,Luck,NetRtg,ORtg,12/19/24 0:00
241,American,PL,-6.18,104.9,210,111.1,271,64,349,12/19/24 0:00
242,Nicholls,Slnd,-6.23,102,263,108.2,203,69,139,12/19/24 0:00
243,Mercer,SC,-6.32,103.9,227,110.3,246,71,55,12/19/24 0:00
244,Presbyterian,BSth,-6.43,104.6,218,111,266,66.1,278,12/19/24 0:00
245,Idaho St.,BSky,-6.64,101.6,270,108.3,205,65.5,308,12/19/24 0:00
246,Robert Morris,Horz,-6.68,98.7,327,105.4,140,69.6,111,12/19/24 0:00
247,Colgate,PL,-6.77,103.3,235,110.1,241,65.9,293,12/19/24 0:00
248,Kansas City,Sum,-6.8,102.1,260,108.9,213,66.7,252,12/19/24 0:00
249,FIU,CUSA,-6.95,99.2,316,106.1,154,70.2,88,12/19/24 0:00
250,Lehigh,PL,-6.95,107.4,152,114.3,327,67.6,217,12/19/24 0:00
251,Boston University,PL,-6.99,102.8,243,109.8,234,64,351,12/19/24 0:00
252,Quinnipiac,MAAC,-7.12,100.6,290,107.7,189,70.4,74,12/19/24 0:00
253,Portland St.,BSky,-7.45,105,209,112.4,294,71,51,12/19/24 0:00
254,Alabama St.,SWAC,-7.51,105.5,191,113.1,312,70.2,82,12/19/24 0:00
255,Howard,MEAC,-7.53,105.4,194,112.9,309,68.4,174,12/19/24 0:00
256,Eastern Washington,BSky,-7.57,106.6,172,114.2,324,68.4,173,12/19/24 0:00
257,Mount St. Mary's,MAAC,-7.61,101.5,274,109.1,217,68.9,143,12/19/24 0:00
258,SIUE,OVC,-7.61,100.5,293,108.1,200,66.7,253,12/19/24 0:00
259,Hampton,CAA,-7.65,102.5,248,110.2,243,65.3,318,12/19/24 0:00
260,Bucknell,PL,-7.66,98.5,329,106.2,157,67.9,194,12/19/24 0:00
261,Harvard,Ivy,-7.71,100.3,297,108,198,67.7,209,12/19/24 0:00
262,Tulsa,Amer,-7.78,102.5,249,110.3,247,68,191,12/19/24 0:00
263,Georgia St.,SB,-7.97,102.1,257,110.1,240,70.6,67,12/19/24 0:00
264,Pacific,WCC,-8.01,99.7,307,107.7,188,68.6,162,12/19/24 0:00
265,Northwestern St.,Slnd,-8.02,101.7,269,109.8,233,65.1,325,12/19/24 0:00
266,Fresno St.,MWC,-8.2,96.8,344,105,134,74.5,2,12/19/24 0:00
267,Bowling Green,MAC,-8.24,104.8,213,113.1,313,69.7,109,12/19/24 0:00
268,Coastal Carolina,SB,-8.29,101.3,278,109.5,228,64,350,12/19/24 0:00
269,Lafayette,PL,-8.31,100.7,287,109,216,66.5,261,12/19/24 0:00
270,Bethune Cookman,SWAC,-8.33,98,333,106.3,159,69.5,113,12/19/24 0:00
271,Iona,MAAC,-8.35,99.5,312,107.8,194,69.4,118,12/19/24 0:00
272,Queens,ASun,-8.43,102.2,255,110.7,256,70.2,83,12/19/24 0:00
273,Austin Peay,ASun,-8.58,97.2,340,105.8,147,64.1,348,12/19/24 0:00
274,Siena,MAAC,-8.69,99.5,313,108.1,201,64.8,332,12/19/24 0:00
275,Grambling St.,SWAC,-8.77,100.9,284,109.7,230,67.2,236,12/19/24 0:00
276,Southern Indiana,OVC,-8.82,102.6,246,111.4,275,66.7,249,12/19/24 0:00
277,North Carolina Central,MEAC,-8.87,104.3,221,113.2,314,66.9,243,12/19/24 0:00
278,Army,PL,-9.06,105.4,197,114.4,329,66.7,251,12/19/24 0:00
279,Manhattan,MAAC,-9.13,105.4,196,114.5,335,70,91,12/19/24 0:00
280,Northern Arizona,BSky,-9.35,105,206,114.4,328,67.2,235,12/19/24 0:00
,,,,,Strength of Schedule,NCSOS,,,,12/19/24 0:00
Rk,Team,Conf,NetRtg,ORtg,DRtg,AdjT,Luck,NetRtg,ORtg,12/19/24 0:00
281,Air Force,MWC,-9.42,102.1,261,111.5,277,63.3,357,12/19/24 0:00
282,Sacred Heart,MAAC,-9.48,102.6,247,112.1,290,69.5,112,12/19/24 0:00
283,Incarnate Word,Slnd,-9.54,105.8,182,115.4,343,66.3,268,12/19/24 0:00
284,Southern Miss,SB,-9.69,98.8,324,108.5,207,70.5,69,12/19/24 0:00
285,Western Michigan,MAC,-9.87,103.4,232,113.2,315,67,239,12/19/24 0:00
286,Monmouth,CAA,-9.98,102,262,112,289,68.1,185,12/19/24 0:00
287,North Dakota,Sum,-10.02,105.6,188,115.6,345,68.6,159,12/19/24 0:00
288,Charleston Southern,BSth,-10.06,101.7,268,111.8,282,69.3,123,12/19/24 0:00
289,Idaho,BSky,-10.07,105.6,189,115.6,346,66.1,276,12/19/24 0:00
290,Southeast Missouri,OVC,-10.26,97.5,337,107.8,192,71,53,12/19/24 0:00
291,Evansville,MVC,-10.29,100.7,288,110.9,262,67.9,195,12/19/24 0:00
292,Cal St. Fullerton,BW,-10.38,98.8,325,109.2,221,65.2,320,12/19/24 0:00
293,Morehead St.,OVC,-10.54,102.1,259,112.6,298,67.5,219,12/19/24 0:00
294,Campbell,CAA,-10.56,99,320,109.6,229,67,238,12/19/24 0:00
295,Ball St.,MAC,-10.65,102.1,258,112.7,302,67.1,237,12/19/24 0:00
296,Tarleton St.,WAC,-10.65,96,350,106.6,168,65.9,289,12/19/24 0:00
297,Long Beach St.,BW,-10.72,102.1,256,112.9,305,64.8,331,12/19/24 0:00
298,Fairfield,MAAC,-10.91,104,224,114.9,337,67,242,12/19/24 0:00
299,Louisiana,SB,-10.91,103,240,113.9,320,68.2,181,12/19/24 0:00
300,Utah Tech,WAC,-11,101.5,273,112.5,296,67.5,218,12/19/24 0:00
301,Nebraska Omaha,Sum,-11.07,101,280,112.1,291,67.7,211,12/19/24 0:00
302,Loyola MD,PL,-11.16,99.8,304,111,265,67.8,206,12/19/24 0:00
303,Rider,MAAC,-11.5,100.3,296,111.8,285,64.3,341,12/19/24 0:00
304,Stonehill,NEC,-11.7,100.1,302,111.8,284,65.5,306,12/19/24 0:00
305,Jackson St.,SWAC,-11.73,97.5,338,109.2,222,69.7,104,12/19/24 0:00
306,Oral Roberts,Sum,-11.82,103.3,233,115.2,341,69,138,12/19/24 0:00
307,San Diego,WCC,-11.9,95.5,354,107.4,181,71.7,32,12/19/24 0:00
308,Penn,Ivy,-12.11,101.8,266,113.9,321,65.2,322,12/19/24 0:00
309,Texas Southern,SWAC,-12.45,99,318,111.5,276,70.4,71,12/19/24 0:00
310,Navy,PL,-12.47,103.2,238,115.7,347,68.5,169,12/19/24 0:00
311,Western Carolina,SC,-12.66,96.2,349,108.8,212,72.2,21,12/19/24 0:00
312,North Carolina A&T,CAA,-12.79,100.9,283,113.7,318,74,6,12/19/24 0:00
313,Wagner,NEC,-12.82,92.9,360,105.7,146,61.7,363,12/19/24 0:00
314,Binghamton,AE,-12.84,99.6,309,112.4,295,65.2,321,12/19/24 0:00
315,Tennessee St.,OVC,-13.04,99.8,305,112.9,304,71.7,33,12/19/24 0:00
316,Detroit Mercy,Horz,-13.1,98.8,326,111.9,287,67.9,200,12/19/24 0:00
317,Dartmouth,Ivy,-13.11,97.9,334,111,267,70.8,62,12/19/24 0:00
318,Stony Brook,CAA,-13.17,100.5,295,113.6,317,67.2,233,12/19/24 0:00
319,Eastern Michigan,MAC,-13.2,100.5,294,113.7,319,67.4,223,12/19/24 0:00
320,Buffalo,MAC,-13.34,100.8,286,114.1,323,69.5,114,12/19/24 0:00
,,,,,Strength of Schedule,NCSOS,,,,12/19/24 0:00
Rk,Team,Conf,NetRtg,ORtg,DRtg,AdjT,Luck,NetRtg,ORtg,12/19/24 0:00
321,Holy Cross,PL,-13.38,102.4,252,115.8,348,65.6,304,12/19/24 0:00
322,Old Dominion,SB,-13.59,99.4,315,113,311,69.1,134,12/19/24 0:00
323,Niagara,MAAC,-13.68,101.9,264,115.6,344,64.2,343,12/19/24 0:00
324,Denver,Sum,-13.71,100.8,285,114.5,333,67.3,229,12/19/24 0:00
325,Saint Francis,NEC,-13.88,98.9,322,112.8,303,68.8,146,12/19/24 0:00
326,Eastern Illinois,OVC,-13.98,96.2,348,110.2,244,67.3,231,12/19/24 0:00
327,Portland,WCC,-14.02,98.9,323,112.9,306,69.7,103,12/19/24 0:00
328,Tennessee Tech,OVC,-14.03,101,281,115,338,67.9,199,12/19/24 0:00
329,Green Bay,Horz,-14.14,102.9,241,117.1,354,71.3,43,12/19/24 0:00
330,Fairleigh Dickinson,NEC,-14.4,102.7,245,117.1,355,70.8,61,12/19/24 0:00
331,Le Moyne,NEC,-14.85,98.1,332,112.9,308,69.5,116,12/19/24 0:00
332,Tennessee Martin,OVC,-14.88,97.3,339,112.2,293,68.8,149,12/19/24 0:00
333,Bellarmine,ASun,-15.07,104.6,217,119.6,362,66.9,245,12/19/24 0:00
334,Western Illinois,OVC,-15.08,99.7,306,114.8,336,63.7,353,12/19/24 0:00
335,Louisiana Monroe,SB,-15.3,95.9,351,111.2,273,68.5,163,12/19/24 0:00
336,LIU,NEC,-15.59,96.3,346,111.9,288,68.3,176,12/19/24 0:00
337,Prairie View A&M,SWAC,-15.61,104.9,212,120.5,363,72.8,13,12/19/24 0:00
338,West Georgia,ASun,-15.75,98.4,330,114.2,325,67.6,214,12/19/24 0:00
339,Sacramento St.,BSky,-15.76,95.5,353,111.3,274,65.7,300,12/19/24 0:00
340,Lindenwood,OVC,-15.8,96.9,343,112.7,301,68.2,180,12/19/24 0:00
341,VMI,SC,-15.82,98.7,328,114.5,332,68.6,160,12/19/24 0:00
342,Central Arkansas,ASun,-15.86,97.1,342,112.9,307,67.9,203,12/19/24 0:00
343,Delaware St.,MEAC,-15.94,96.6,345,112.5,297,70.7,64,12/19/24 0:00
344,New Orleans,Slnd,-16.59,97.9,335,114.5,330,69.7,105,12/19/24 0:00
345,USC Upstate,BSth,-16.69,99.2,317,115.8,349,73.1,10,12/19/24 0:00
346,Houston Christian,Slnd,-17.15,99,319,116.2,352,66.3,270,12/19/24 0:00
347,Morgan St.,MEAC,-17.16,100.2,300,117.4,357,71.5,40,12/19/24 0:00
348,East Texas A&M,Slnd,-17.16,94.7,357,111.8,283,69.2,130,12/19/24 0:00
349,Florida A&M,SWAC,-17.25,94.2,358,111.5,278,69.3,127,12/19/24 0:00
350,Alcorn St.,SWAC,-17.29,97.7,336,115,339,66.6,257,12/19/24 0:00
351,IU Indy,Horz,-17.5,101.5,276,119,358,66.3,265,12/19/24 0:00
352,Stetson,ASun,-17.72,99.5,310,117.2,356,68.9,145,12/19/24 0:00
353,Northern Illinois,MAC,-18.1,95.2,356,113.3,316,70,94,12/19/24 0:00
354,Mercyhurst,NEC,-18.77,97.1,341,115.9,350,64.7,337,12/19/24 0:00
355,NJIT,AE,-18.77,93.1,359,111.9,286,65.8,298,12/19/24 0:00
356,Canisius,MAAC,-18.91,100.5,292,119.4,361,65.9,285,12/19/24 0:00
357,The Citadel,SC,-19.3,95.8,352,115.1,340,65.9,288,12/19/24 0:00
358,Maryland Eastern Shore,MEAC,-20.8,98.2,331,119,359,67.9,201,12/19/24 0:00
359,New Hampshire,AE,-20.96,91.7,362,112.7,300,68,193,12/19/24 0:00
360,Alabama A&M,SWAC,-21.42,95.2,355,116.6,353,70.8,59,12/19/24 0:00
,,,,,Strength of Schedule,NCSOS,,,,12/19/24 0:00
Rk,Team,Conf,NetRtg,ORtg,DRtg,AdjT,Luck,NetRtg,ORtg,12/19/24 0:00
361,Chicago St.,NEC,-21.49,92.8,361,114.3,326,69.8,99,12/19/24 0:00
362,Arkansas Pine Bluff,SWAC,-24.48,99,321,123.4,364,72.7,14,12/19/24 0:00
363,Coppin St.,MEAC,-25.69,88.8,363,114.5,331,67.2,234,12/19/24 0:00
364,Mississippi Valley St.,SWAC,-31.02,88.3,364,119.3,360,64.9,330,12/19/24 0:00
1,Auburn,SEC,35.33,130.6,1,95.3,14,68.2,186,12/20/24 0:00
2,Tennessee,SEC,31.46,119.9,15,88.4,1,66.3,272,12/20/24 0:00
3,Duke,ACC,31.45,120,13,88.5,2,66.9,246,12/20/24 0:00
4,Houston,B12,29.65,119.4,16,89.7,3,63.1,361,12/20/24 0:00
5,Iowa St.,B12,29.33,123.8,4,94.5,8,70.4,76,12/20/24 0:00
6,Gonzaga,WCC,28.96,124.9,2,96,18,70.5,73,12/20/24 0:00
7,Florida,SEC,26.27,122.8,7,96.5,23,70.3,79,12/20/24 0:00
8,Marquette,BE,23.92,120,12,96,19,68.7,161,12/20/24 0:00
9,Alabama,SEC,23.75,123.4,6,99.6,57,73.8,8,12/20/24 0:00
10,Kansas,B12,23.57,118.2,23,94.6,9,69.5,119,12/20/24 0:00
11,St. John's,BE,23.37,118.5,20,95.2,12,70.3,80,12/20/24 0:00
12,Kentucky,SEC,23.21,122.1,8,98.9,50,72.2,25,12/20/24 0:00
13,UCLA,B10,22.65,114,56,91.4,4,66.7,257,12/20/24 0:00
14,Connecticut,BE,22.57,124.8,3,102.3,96,65.2,326,12/20/24 0:00
15,Baylor,B12,22.29,123.5,5,101.2,81,66.4,266,12/20/24 0:00
16,Maryland,B10,22.06,117,35,94.9,11,70.2,88,12/20/24 0:00
17,Illinois,B10,21.8,117,34,95.2,13,71.5,42,12/20/24 0:00
18,Michigan St.,B10,21.62,117.3,32,95.7,16,68.4,181,12/20/24 0:00
19,Texas A&M,SEC,21.46,115.6,43,94.2,6,67.6,219,12/20/24 0:00
20,Texas Tech,B12,21.28,119.2,18,97.9,35,66.7,255,12/20/24 0:00
21,Oregon,B10,21.27,118.3,22,97.1,28,68.9,151,12/20/24 0:00
22,Purdue,B10,20.92,121.3,9,100.3,64,65.6,309,12/20/24 0:00
23,Michigan,B10,20.86,117.4,31,96.5,22,70.6,68,12/20/24 0:00
24,Arizona,B12,20.82,117,33,96.2,20,71.8,34,12/20/24 0:00
25,Cincinnati,B12,20.77,115.4,44,94.6,10,66.3,273,12/20/24 0:00
26,Mississippi St.,SEC,20.32,119.3,17,99,51,68.2,183,12/20/24 0:00
27,Pittsburgh,ACC,20.26,117.7,27,97.4,32,68.6,168,12/20/24 0:00
28,Clemson,ACC,19.78,116.7,38,97,26,65.4,316,12/20/24 0:00
29,Mississippi,SEC,19.74,118.9,19,99.1,52,67.8,212,12/20/24 0:00
30,North Carolina,ACC,19.43,118,25,98.6,44,74.5,3,12/20/24 0:00
31,Dayton,A10,18.96,119.9,14,100.9,74,65.6,306,12/20/24 0:00
32,Penn St.,B10,18.51,116.7,39,98.2,36,72.6,17,12/20/24 0:00
33,Wisconsin,B10,18.24,120,11,101.8,90,68.5,171,12/20/24 0:00
34,Memphis,Amer,18.13,117.6,29,99.5,55,70.4,75,12/20/24 0:00
35,Georgia,SEC,17.99,114.5,51,96.5,24,67.4,227,12/20/24 0:00
36,Texas,SEC,17.75,115,47,97.2,30,67.8,211,12/20/24 0:00
37,Oklahoma,SEC,17.7,118.1,24,100.4,65,67.9,206,12/20/24 0:00
38,Ohio St.,B10,17.52,116.9,37,99.3,54,68.6,169,12/20/24 0:00
39,Saint Mary's,WCC,17.23,115.7,42,98.5,40,63.7,354,12/20/24 0:00
40,Arkansas,SEC,16.85,113.5,60,96.7,25,70.3,83,12/20/24 0:00
,,,,,Strength of Schedule,NCSOS,,,,12/20/24 0:00
Rk,Team,Conf,NetRtg,ORtg,DRtg,AdjT,Luck,NetRtg,ORtg,12/20/24 0:00
41,BYU,B12,16.41,117.4,30,101,76,68.6,163,12/20/24 0:00
42,San Diego St.,MWC,16.16,113.3,62,97.1,29,66.4,271,12/20/24 0:00
43,Iowa,B10,16.01,117.9,26,101.9,91,71.6,39,12/20/24 0:00
44,VCU,A10,15.96,110.4,112,94.4,7,67.8,213,12/20/24 0:00
45,West Virginia,B12,15.87,113.2,63,97.3,31,66.5,263,12/20/24 0:00
46,Nevada,MWC,15.43,116.6,40,101.2,80,64.2,347,12/20/24 0:00
47,Villanova,BE,15.2,121.1,10,105.9,150,64.8,334,12/20/24 0:00
48,SMU,ACC,15.17,116.5,41,101.3,83,70.1,94,12/20/24 0:00
49,Missouri,SEC,14.87,117.6,28,102.8,104,68.8,153,12/20/24 0:00
50,Indiana,B10,14.81,115.3,45,100.5,68,71.1,54,12/20/24 0:00
51,Utah St.,MWC,14.62,114.8,49,100.2,63,70.3,84,12/20/24 0:00
52,San Francisco,WCC,14.49,110.8,99,96.4,21,68.6,167,12/20/24 0:00
53,Nebraska,B10,14.46,112.2,81,97.7,33,69.8,109,12/20/24 0:00
54,Boise St.,MWC,14.42,114.1,55,99.7,59,68.5,173,12/20/24 0:00
55,Vanderbilt,SEC,14.3,116.9,36,102.6,100,71.2,47,12/20/24 0:00
56,LSU,SEC,14.25,112.8,72,98.5,42,69.4,120,12/20/24 0:00
57,Northwestern,B10,14.2,110,116,95.8,17,65.5,312,12/20/24 0:00
58,Creighton,BE,14.12,112.8,71,98.7,45,69.9,104,12/20/24 0:00
59,Xavier,BE,13.93,114.4,52,100.5,69,69.4,124,12/20/24 0:00
60,UC Irvine,BW,13.8,107.8,149,94,5,70.8,63,12/20/24 0:00
61,Arizona St.,B12,13.59,112.5,77,98.9,48,69.3,132,12/20/24 0:00
62,Louisville,ACC,13.58,113.1,66,99.5,56,69.3,133,12/20/24 0:00
63,Oregon St.,WCC,13.45,111.8,85,98.3,39,65.6,310,12/20/24 0:00
64,Utah,B12,12.94,112.6,75,99.6,58,71.3,44,12/20/24 0:00
65,Florida St.,ACC,12.52,110.8,103,98.3,37,71,56,12/20/24 0:00
66,North Texas,Amer,12.04,107.7,151,95.6,15,64.4,343,12/20/24 0:00
67,Georgetown,BE,12,110.9,97,98.9,49,69.1,140,12/20/24 0:00
68,South Carolina,SEC,11.69,112.2,80,100.5,70,66.8,250,12/20/24 0:00
69,Liberty,CUSA,11.64,110.8,102,99.2,53,64.1,352,12/20/24 0:00
70,New Mexico,MWC,11.34,113.1,64,101.8,88,74.2,4,12/20/24 0:00
71,Drake,MVC,11.29,110.1,114,98.8,46,63.3,358,12/20/24 0:00
72,Santa Clara,WCC,10.74,113.3,61,102.6,99,68.8,152,12/20/24 0:00
73,Butler,BE,10.72,113.8,58,103.1,110,67.4,225,12/20/24 0:00
74,UC San Diego,BW,10.64,111.7,86,101,77,67.4,229,12/20/24 0:00
75,Kansas St.,B12,10.56,111.5,89,101,75,68.7,156,12/20/24 0:00
76,Colorado,B12,10.41,110.8,101,100.4,66,67.9,207,12/20/24 0:00
77,St. Bonaventure,A10,10.37,108.7,135,98.3,38,66,292,12/20/24 0:00
78,Bradley,MVC,10.26,114.7,50,104.5,128,66.6,261,12/20/24 0:00
79,Rutgers,B10,10.07,112.8,73,102.7,101,70.6,70,12/20/24 0:00
80,Providence,BE,9.93,110.4,111,100.4,67,64.6,339,12/20/24 0:00
,,,,,Strength of Schedule,NCSOS,,,,12/20/24 0:00
Rk,Team,Conf,NetRtg,ORtg,DRtg,AdjT,Luck,NetRtg,ORtg,12/20/24 0:00
81,UCF,B12,9.88,110.6,107,100.7,72,69.8,110,12/20/24 0:00
82,USC,B10,9.62,111.2,92,101.6,85,68.4,176,12/20/24 0:00
83,Washington St.,WCC,9.44,111,94,101.6,86,71.7,35,12/20/24 0:00
84,George Mason,A10,9.39,107.9,145,98.5,43,66.4,267,12/20/24 0:00
85,N.C. State,ACC,9.31,110.9,98,101.6,87,66,291,12/20/24 0:00
86,Stanford,ACC,9,114,57,105,134,67.5,222,12/20/24 0:00
87,Notre Dame,ACC,8.82,112.4,78,103.6,115,66,287,12/20/24 0:00
88,McNeese,Slnd,8.72,110.9,96,102.2,95,66,297,12/20/24 0:00
89,TCU,B12,8.56,105.6,187,97.1,27,68.4,179,12/20/24 0:00
90,Washington,B10,8.42,108.3,140,99.9,61,69.2,137,12/20/24 0:00
91,Rhode Island,A10,8.32,110.3,113,102,93,72.5,18,12/20/24 0:00
92,Florida Atlantic,Amer,8.29,115.3,46,107,173,72.2,26,12/20/24 0:00
93,Northern Iowa,MVC,7.81,113.1,67,105.3,138,65.4,315,12/20/24 0:00
94,Saint Joseph's,A10,7.72,109.2,130,101.5,84,70.3,81,12/20/24 0:00
95,Louisiana Tech,CUSA,7.56,110.7,104,103.2,112,65.7,303,12/20/24 0:00
96,Miami FL,ACC,7.47,118.4,21,110.9,265,66.4,265,12/20/24 0:00
97,Grand Canyon,WAC,7.45,109.3,129,101.8,89,72.3,22,12/20/24 0:00
98,Lipscomb,ASun,7.34,108.6,136,101.3,82,67.8,210,12/20/24 0:00
99,Virginia,ACC,7.27,105.2,197,97.9,34,61.2,364,12/20/24 0:00
100,DePaul,BE,7.25,110.5,108,103.3,113,68.4,175,12/20/24 0:00
101,Oklahoma St.,B12,7.09,109.4,125,102.3,97,72.3,23,12/20/24 0:00
102,Yale,Ivy,7.05,114.2,53,107.2,177,68.1,192,12/20/24 0:00
103,Wake Forest,ACC,6.93,105.8,181,98.8,47,66.1,281,12/20/24 0:00
104,Loyola Chicago,A10,6.87,107.9,146,101,78,68.9,146,12/20/24 0:00
105,Syracuse,ACC,6.65,113.1,68,106.4,165,70.4,78,12/20/24 0:00
106,Colorado St.,MWC,6.16,108.1,142,102,94,68.1,191,12/20/24 0:00
107,Arkansas St.,SB,6.03,106.8,163,100.8,73,71.2,50,12/20/24 0:00
108,UNLV,MWC,5.89,111.3,91,105.4,142,66,295,12/20/24 0:00
109,Western Kentucky,CUSA,5.85,105.7,184,99.9,60,73.3,9,12/20/24 0:00
110,Murray St.,MVC,5.38,109.6,121,104.2,126,66,290,12/20/24 0:00
111,Georgia Tech,ACC,5.36,108.1,144,102.7,103,70.9,57,12/20/24 0:00
112,Davidson,A10,5,112.3,79,107.3,181,67,243,12/20/24 0:00
113,Wichita St.,Amer,4.84,108.5,138,103.7,118,71.3,45,12/20/24 0:00
114,Minnesota,B10,4.77,106.7,168,101.9,92,62.8,362,12/20/24 0:00
115,Princeton,Ivy,4.76,112,84,107.2,179,67.7,215,12/20/24 0:00
116,Samford,SC,4.66,114.8,48,110.2,243,71.7,36,12/20/24 0:00
117,Kent St.,MAC,4.57,104.5,216,100,62,65.3,321,12/20/24 0:00
118,Temple,Amer,3.87,107.7,152,103.8,120,68.8,155,12/20/24 0:00
119,Cornell,Ivy,3.75,112.5,76,108.8,211,71.9,30,12/20/24 0:00
120,South Dakota St.,Sum,3.74,109.2,131,105.5,145,69.4,123,12/20/24 0:00
,,,,,Strength of Schedule,NCSOS,,,,12/20/24 0:00
Rk,Team,Conf,NetRtg,ORtg,DRtg,AdjT,Luck,NetRtg,ORtg,12/20/24 0:00
121,Furman,SC,3.72,106.5,173,102.7,102,66.1,282,12/20/24 0:00
122,East Tennessee St.,SC,3.69,108.8,134,105.1,136,68.1,189,12/20/24 0:00
123,California,ACC,3.67,112.9,70,109.2,224,69.8,108,12/20/24 0:00
124,North Dakota St.,Sum,3.47,114.1,54,110.7,256,65.1,329,12/20/24 0:00
125,Troy,SB,3.42,106.3,175,102.9,105,67.6,218,12/20/24 0:00
126,UC Santa Barbara,BW,3.07,108.4,139,105.4,143,66.3,274,12/20/24 0:00
127,Sam Houston St.,CUSA,3.06,112.2,82,109.1,219,69.4,121,12/20/24 0:00
128,High Point,BSth,2.98,113,69,110.1,240,66,296,12/20/24 0:00
129,Charleston,CAA,2.63,107.9,147,105.2,137,70.7,65,12/20/24 0:00
130,Texas St.,SB,2.53,108.9,132,106.4,163,65.7,301,12/20/24 0:00
131,George Washington,A10,2.33,108.2,141,105.8,148,69.2,136,12/20/24 0:00
132,James Madison,SB,2.28,110,115,107.7,192,66.2,277,12/20/24 0:00
133,Middle Tennessee,CUSA,2.25,106.7,167,104.4,127,68.8,154,12/20/24 0:00
134,Milwaukee,Horz,2.21,109.5,123,107.3,182,69.9,100,12/20/24 0:00
135,Belmont,MVC,2.2,112.7,74,110.5,253,72.4,21,12/20/24 0:00
136,Akron,MAC,2.07,111.3,90,109.3,225,71.2,46,12/20/24 0:00
137,Purdue Fort Wayne,Horz,2.07,113.7,59,111.7,283,69.4,126,12/20/24 0:00
138,Seton Hall,BE,2.01,100.5,288,98.5,41,63.3,360,12/20/24 0:00
139,UNC Wilmington,CAA,1.97,109.3,128,107.3,183,67.9,204,12/20/24 0:00
140,St. Thomas,Sum,1.75,111.5,88,109.8,235,68.2,184,12/20/24 0:00
141,Seattle,WAC,1.75,109.3,127,107.5,188,66.6,258,12/20/24 0:00
142,UAB,Amer,1.71,112.1,83,110.4,250,70.9,60,12/20/24 0:00
143,UMass Lowell,AE,1.69,110.8,100,109.2,220,72.1,27,12/20/24 0:00
144,UTEP,CUSA,1.62,105.5,190,103.9,121,69.4,122,12/20/24 0:00
145,Virginia Tech,ACC,1.5,106.2,177,104.7,129,65.3,319,12/20/24 0:00
146,Wofford,SC,1.03,110.7,105,109.7,234,64.9,333,12/20/24 0:00
147,UNC Greensboro,SC,0.85,104.6,215,103.7,119,65,330,12/20/24 0:00
148,Columbia,Ivy,0.61,110.6,106,110,239,68.9,147,12/20/24 0:00
149,Montana St.,BSky,0.57,108.8,133,108.2,204,67.3,232,12/20/24 0:00
150,Northeastern,CAA,0.53,104,225,103.4,114,69.6,117,12/20/24 0:00
151,Wright St.,Horz,0.33,109.9,117,109.6,231,67.9,202,12/20/24 0:00
152,Boston College,ACC,0.11,106.6,170,106.5,166,67.1,239,12/20/24 0:00
153,UT Arlington,WAC,0.05,110.4,110,110.4,247,70.4,77,12/20/24 0:00
154,Ohio,MAC,-0.06,109.8,120,109.9,236,70.6,71,12/20/24 0:00
155,North Alabama,ASun,-0.1,107,156,107.1,176,68.6,164,12/20/24 0:00
156,Utah Valley,WAC,-0.13,103,239,103.1,108,70.3,86,12/20/24 0:00
157,East Carolina,Amer,-0.16,106.2,176,106.4,162,65.7,302,12/20/24 0:00
158,La Salle,A10,-0.22,105.8,179,106,154,70.9,58,12/20/24 0:00
159,Illinois St.,MVC,-0.31,109.3,126,109.6,232,66.2,278,12/20/24 0:00
160,Norfolk St.,MEAC,-0.49,106.9,160,107.4,184,66.6,259,12/20/24 0:00
,,,,,Strength of Schedule,NCSOS,,,,12/20/24 0:00
Rk,Team,Conf,NetRtg,ORtg,DRtg,AdjT,Luck,NetRtg,ORtg,12/20/24 0:00
161,CSUN,BW,-0.52,104.9,205,105.4,144,72.6,16,12/20/24 0:00
162,UNC Asheville,BSth,-0.57,108.6,137,109.2,222,67.5,221,12/20/24 0:00
163,Saint Louis,A10,-0.59,111,95,111.6,282,68.9,150,12/20/24 0:00
164,Hofstra,CAA,-0.6,102.5,249,103.1,107,65.2,327,12/20/24 0:00
165,Southern Illinois,MVC,-0.79,103.9,227,104.7,130,70.1,91,12/20/24 0:00
166,Northern Colorado,BSky,-0.82,107.9,148,108.7,210,71.8,32,12/20/24 0:00
167,Lamar,Slnd,-0.85,104,223,104.8,131,66.7,253,12/20/24 0:00
168,Jacksonville,ASun,-0.85,102.3,255,103.1,111,69.3,130,12/20/24 0:00
169,Cal Baptist,WAC,-0.86,109.9,118,110.7,259,66.1,284,12/20/24 0:00
170,Elon,CAA,-0.89,106.3,174,107.2,178,66.1,285,12/20/24 0:00
171,UC Riverside,BW,-0.92,106.8,166,107.7,191,68.2,185,12/20/24 0:00
172,North Florida,ASun,-0.92,113.1,65,114,323,71.7,37,12/20/24 0:00
173,Jacksonville St.,CUSA,-0.92,109.4,124,110.3,246,65.9,298,12/20/24 0:00
174,Brown,Ivy,-0.97,107,159,108,199,65.4,314,12/20/24 0:00
175,Wyoming,MWC,-1,104.3,218,105.3,139,66.2,276,12/20/24 0:00
176,Winthrop,BSth,-1.06,105.7,185,106.8,170,73.1,11,12/20/24 0:00
177,Loyola Marymount,WCC,-1.11,102.8,242,103.9,122,67.8,214,12/20/24 0:00
178,Marshall,SB,-1.13,104.8,209,106,151,71.2,49,12/20/24 0:00
179,Texas A&M Corpus Chris,Slnd,-1.14,106.7,169,107.8,196,70,98,12/20/24 0:00
180,Drexel,CAA,-1.2,105.4,191,106.6,168,64.8,336,12/20/24 0:00
181,Indiana St.,MVC,-1.23,110.5,109,111.7,284,73.1,12,12/20/24 0:00
182,Radford,BSth,-1.25,108.1,143,109.3,226,65.3,323,12/20/24 0:00
183,Florida Gulf Coast,ASun,-1.26,106.8,162,108.1,201,64.5,340,12/20/24 0:00
184,Bryant,AE,-1.32,106.6,171,107.9,197,74.2,5,12/20/24 0:00
185,Chattanooga,SC,-1.47,109.6,122,111,270,67.4,226,12/20/24 0:00
186,UC Davis,BW,-1.53,99.6,304,101.1,79,71.5,41,12/20/24 0:00
187,Appalachian St.,SB,-1.53,100.9,283,102.4,98,65.7,305,12/20/24 0:00
188,Hawaii,BW,-1.54,105.4,193,106.9,172,66.2,279,12/20/24 0:00
189,Merrimack,MAAC,-1.56,102.3,253,103.9,123,65.4,313,12/20/24 0:00
190,Kennesaw St.,CUSA,-1.65,105.8,180,107.5,185,72.1,28,12/20/24 0:00
191,Fordham,A10,-1.86,104.3,219,106.1,155,71.1,52,12/20/24 0:00
192,South Florida,Amer,-2.11,106.8,165,108.9,215,69.1,141,12/20/24 0:00
193,Rice,Amer,-2.15,103.9,229,106,152,66.9,245,12/20/24 0:00
194,Longwood,BSth,-2.16,103.8,231,105.9,149,69.1,143,12/20/24 0:00
195,Miami OH,MAC,-2.18,104.9,204,107.1,175,68.9,149,12/20/24 0:00
196,South Alabama,SB,-2.54,104.9,203,107.5,186,64.6,338,12/20/24 0:00
197,Missouri St.,MVC,-2.57,103.7,232,106.3,161,66.7,254,12/20/24 0:00
198,Vermont,AE,-2.58,100.5,292,103,106,64.3,345,12/20/24 0:00
199,Southern Utah,WAC,-2.67,105.7,183,108.4,206,69.7,111,12/20/24 0:00
200,Charlotte,Amer,-2.73,107.7,150,110.5,251,64.2,346,12/20/24 0:00
,,,,,Strength of Schedule,NCSOS,,,,12/20/24 0:00
Rk,Team,Conf,NetRtg,ORtg,DRtg,AdjT,Luck,NetRtg,ORtg,12/20/24 0:00
201,Massachusetts,A10,-2.83,104.9,206,107.7,194,71.9,31,12/20/24 0:00
202,New Mexico St.,CUSA,-3.11,103.1,238,106.2,158,68,200,12/20/24 0:00
203,Youngstown St.,Horz,-3.15,100,300,103.1,109,69.3,128,12/20/24 0:00
204,Duquesne,A10,-3.21,101.8,266,105,135,65.9,299,12/20/24 0:00
205,Tulane,Amer,-3.4,105,201,108.4,205,68,198,12/20/24 0:00
206,Abilene Christian,WAC,-3.43,104.1,222,107.5,187,68,195,12/20/24 0:00
207,Central Connecticut,NEC,-3.72,99.9,301,103.6,116,65.4,318,12/20/24 0:00
208,Northern Kentucky,Horz,-3.76,101.2,279,105,133,66.8,251,12/20/24 0:00
209,San Jose St.,MWC,-3.78,107.1,155,110.8,261,65.5,311,12/20/24 0:00
210,Southern,SWAC,-3.83,100.1,296,103.9,124,68.9,148,12/20/24 0:00
211,Montana,BSky,-3.89,107.1,154,111,269,69.9,102,12/20/24 0:00
212,Maine,AE,-3.96,101.4,276,105.3,141,68.2,188,12/20/24 0:00
213,Eastern Kentucky,ASun,-3.97,107,157,111,267,69.2,135,12/20/24 0:00
214,Central Michigan,MAC,-3.98,102.4,250,106.4,164,69.3,127,12/20/24 0:00
215,Cleveland St.,Horz,-4.02,102.1,257,106.1,156,67.4,230,12/20/24 0:00
216,William & Mary,CAA,-4.02,111.1,93,115.1,342,71.6,38,12/20/24 0:00
217,Oakland,Horz,-4.17,104.8,210,109,217,63.4,357,12/20/24 0:00
218,Weber St.,BSky,-4.28,106.1,178,110.4,249,66.5,264,12/20/24 0:00
219,Richmond,A10,-4.28,104.2,220,108.5,207,67.4,224,12/20/24 0:00
220,Stephen F. Austin,Slnd,-4.49,96.2,348,100.7,71,66.1,283,12/20/24 0:00
221,Toledo,MAC,-4.53,109.8,119,114.4,330,70.7,66,12/20/24 0:00
222,Southeastern Louisiana,Slnd,-4.61,99.5,308,104.1,125,68.6,166,12/20/24 0:00
223,Little Rock,OVC,-4.64,99,317,103.7,117,67.9,205,12/20/24 0:00
224,Saint Peter's,MAAC,-4.82,101.4,275,106.3,160,63.6,355,12/20/24 0:00
225,Valparaiso,MVC,-4.89,106.9,161,111.8,287,70,99,12/20/24 0:00
226,Towson,CAA,-5.01,102.1,258,107.1,174,63.6,356,12/20/24 0:00
227,UT Rio Grande Valley,Slnd,-5.06,105.7,186,110.7,258,71.2,48,12/20/24 0:00
228,Georgia Southern,SB,-5.1,101.5,272,106.6,169,72.7,15,12/20/24 0:00
229,Cal St. Bakersfield,BW,-5.26,105.1,199,110.4,248,64.8,335,12/20/24 0:00
230,Illinois Chicago,MVC,-5.27,104.8,211,110.1,241,69.8,105,12/20/24 0:00
231,UTSA,Amer,-5.27,105.4,192,110.7,257,71.9,29,12/20/24 0:00
232,South Dakota,Sum,-5.27,111.6,87,116.9,354,74.1,6,12/20/24 0:00
233,Albany,AE,-5.29,105.2,198,110.5,252,70,97,12/20/24 0:00
234,Delaware,CAA,-5.49,107,158,112.5,298,71.1,53,12/20/24 0:00
235,Gardner Webb,BSth,-5.69,105,202,110.6,255,70.1,95,12/20/24 0:00
236,Marist,MAAC,-5.92,103.2,236,109.1,218,64.3,344,12/20/24 0:00
237,Cal Poly,BW,-5.97,105,200,110.9,266,76.2,1,12/20/24 0:00
238,UMBC,AE,-6.07,106.8,164,112.9,309,72.5,19,12/20/24 0:00
239,South Carolina St.,MEAC,-6.16,101.6,271,107.8,195,68.6,165,12/20/24 0:00
240,American,PL,-6.18,104.9,207,111,271,64.1,350,12/20/24 0:00
,,,,,Strength of Schedule,NCSOS,,,,12/20/24 0:00
Rk,Team,Conf,NetRtg,ORtg,DRtg,AdjT,Luck,NetRtg,ORtg,12/20/24 0:00
241,Nicholls,Slnd,-6.3,101.9,264,108.2,202,69.1,138,12/20/24 0:00
242,Mercer,SC,-6.31,103.9,226,110.3,244,71,55,12/20/24 0:00
243,Presbyterian,BSth,-6.38,104.5,217,110.9,263,66.1,280,12/20/24 0:00
244,Idaho St.,BSky,-6.71,101.5,273,108.2,203,65.6,307,12/20/24 0:00
245,Colgate,PL,-6.77,103.2,234,110,238,66,293,12/20/24 0:00
246,Robert Morris,Horz,-6.79,98.5,328,105.3,140,69.6,116,12/20/24 0:00
247,Kansas City,Sum,-6.79,101.9,263,108.7,209,66.8,249,12/20/24 0:00
248,Boston University,PL,-6.9,102.7,244,109.6,233,64.1,351,12/20/24 0:00
249,FIU,CUSA,-6.94,99.1,315,106,153,70.3,87,12/20/24 0:00
250,Lehigh,PL,-6.94,107.3,153,114.2,326,67.6,216,12/20/24 0:00
251,Pepperdine,WCC,-6.98,102.4,251,109.4,227,70,96,12/20/24 0:00
252,Quinnipiac,MAAC,-7.11,100.5,290,107.6,190,70.5,74,12/20/24 0:00
253,SIUE,OVC,-7.37,99.5,310,106.8,171,66.8,247,12/20/24 0:00
254,Portland St.,BSky,-7.39,104.9,208,112.2,296,71.1,51,12/20/24 0:00
255,Mount St. Mary's,MAAC,-7.42,101.5,274,108.9,214,69.1,142,12/20/24 0:00
256,Howard,MEAC,-7.49,105.4,194,112.9,310,68.4,178,12/20/24 0:00
257,Hampton,CAA,-7.54,102.6,246,110.1,242,65.4,317,12/20/24 0:00
258,Eastern Washington,BSky,-7.59,106.5,172,114.1,325,68.5,174,12/20/24 0:00
259,Bucknell,PL,-7.65,98.5,329,106.2,157,68,197,12/20/24 0:00
260,Harvard,Ivy,-7.7,100.2,295,107.9,198,67.8,208,12/20/24 0:00
261,Tulsa,Amer,-7.8,102.5,247,110.3,245,68.1,190,12/20/24 0:00
262,Northwestern St.,Slnd,-7.95,101.6,270,109.6,230,65.3,324,12/20/24 0:00
263,Georgia St.,SB,-7.99,102,259,110,237,70.7,67,12/20/24 0:00
264,Pacific,WCC,-8.02,99.6,305,107.6,189,68.7,158,12/20/24 0:00
265,Fresno St.,MWC,-8.13,96.7,345,104.9,132,74.6,2,12/20/24 0:00
266,Coastal Carolina,SB,-8.29,101.2,280,109.5,228,64.1,349,12/20/24 0:00
267,Lafayette,PL,-8.3,100.6,286,108.9,216,66.6,262,12/20/24 0:00
268,Iona,MAAC,-8.33,99.4,312,107.7,193,69.5,118,12/20/24 0:00
269,Bethune Cookman,SWAC,-8.33,97.9,334,106.2,159,69.6,114,12/20/24 0:00
270,Bowling Green,MAC,-8.43,104.7,214,113.1,315,69.8,107,12/20/24 0:00
271,Queens,ASun,-8.45,102.1,256,110.6,254,70.3,82,12/20/24 0:00
272,Austin Peay,ASun,-8.62,97.1,341,105.8,147,64.2,348,12/20/24 0:00
273,Siena,MAAC,-8.67,99.4,313,108.1,200,64.9,332,12/20/24 0:00
274,Alabama St.,SWAC,-8.8,103.9,228,112.7,301,70.2,89,12/20/24 0:00
275,North Carolina Central,MEAC,-8.86,104.2,221,113.1,312,67,242,12/20/24 0:00
276,Army,PL,-9.05,105.3,196,114.4,328,66.8,252,12/20/24 0:00
277,Manhattan,MAAC,-9.12,105.3,195,114.4,333,70.1,90,12/20/24 0:00
278,Southern Indiana,OVC,-9.34,101.7,268,111.1,272,67.3,234,12/20/24 0:00
279,Air Force,MWC,-9.35,101.9,262,111.3,276,63.3,359,12/20/24 0:00
280,Sacred Heart,MAAC,-9.46,102.5,248,112,292,69.6,115,12/20/24 0:00
,,,,,Strength of Schedule,NCSOS,,,,12/20/24 0:00
Rk,Team,Conf,NetRtg,ORtg,DRtg,AdjT,Luck,NetRtg,ORtg,12/20/24 0:00
281,Northern Arizona,BSky,-9.48,104.8,213,114.3,327,67.2,235,12/20/24 0:00
282,Incarnate Word,Slnd,-9.55,105.7,182,115.3,343,66.4,269,12/20/24 0:00
283,Southern Miss,SB,-9.82,98.8,325,108.6,208,70.6,69,12/20/24 0:00
284,Western Michigan,MAC,-9.89,103.3,233,113.2,317,67.1,240,12/20/24 0:00
285,Long Beach St.,BW,-9.96,102.8,243,112.7,302,65.1,328,12/20/24 0:00
286,Monmouth,CAA,-9.99,102,260,112,291,68.2,187,12/20/24 0:00
287,North Dakota,Sum,-10.02,105.5,188,115.6,346,68.7,157,12/20/24 0:00
288,Southeast Missouri,OVC,-10.04,98.8,324,108.9,213,70.7,64,12/20/24 0:00
289,Idaho,BSky,-10.05,105.5,189,115.5,345,66.2,275,12/20/24 0:00
290,Evansville,MVC,-10.26,100.6,287,110.9,262,68.1,194,12/20/24 0:00
291,Utah Tech,WAC,-10.33,102.4,252,112.7,303,67.6,220,12/20/24 0:00
292,Cal St. Fullerton,BW,-10.41,98.8,326,109.2,221,65.2,325,12/20/24 0:00
293,Campbell,CAA,-10.55,98.9,320,109.5,229,67.1,238,12/20/24 0:00
294,Tarleton St.,WAC,-10.64,95.9,350,106.5,167,66,288,12/20/24 0:00
295,Charleston Southern,BSth,-10.78,101.8,265,112.6,300,69.3,131,12/20/24 0:00
296,Ball St.,MAC,-10.82,101.9,261,112.8,305,67.2,236,12/20/24 0:00
297,Fairfield,MAAC,-10.88,104,224,114.8,337,67,241,12/20/24 0:00
298,Loyola MD,PL,-10.92,99.9,302,110.8,260,67.9,203,12/20/24 0:00
299,Louisiana,SB,-10.92,102.9,240,113.8,321,68.3,182,12/20/24 0:00
300,Morehead St.,OVC,-11.07,101,281,112,293,67.2,237,12/20/24 0:00
301,Nebraska Omaha,Sum,-11.21,100.9,282,112.1,295,67.8,209,12/20/24 0:00
302,Grambling St.,SWAC,-11.4,99.6,303,111,268,66.6,260,12/20/24 0:00
303,Rider,MAAC,-11.47,100.3,294,111.7,286,64.4,341,12/20/24 0:00
304,Jackson St.,SWAC,-11.74,97.4,339,109.2,223,69.9,101,12/20/24 0:00
305,Stonehill,NEC,-11.8,100,299,111.8,288,65.6,308,12/20/24 0:00
306,San Diego,WCC,-11.84,95.4,354,107.3,180,71.8,33,12/20/24 0:00
307,Oral Roberts,Sum,-11.84,103.2,235,115,340,69.1,139,12/20/24 0:00
308,Penn,Ivy,-12.08,101.7,269,113.8,322,65.3,320,12/20/24 0:00
309,Texas Southern,SWAC,-12.42,99,319,111.4,277,70.5,72,12/20/24 0:00
310,Navy,PL,-12.44,103.1,237,115.6,347,68.6,170,12/20/24 0:00
311,Tennessee St.,OVC,-12.56,99.5,307,112.1,294,72.4,20,12/20/24 0:00
312,Wagner,NEC,-12.79,92.8,360,105.6,146,61.8,363,12/20/24 0:00
313,Binghamton,AE,-12.82,99.5,309,112.3,297,65.3,322,12/20/24 0:00
314,North Carolina A&T,CAA,-12.83,100.8,284,113.6,320,74,7,12/20/24 0:00
315,Western Carolina,SC,-12.86,95.9,349,108.8,212,72.3,24,12/20/24 0:00
316,Stony Brook,CAA,-13.04,100.5,289,113.6,319,67.3,231,12/20/24 0:00
317,Dartmouth,Ivy,-13.09,97.8,337,110.9,264,70.9,62,12/20/24 0:00
318,Detroit Mercy,Horz,-13.15,98.7,327,111.9,290,68,199,12/20/24 0:00
319,Tennessee Tech,OVC,-13.2,101.3,278,114.5,334,68.4,177,12/20/24 0:00
320,Eastern Michigan,MAC,-13.25,100.1,298,113.3,318,67.5,223,12/20/24 0:00
,,,,,Strength of Schedule,NCSOS,,,,12/20/24 0:00
Rk,Team,Conf,NetRtg,ORtg,DRtg,AdjT,Luck,NetRtg,ORtg,12/20/24 0:00
321,Holy Cross,PL,-13.38,102.3,254,115.7,348,65.7,304,12/20/24 0:00
322,Delaware St.,MEAC,-13.54,97.9,336,111.4,278,70.3,85,12/20/24 0:00
323,Niagara,MAAC,-13.6,101.8,267,115.4,344,64.4,342,12/20/24 0:00
324,Old Dominion,SB,-13.64,99.2,314,112.9,311,69.2,134,12/20/24 0:00
325,Denver,Sum,-13.66,100.7,285,114.4,329,67.4,228,12/20/24 0:00
326,Saint Francis,NEC,-13.86,98.9,322,112.7,304,68.9,145,12/20/24 0:00
327,Portland,WCC,-13.94,98.8,323,112.8,306,69.8,106,12/20/24 0:00
328,Green Bay,Horz,-13.98,102.9,241,116.8,353,71.3,43,12/20/24 0:00
329,Eastern Illinois,OVC,-14.15,97.4,340,111.6,280,66.9,244,12/20/24 0:00
330,Buffalo,MAC,-14.17,100.3,293,114.5,335,69.7,112,12/20/24 0:00
331,Tennessee Martin,OVC,-14.39,96.8,344,111.2,275,68.5,172,12/20/24 0:00
332,Fairleigh Dickinson,NEC,-14.41,102.6,245,117,355,70.9,59,12/20/24 0:00
333,Le Moyne,NEC,-14.81,98.1,333,112.9,308,69.6,113,12/20/24 0:00
334,Western Illinois,OVC,-15.12,99.5,306,114.7,336,63.7,353,12/20/24 0:00
335,Louisiana Monroe,SB,-15.24,95.9,351,111.1,273,68.7,162,12/20/24 0:00
336,LIU,NEC,-15.55,96.3,347,111.8,289,68.4,180,12/20/24 0:00
337,Prairie View A&M,SWAC,-15.6,104.8,212,120.4,362,72.9,13,12/20/24 0:00
338,West Georgia,ASun,-15.62,98.4,330,114.1,324,67.6,217,12/20/24 0:00
339,Sacramento St.,BSky,-15.75,95.4,353,111.2,274,65.8,300,12/20/24 0:00
340,Central Arkansas,ASun,-15.85,97,343,112.8,307,68,196,12/20/24 0:00
341,VMI,SC,-15.98,98.4,331,114.4,332,68.7,160,12/20/24 0:00
342,USC Upstate,BSth,-16.71,99.1,316,115.8,349,73.2,10,12/20/24 0:00
343,Lindenwood,OVC,-16.72,96.3,346,113.1,313,68.7,159,12/20/24 0:00
344,New Orleans,Slnd,-17.05,97.9,335,114.9,338,69.9,103,12/20/24 0:00
345,Houston Christian,Slnd,-17.14,99,318,116.1,351,66.4,270,12/20/24 0:00
346,Bellarmine,ASun,-17.18,103.8,230,121,363,66.8,248,12/20/24 0:00
347,Morgan St.,MEAC,-17.21,100.1,297,117.3,357,71.5,40,12/20/24 0:00
348,East Texas A&M,Slnd,-17.21,94.5,357,111.7,285,69.3,129,12/20/24 0:00
349,Florida A&M,SWAC,-17.26,94.2,358,111.4,279,69.4,125,12/20/24 0:00
350,Alcorn St.,SWAC,-17.28,97.7,338,114.9,339,66.7,256,12/20/24 0:00
351,IU Indy,Horz,-17.59,101.3,277,118.9,358,66.4,268,12/20/24 0:00
352,Stetson,ASun,-17.74,99.4,311,117.2,356,69,144,12/20/24 0:00
353,Northern Illinois,MAC,-18.1,95,356,113.1,314,70.1,92,12/20/24 0:00
354,NJIT,AE,-18.53,93,359,111.6,281,66,294,12/20/24 0:00
355,Mercyhurst,NEC,-18.74,97.1,342,115.8,350,64.8,337,12/20/24 0:00
356,Canisius,MAAC,-18.83,100.5,291,119.3,361,66,286,12/20/24 0:00
357,The Citadel,SC,-19.3,95.8,352,115.1,341,66,289,12/20/24 0:00
358,Maryland Eastern Shore,MEAC,-20.8,98.2,332,119,359,68,201,12/20/24 0:00
359,New Hampshire,AE,-20.93,91.7,362,112.6,299,68.1,193,12/20/24 0:00
360,Alabama A&M,SWAC,-21.38,95.2,355,116.6,352,70.9,61,12/20/24 0:00
,,,,,Strength of Schedule,NCSOS,,,,12/20/24 0:00
Rk,Team,Conf,NetRtg,ORtg,DRtg,AdjT,Luck,NetRtg,ORtg,12/20/24 0:00
361,Chicago St.,NEC,-21.47,91.7,361,113.2,316,70.1,93,12/20/24 0:00
362,Arkansas Pine Bluff,SWAC,-24.46,98.9,321,123.3,364,72.8,14,12/20/24 0:00
363,Coppin St.,MEAC,-25.66,88.7,363,114.4,331,67.3,233,12/20/24 0:00
364,Mississippi Valley St.,SWAC,-31,88.3,364,119.3,360,65,331,12/20/24 0:00
1,Auburn,SEC,35.33,130.6,1,95.3,14,68.2,185,12/21/24 0:00
2,Tennessee,SEC,31.46,119.9,14,88.4,1,66.3,272,12/21/24 0:00
3,Duke,ACC,31.36,120,13,88.6,2,66.8,249,12/21/24 0:00
4,Houston,B12,29.68,119.4,15,89.8,3,63.1,360,12/21/24 0:00
5,Iowa St.,B12,29.3,123.9,4,94.6,10,70.4,77,12/21/24 0:00
6,Gonzaga,WCC,28.95,124.9,2,96,17,70.5,74,12/21/24 0:00
7,Florida,SEC,26.26,122.8,7,96.5,21,70.3,84,12/21/24 0:00
8,Marquette,BE,23.9,120,12,96.1,18,68.7,159,12/21/24 0:00
9,Alabama,SEC,23.77,123.4,6,99.6,57,73.8,8,12/21/24 0:00
10,Kansas,B12,23.56,118.2,22,94.6,9,69.5,120,12/21/24 0:00
11,Kentucky,SEC,23.22,122.2,8,99,50,72.2,25,12/21/24 0:00
12,St. John's,BE,23.1,117.9,25,94.8,11,70.8,59,12/21/24 0:00
13,UCLA,B10,22.59,114,55,91.4,4,66.7,258,12/21/24 0:00
14,Connecticut,BE,22.55,124.9,3,102.4,97,65.2,325,12/21/24 0:00
15,Baylor,B12,22.27,123.5,5,101.3,81,66.3,270,12/21/24 0:00
16,Maryland,B10,22.05,117,36,94.9,12,70.1,90,12/21/24 0:00
17,Illinois,B10,21.83,117,35,95.2,13,71.5,41,12/21/24 0:00
18,Texas A&M,SEC,21.66,115.4,44,93.7,6,67.3,232,12/21/24 0:00
19,Michigan St.,B10,21.61,117.4,32,95.8,15,68.3,179,12/21/24 0:00
20,Texas Tech,B12,21.32,119.3,17,98,35,66.7,255,12/21/24 0:00
21,Oregon,B10,21.28,118.4,20,97.1,28,68.9,152,12/21/24 0:00
22,Cincinnati,B12,21.26,114.6,50,93.4,5,66.3,273,12/21/24 0:00
23,Purdue,B10,21,121.5,9,100.5,67,65.6,308,12/21/24 0:00
24,Michigan,B10,20.86,117.4,31,96.6,22,70.6,71,12/21/24 0:00
25,Arizona,B12,20.81,117,34,96.2,19,71.8,34,12/21/24 0:00
26,Mississippi St.,SEC,20.3,119.3,16,99,51,68.2,183,12/21/24 0:00
27,Pittsburgh,ACC,20.25,117.7,28,97.5,31,68.6,169,12/21/24 0:00
28,Clemson,ACC,19.75,116.7,38,97,25,65.4,315,12/21/24 0:00
29,Mississippi,SEC,19.72,118.7,19,99,52,67.7,214,12/21/24 0:00
30,North Carolina,ACC,19.41,118.1,24,98.7,44,74.5,3,12/21/24 0:00
31,Dayton,A10,18.56,119.1,18,100.5,68,65.6,305,12/21/24 0:00
32,Penn St.,B10,18.53,116.7,39,98.2,36,72.6,17,12/21/24 0:00
33,Wisconsin,B10,18.34,120,11,101.7,88,68.6,168,12/21/24 0:00
34,Memphis,Amer,18.12,117.7,30,99.5,55,70.4,75,12/21/24 0:00
35,Georgia,SEC,17.97,114.6,51,96.6,23,67.3,229,12/21/24 0:00
36,Texas,SEC,17.78,115,46,97.2,29,67.8,209,12/21/24 0:00
37,Oklahoma,SEC,17.73,118.1,23,100.4,65,67.8,208,12/21/24 0:00
38,Ohio St.,B10,17.56,117,37,99.4,54,68.6,170,12/21/24 0:00
39,Saint Mary's,WCC,17.14,115.8,42,98.7,43,63.7,354,12/21/24 0:00
40,BYU,B12,16.89,117.8,26,100.9,74,69,146,12/21/24 0:00
,,,,,Strength of Schedule,NCSOS,,,,12/21/24 0:00
Rk,Team,Conf,NetRtg,ORtg,DRtg,AdjT,Luck,NetRtg,ORtg,12/21/24 0:00
41,Arkansas,SEC,16.87,113.6,59,96.7,24,70.3,85,12/21/24 0:00
42,San Diego St.,MWC,16.14,113.3,62,97.1,27,66.4,269,12/21/24 0:00
43,VCU,A10,16.03,110.4,111,94.4,8,67.8,212,12/21/24 0:00
44,Iowa,B10,15.86,117.8,27,101.9,91,71.6,39,12/21/24 0:00
45,West Virginia,B12,15.79,113.2,63,97.4,30,66.5,263,12/21/24 0:00
46,Nevada,MWC,15.51,116.6,40,101.1,78,64.2,346,12/21/24 0:00
47,Villanova,BE,15.27,121.2,10,106,150,64.8,335,12/21/24 0:00
48,SMU,ACC,15.11,116.4,41,101.3,83,70.1,94,12/21/24 0:00
49,Missouri,SEC,14.86,117.7,29,102.8,102,68.8,154,12/21/24 0:00
50,Indiana,B10,14.84,115.4,43,100.6,70,71,55,12/21/24 0:00
51,Utah St.,MWC,14.52,114.7,49,100.1,64,70.3,80,12/21/24 0:00
52,San Francisco,WCC,14.49,110.9,98,96.4,20,68.6,166,12/21/24 0:00
53,Nebraska,B10,14.45,112.2,82,97.7,33,69.8,109,12/21/24 0:00
54,Boise St.,MWC,14.41,114.1,54,99.7,59,68.5,173,12/21/24 0:00
55,Vanderbilt,SEC,14.35,117.1,33,102.7,100,71.3,47,12/21/24 0:00
56,Northwestern,B10,14.27,110.1,113,95.9,16,65.4,314,12/21/24 0:00
57,LSU,SEC,14.21,112.7,73,98.5,41,69.4,122,12/21/24 0:00
58,Creighton,BE,14.12,112.9,70,98.8,45,69.9,102,12/21/24 0:00
59,Xavier,BE,13.93,114.5,52,100.6,71,69.4,123,12/21/24 0:00
60,UC Irvine,BW,13.88,107.8,150,93.9,7,70.8,63,12/21/24 0:00
61,Arizona St.,B12,13.56,112.5,77,98.9,48,69.3,132,12/21/24 0:00
62,Louisville,ACC,13.52,113.1,65,99.6,56,69.3,131,12/21/24 0:00
63,Oregon St.,WCC,13.39,111.7,85,98.3,37,65.6,306,12/21/24 0:00
64,Utah,B12,12.88,112.6,76,99.7,58,71.3,46,12/21/24 0:00
65,Florida St.,ACC,12.51,110.8,102,98.3,38,71,53,12/21/24 0:00
66,Georgetown,BE,12,111,95,99,49,69.1,141,12/21/24 0:00
67,South Carolina,SEC,11.71,112.3,80,100.5,69,66.8,251,12/21/24 0:00
68,Liberty,CUSA,11.51,110.9,100,99.4,53,64,351,12/21/24 0:00
69,Drake,MVC,11.31,110.2,112,98.9,46,63.3,359,12/21/24 0:00
70,New Mexico,MWC,11.3,113.2,64,101.8,90,74.2,5,12/21/24 0:00
71,North Texas,Amer,11.25,108.8,133,97.6,32,63.9,352,12/21/24 0:00
72,Santa Clara,WCC,10.75,113.4,61,102.6,98,68.9,153,12/21/24 0:00
73,Butler,BE,10.71,113.9,57,103.2,109,67.4,223,12/21/24 0:00
74,Kansas St.,B12,10.62,111.6,87,101,76,68.7,160,12/21/24 0:00
75,UC San Diego,BW,10.51,111.7,86,101.2,80,67.3,228,12/21/24 0:00
76,Colorado,B12,10.41,110.8,101,100.4,66,67.9,205,12/21/24 0:00
77,Providence,BE,10.34,110.1,114,99.8,60,64.9,332,12/21/24 0:00
78,St. Bonaventure,A10,10.28,108.7,136,98.4,39,66,297,12/21/24 0:00
79,Bradley,MVC,10.25,114.7,48,104.5,125,66.6,259,12/21/24 0:00
80,Rutgers,B10,10.14,112.8,72,102.7,99,70.6,70,12/21/24 0:00
,,,,,Strength of Schedule,NCSOS,,,,12/21/24 0:00
Rk,Team,Conf,NetRtg,ORtg,DRtg,AdjT,Luck,NetRtg,ORtg,12/21/24 0:00
81,UCF,B12,9.89,110.7,104,100.8,73,69.8,110,12/21/24 0:00
82,USC,B10,9.6,111.2,91,101.6,85,68.4,175,12/21/24 0:00
83,Washington St.,WCC,9.42,111.1,92,101.7,87,71.8,35,12/21/24 0:00
84,N.C. State,ACC,9.35,111,94,101.6,86,65.9,298,12/21/24 0:00
85,George Mason,A10,9.33,107.9,146,98.6,42,66.4,266,12/21/24 0:00
86,Stanford,ACC,8.97,114,56,105,133,67.5,222,12/21/24 0:00
87,Notre Dame,ACC,8.84,112.5,78,103.6,116,66,287,12/21/24 0:00
88,McNeese,Slnd,8.74,110.9,99,102.1,95,66,293,12/21/24 0:00
89,Rhode Island,A10,8.55,110.5,108,102,94,72.5,19,12/21/24 0:00
90,TCU,B12,8.53,105.6,187,97.1,26,68.3,180,12/21/24 0:00
91,Washington,B10,8.42,108.4,140,99.9,61,69.2,137,12/21/24 0:00
92,Yale,Ivy,8.32,113.5,60,105.1,135,68.2,188,12/21/24 0:00
93,Florida Atlantic,Amer,8.28,115.3,45,107,175,72.2,26,12/21/24 0:00
94,Northern Iowa,MVC,7.91,113.1,68,105.2,136,65.4,312,12/21/24 0:00
95,Saint Joseph's,A10,7.81,109.3,126,101.5,84,70.3,83,12/21/24 0:00
96,Miami FL,ACC,7.48,118.4,21,110.9,263,66.4,265,12/21/24 0:00
97,Louisiana Tech,CUSA,7.47,110.6,107,103.2,108,65.7,303,12/21/24 0:00
98,Grand Canyon,WAC,7.42,109.2,129,101.8,89,72.4,22,12/21/24 0:00
99,Lipscomb,ASun,7.39,108.7,135,101.3,82,67.8,211,12/21/24 0:00
100,Virginia,ACC,7.36,105.3,197,97.9,34,61.1,364,12/21/24 0:00
101,DePaul,BE,7.28,110.7,105,103.4,112,68.3,182,12/21/24 0:00
102,Oklahoma St.,B12,7.09,109.4,124,102.3,96,72.3,23,12/21/24 0:00
103,Wake Forest,ACC,6.95,105.8,181,98.9,47,66.1,277,12/21/24 0:00
104,Loyola Chicago,A10,6.85,107.9,145,101.1,77,68.9,150,12/21/24 0:00
105,Syracuse,ACC,6.66,113.1,66,106.5,166,70.3,81,12/21/24 0:00
106,Colorado St.,MWC,6.24,108.2,143,101.9,92,68.1,193,12/21/24 0:00
107,Arkansas St.,SB,6.01,107,160,101,75,71.2,50,12/21/24 0:00
108,UNLV,MWC,5.81,111.2,90,105.4,143,66,295,12/21/24 0:00
109,Western Kentucky,CUSA,5.74,105.8,183,100,63,73.2,9,12/21/24 0:00
110,Georgia Tech,ACC,5.4,108.2,142,102.8,101,70.9,56,12/21/24 0:00
111,Murray St.,MVC,5.38,109.6,121,104.2,124,66,292,12/21/24 0:00
112,Davidson,A10,5.03,112.3,79,107.3,182,66.9,244,12/21/24 0:00
113,Wichita St.,Amer,4.86,108.6,138,103.7,118,71.3,45,12/21/24 0:00
114,Minnesota,B10,4.8,106.7,168,101.9,93,62.8,362,12/21/24 0:00
115,Princeton,Ivy,4.76,112,84,107.3,180,67.7,215,12/21/24 0:00
116,Samford,SC,4.65,114.9,47,110.2,243,71.7,38,12/21/24 0:00
117,Kent St.,MAC,4.58,104.6,217,100,62,65.3,320,12/21/24 0:00
118,Temple,Amer,3.91,107.7,152,103.8,120,68.8,156,12/21/24 0:00
119,Cornell,Ivy,3.78,112.6,75,108.8,213,71.9,30,12/21/24 0:00
120,South Dakota St.,Sum,3.73,109.3,127,105.5,146,69.4,124,12/21/24 0:00
,,,,,Strength of Schedule,NCSOS,,,,12/21/24 0:00
Rk,Team,Conf,NetRtg,ORtg,DRtg,AdjT,Luck,NetRtg,ORtg,12/21/24 0:00
121,East Tennessee St.,SC,3.71,108.8,132,105.1,134,68.1,190,12/21/24 0:00
122,California,ACC,3.66,112.9,69,109.3,225,69.8,107,12/21/24 0:00
123,Furman,SC,3.56,106.5,173,102.9,103,66,284,12/21/24 0:00
124,North Dakota St.,Sum,3.44,114.2,53,110.7,255,65.1,329,12/21/24 0:00
125,Troy,SB,3.42,106.3,176,102.9,104,67.6,218,12/21/24 0:00
126,Sam Houston St.,CUSA,3.11,112.1,83,109,219,69.5,121,12/21/24 0:00
127,UC Santa Barbara,BW,3.06,108.4,139,105.4,142,66.3,271,12/21/24 0:00
128,High Point,BSth,2.93,112.9,71,109.9,239,66.1,281,12/21/24 0:00
129,Charleston,CAA,2.64,107.9,148,105.3,140,70.7,66,12/21/24 0:00
130,Texas St.,SB,2.53,109,131,106.4,164,65.7,301,12/21/24 0:00
131,James Madison,SB,2.4,110.1,115,107.7,190,66.1,278,12/21/24 0:00
132,George Washington,A10,2.35,108.2,141,105.9,149,69.2,135,12/21/24 0:00
133,Belmont,MVC,2.26,112.7,74,110.4,251,72.4,21,12/21/24 0:00
134,Middle Tennessee,CUSA,2.26,106.7,167,104.5,126,68.8,155,12/21/24 0:00
135,Milwaukee,Horz,2.17,109.6,120,107.5,183,69.9,103,12/21/24 0:00
136,Seton Hall,BE,2.07,100.6,290,98.5,40,63.3,357,12/21/24 0:00
137,Purdue Fort Wayne,Horz,2.05,113.8,58,111.7,282,69.3,126,12/21/24 0:00
138,UNC Wilmington,CAA,2.04,109.2,128,107.2,179,68,200,12/21/24 0:00
139,UAB,Amer,1.8,112.2,81,110.4,249,70.8,61,12/21/24 0:00
140,UMass Lowell,AE,1.78,110.9,97,109.1,222,72.1,27,12/21/24 0:00
141,St. Thomas,Sum,1.71,111.6,88,109.8,236,68.2,184,12/21/24 0:00
142,Virginia Tech,ACC,1.54,106.2,177,104.6,128,65.3,318,12/21/24 0:00
143,Wofford,SC,1.01,110.8,103,109.7,235,64.9,333,12/21/24 0:00
144,UTEP,CUSA,0.86,104.6,216,103.8,119,69.2,138,12/21/24 0:00
145,UNC Greensboro,SC,0.77,104.6,215,103.9,121,65,331,12/21/24 0:00
146,Akron,MAC,0.75,109.1,130,108.3,205,71.5,43,12/21/24 0:00
147,Columbia,Ivy,0.67,110.6,106,110,240,68.9,149,12/21/24 0:00
148,Northeastern,CAA,0.58,104,228,103.4,113,69.6,119,12/21/24 0:00
149,Montana St.,BSky,0.56,108.8,134,108.2,203,67.3,231,12/21/24 0:00
150,Wright St.,Horz,0.32,110,116,109.7,233,67.9,204,12/21/24 0:00
151,Boston College,ACC,0.13,106.7,170,106.5,167,67.1,241,12/21/24 0:00
152,UT Arlington,WAC,0.05,110.4,110,110.4,247,70.4,79,12/21/24 0:00
153,East Carolina,Amer,0.02,106.4,175,106.3,162,65.6,304,12/21/24 0:00
154,Ohio,MAC,-0.05,109.8,119,109.9,237,70.6,72,12/21/24 0:00
155,La Salle,A10,-0.07,106,179,106,154,70.8,60,12/21/24 0:00
156,North Alabama,ASun,-0.09,107.1,158,107.2,177,68.6,164,12/21/24 0:00
157,Loyola Marymount,WCC,-0.1,104.4,220,104.5,127,67.9,207,12/21/24 0:00
158,Utah Valley,WAC,-0.2,103,240,103.2,111,70.3,86,12/21/24 0:00
159,Seattle,WAC,-0.21,107.8,149,108.1,199,67.1,242,12/21/24 0:00
160,Illinois St.,MVC,-0.28,109.4,125,109.7,232,66.2,275,12/21/24 0:00
,,,,,Strength of Schedule,NCSOS,,,,12/21/24 0:00
Rk,Team,Conf,NetRtg,ORtg,DRtg,AdjT,Luck,NetRtg,ORtg,12/21/24 0:00
161,Saint Louis,A10,-0.45,111.1,93,111.5,279,68.9,151,12/21/24 0:00
162,CSUN,BW,-0.54,104.9,203,105.5,145,72.6,16,12/21/24 0:00
163,Norfolk St.,MEAC,-0.56,107.4,153,108,198,66.6,261,12/21/24 0:00
164,UNC Asheville,BSth,-0.57,108.6,137,109.2,223,67.5,220,12/21/24 0:00
165,Hofstra,CAA,-0.6,102.5,252,103.1,105,65.2,326,12/21/24 0:00
166,Elon,CAA,-0.8,106.4,174,107.2,178,66,285,12/21/24 0:00
167,Southern Illinois,MVC,-0.8,104,230,104.8,129,70.1,91,12/21/24 0:00
168,Northern Colorado,BSky,-0.82,107.9,147,108.7,211,71.8,32,12/21/24 0:00
169,Appalachian St.,SB,-0.86,102.6,249,103.5,114,65.2,327,12/21/24 0:00
170,Cal Baptist,WAC,-0.87,109.9,117,110.8,259,66.1,282,12/21/24 0:00
171,UC Riverside,BW,-0.89,106.8,165,107.7,189,68.2,187,12/21/24 0:00
172,Brown,Ivy,-0.91,106.9,161,107.8,194,65.4,311,12/21/24 0:00
173,Wyoming,MWC,-0.91,104.3,222,105.2,139,66.1,279,12/21/24 0:00
174,Jacksonville St.,CUSA,-0.91,109.4,123,110.4,246,65.9,299,12/21/24 0:00
175,North Florida,ASun,-0.93,113.1,67,114.1,322,71.7,37,12/21/24 0:00
176,Jacksonville,ASun,-0.96,102.2,258,103.2,107,69.3,127,12/21/24 0:00
177,Longwood,BSth,-0.97,104.5,219,105.5,144,69.2,133,12/21/24 0:00
178,Lamar,Slnd,-0.98,104,227,105,132,66.7,254,12/21/24 0:00
179,Drexel,CAA,-1.12,105.4,192,106.6,168,64.8,337,12/21/24 0:00
180,Marshall,SB,-1.13,104.9,207,106,151,71.2,48,12/21/24 0:00
181,Texas A&M Corpus Chris,Slnd,-1.14,106.7,169,107.8,195,70,99,12/21/24 0:00
182,Winthrop,BSth,-1.15,105.7,186,106.8,171,73.1,11,12/21/24 0:00
183,Indiana St.,MVC,-1.24,110.5,109,111.7,283,73.1,12,12/21/24 0:00
184,Florida Gulf Coast,ASun,-1.28,106.9,162,108.1,200,64.5,340,12/21/24 0:00
185,Radford,BSth,-1.36,108.1,144,109.4,227,65.3,323,12/21/24 0:00
186,Bryant,AE,-1.45,106.5,172,108,197,74.2,4,12/21/24 0:00
187,Chattanooga,SC,-1.48,109.6,122,111.1,269,67.4,225,12/21/24 0:00
188,UC Davis,BW,-1.55,99.6,306,101.2,79,71.5,40,12/21/24 0:00
189,Hawaii,BW,-1.56,105.4,193,107,173,66.1,276,12/21/24 0:00
190,Merrimack,MAAC,-1.56,102.4,256,103.9,122,65.4,313,12/21/24 0:00
191,Kennesaw St.,CUSA,-1.65,105.8,180,107.5,184,72.1,28,12/21/24 0:00
192,Fordham,A10,-1.83,104.4,221,106.2,158,71.1,52,12/21/24 0:00
193,South Florida,Amer,-2.12,106.8,164,108.9,218,69.1,143,12/21/24 0:00
194,Rice,Amer,-2.16,103.9,231,106.1,155,66.9,246,12/21/24 0:00
195,Miami OH,MAC,-2.21,104.8,212,107,174,68.9,148,12/21/24 0:00
196,Vermont,AE,-2.51,100.6,288,103.1,106,64.3,344,12/21/24 0:00
197,South Alabama,SB,-2.55,105,202,107.5,185,64.7,339,12/21/24 0:00
198,Missouri St.,MVC,-2.58,103.7,234,106.3,161,66.7,256,12/21/24 0:00
199,Southern Utah,WAC,-2.7,105.7,184,108.4,207,69.7,111,12/21/24 0:00
200,Charlotte,Amer,-2.76,107.8,151,110.5,254,64.2,345,12/21/24 0:00
,,,,,Strength of Schedule,NCSOS,,,,12/21/24 0:00
Rk,Team,Conf,NetRtg,ORtg,DRtg,AdjT,Luck,NetRtg,ORtg,12/21/24 0:00
201,Massachusetts,A10,-2.79,105,201,107.8,192,71.9,31,12/21/24 0:00
202,New Mexico St.,CUSA,-3.14,103.2,238,106.3,160,68,201,12/21/24 0:00
203,Youngstown St.,Horz,-3.18,100,302,103.2,110,69.3,128,12/21/24 0:00
204,Duquesne,A10,-3.19,101.8,269,105,131,66,296,12/21/24 0:00
205,Illinois Chicago,MVC,-3.35,105.3,196,108.7,210,70.4,78,12/21/24 0:00
206,Tulane,Amer,-3.41,105,200,108.4,206,68,199,12/21/24 0:00
207,Abilene Christian,WAC,-3.46,104.1,224,107.6,187,68,195,12/21/24 0:00
208,Central Connecticut,NEC,-3.51,100,301,103.5,115,65.4,317,12/21/24 0:00
209,Maine,AE,-3.75,101.4,277,105.2,138,68.2,189,12/21/24 0:00
210,Northern Kentucky,Horz,-3.83,101.3,279,105.2,137,66.8,252,12/21/24 0:00
211,San Jose St.,MWC,-3.86,107.1,157,111,265,65.6,309,12/21/24 0:00
212,Montana,BSky,-3.9,107.2,155,111.1,268,69.8,105,12/21/24 0:00
213,Central Michigan,MAC,-3.96,102.5,251,106.5,165,69.3,130,12/21/24 0:00
214,Eastern Kentucky,ASun,-3.98,107.1,159,111,267,69.2,134,12/21/24 0:00
215,Cleveland St.,Horz,-3.99,102.2,259,106.2,156,67.4,227,12/21/24 0:00
216,William & Mary,CAA,-4.09,110.9,96,115,340,71.7,36,12/21/24 0:00
217,Saint Peter's,MAAC,-4.16,102.2,257,106.4,163,63,361,12/21/24 0:00
218,Oakland,Horz,-4.18,104.8,208,109,220,63.4,356,12/21/24 0:00
219,Weber St.,BSky,-4.27,106.2,178,110.4,250,66.5,264,12/21/24 0:00
220,Richmond,A10,-4.29,104.3,223,108.6,208,67.4,224,12/21/24 0:00
221,Little Rock,OVC,-4.5,99.2,315,103.7,117,67.9,206,12/21/24 0:00
222,Stephen F. Austin,Slnd,-4.5,96.2,348,100.7,72,66.1,283,12/21/24 0:00
223,Toledo,MAC,-4.54,109.9,118,114.4,330,70.7,67,12/21/24 0:00
224,Southeastern Louisiana,Slnd,-4.6,99.5,310,104.1,123,68.6,165,12/21/24 0:00
225,Valparaiso,MVC,-4.63,106.7,166,111.4,276,70.2,89,12/21/24 0:00
226,Towson,CAA,-4.98,102.1,260,107.1,176,63.6,355,12/21/24 0:00
227,Southern,SWAC,-5.03,101,283,106,152,69,144,12/21/24 0:00
228,UT Rio Grande Valley,Slnd,-5.07,105.7,185,110.8,260,71.2,49,12/21/24 0:00
229,Georgia Southern,SB,-5.21,101.5,274,106.7,170,72.7,15,12/21/24 0:00
230,Cal St. Bakersfield,BW,-5.27,105.2,198,110.4,248,64.8,336,12/21/24 0:00
231,UTSA,Amer,-5.28,105.5,191,110.7,257,72,29,12/21/24 0:00
232,Albany,AE,-5.34,105.1,199,110.5,252,70,98,12/21/24 0:00
233,South Dakota,Sum,-5.4,111.5,89,116.9,354,74.1,6,12/21/24 0:00
234,Gardner Webb,BSth,-5.85,104.9,205,110.7,258,70,95,12/21/24 0:00
235,Marist,MAAC,-5.88,103.2,237,109.1,221,64.3,343,12/21/24 0:00
236,Delaware,CAA,-6,107.2,156,113.1,313,70.7,64,12/21/24 0:00
237,UMBC,AE,-6.01,106.8,163,112.8,303,72.5,18,12/21/24 0:00
238,Cal Poly,BW,-6.12,104.9,204,111,266,76.1,1,12/21/24 0:00
239,South Carolina St.,MEAC,-6.18,101.6,273,107.8,193,68.6,167,12/21/24 0:00
240,American,PL,-6.26,104.8,210,111.1,270,64.1,349,12/21/24 0:00
,,,,,Strength of Schedule,NCSOS,,,,12/21/24 0:00
Rk,Team,Conf,NetRtg,ORtg,DRtg,AdjT,Luck,NetRtg,ORtg,12/21/24 0:00
241,Nicholls,Slnd,-6.28,102,265,108.2,202,69.1,139,12/21/24 0:00
242,Mercer,SC,-6.32,104,229,110.3,245,71,54,12/21/24 0:00
243,Presbyterian,BSth,-6.43,104.5,218,111,264,66.1,280,12/21/24 0:00
244,Colgate,PL,-6.67,103.2,236,109.9,238,66,289,12/21/24 0:00
245,Idaho St.,BSky,-6.74,101.5,275,108.2,204,65.6,307,12/21/24 0:00
246,Kansas City,Sum,-6.8,101.9,267,108.7,212,66.8,250,12/21/24 0:00
247,Robert Morris,Horz,-6.83,98.5,329,105.3,141,69.7,114,12/21/24 0:00
248,Boston University,PL,-6.88,102.8,246,109.6,231,64.1,350,12/21/24 0:00
249,FIU,CUSA,-6.92,99.1,318,106,153,70.3,87,12/21/24 0:00
250,Lehigh,PL,-6.95,107.4,154,114.3,326,67.6,216,12/21/24 0:00
251,Quinnipiac,MAAC,-6.97,100.6,289,107.6,186,70.4,76,12/21/24 0:00
252,Pepperdine,WCC,-7,102.4,255,109.4,226,70,96,12/21/24 0:00
253,Mount St. Mary's,MAAC,-7.37,101.5,276,108.8,214,69.1,140,12/21/24 0:00
254,SIUE,OVC,-7.39,99.5,311,106.9,172,66.8,247,12/21/24 0:00
255,Howard,MEAC,-7.44,105.5,190,113,308,68.4,177,12/21/24 0:00
256,Hampton,CAA,-7.52,102.7,247,110.2,242,65.4,316,12/21/24 0:00
257,Portland St.,BSky,-7.56,104.9,206,112.4,296,71.1,51,12/21/24 0:00
258,Harvard,Ivy,-7.58,100.3,295,107.9,196,67.8,213,12/21/24 0:00
259,Eastern Washington,BSky,-7.74,106.5,171,114.3,325,68.4,174,12/21/24 0:00
260,Bucknell,PL,-7.88,98.3,332,106.2,157,68,196,12/21/24 0:00
261,Tulsa,Amer,-7.89,102.4,254,110.3,244,68.1,192,12/21/24 0:00
262,Northwestern St.,Slnd,-7.97,101.7,272,109.7,234,65.3,322,12/21/24 0:00
263,Pacific,WCC,-8.05,99.6,307,107.6,188,68.7,158,12/21/24 0:00
264,Georgia St.,SB,-8.11,101.9,266,110.1,241,70.7,69,12/21/24 0:00
265,Fresno St.,MWC,-8.12,96.8,345,104.9,130,74.5,2,12/21/24 0:00
266,Lafayette,PL,-8.18,100.7,287,108.9,216,66.6,260,12/21/24 0:00
267,Coastal Carolina,SB,-8.29,101.2,281,109.5,229,64.1,348,12/21/24 0:00
268,Iona,MAAC,-8.3,99.4,313,107.7,191,69.6,118,12/21/24 0:00
269,Bethune Cookman,SWAC,-8.34,97.9,336,106.3,159,69.6,116,12/21/24 0:00
270,Queens,ASun,-8.4,102.1,261,110.5,253,70.3,82,12/21/24 0:00
271,Bowling Green,MAC,-8.44,104.7,213,113.1,314,69.8,106,12/21/24 0:00
272,Austin Peay,ASun,-8.63,97.2,341,105.8,148,64.2,347,12/21/24 0:00
273,Army,PL,-9.04,105.4,194,114.4,328,66.8,253,12/21/24 0:00
274,Manhattan,MAAC,-9.04,105.4,195,114.4,329,70.2,88,12/21/24 0:00
275,Sacred Heart,MAAC,-9.3,102.6,250,111.9,288,69.6,117,12/21/24 0:00
276,Air Force,MWC,-9.35,102,264,111.3,275,63.3,358,12/21/24 0:00
277,Southern Indiana,OVC,-9.37,101.8,270,111.1,271,67.3,234,12/21/24 0:00
278,Alabama St.,SWAC,-9.48,104.7,214,114.1,324,69.9,101,12/21/24 0:00
279,Northern Arizona,BSky,-9.52,104.8,209,114.4,327,67.3,235,12/21/24 0:00
280,Incarnate Word,Slnd,-9.57,105.8,182,115.3,343,66.4,268,12/21/24 0:00
,,,,,Strength of Schedule,NCSOS,,,,12/21/24 0:00
Rk,Team,Conf,NetRtg,ORtg,DRtg,AdjT,Luck,NetRtg,ORtg,12/21/24 0:00
281,Southern Miss,SB,-9.89,98.7,328,108.6,209,70.7,68,12/21/24 0:00
282,North Dakota,Sum,-9.97,105.5,189,115.5,345,68.7,157,12/21/24 0:00
283,Monmouth,CAA,-9.98,102,263,112,290,68.2,186,12/21/24 0:00
284,Siena,MAAC,-9.99,99.6,304,109.6,230,64.9,334,12/21/24 0:00
285,Southeast Missouri,OVC,-10.03,98.9,324,108.9,217,70.7,65,12/21/24 0:00
286,Long Beach St.,BW,-10.04,102.8,245,112.8,302,65.1,328,12/21/24 0:00
287,Idaho,BSky,-10.06,105.5,188,115.6,347,66.2,274,12/21/24 0:00
288,North Carolina Central,MEAC,-10.12,103.8,233,113.9,320,67.1,240,12/21/24 0:00
289,Western Michigan,MAC,-10.16,102.9,242,113.1,310,67.1,238,12/21/24 0:00
290,Evansville,MVC,-10.31,100.5,292,110.8,261,68.1,191,12/21/24 0:00
291,Utah Tech,WAC,-10.36,102.4,253,112.8,299,67.6,219,12/21/24 0:00
292,Campbell,CAA,-10.42,99,319,109.5,228,67.1,239,12/21/24 0:00
293,Cal St. Fullerton,BW,-10.44,98.8,325,109.2,224,65.2,324,12/21/24 0:00
294,Tarleton St.,WAC,-10.69,96,350,106.6,169,66,286,12/21/24 0:00
295,Charleston Southern,BSth,-10.79,101.9,268,112.7,298,69.3,129,12/21/24 0:00
296,Fairfield,MAAC,-10.82,104,226,114.9,337,67,243,12/21/24 0:00
297,Loyola MD,PL,-10.84,99.9,303,110.7,256,68,202,12/21/24 0:00
298,Ball St.,MAC,-10.85,102,262,112.9,305,67.2,236,12/21/24 0:00
299,Louisiana,SB,-10.89,102.8,244,113.7,319,68.3,181,12/21/24 0:00
300,Jackson St.,SWAC,-10.97,97.2,340,108.2,201,69.7,113,12/21/24 0:00
301,Morehead St.,OVC,-11.04,101.1,282,112.1,292,67.2,237,12/21/24 0:00
302,Penn,Ivy,-11.05,102.9,243,114,321,65.3,319,12/21/24 0:00
303,Grambling St.,SWAC,-11.36,100.3,297,111.6,281,66.6,262,12/21/24 0:00
304,Nebraska Omaha,Sum,-11.36,100.9,284,112.3,294,67.8,210,12/21/24 0:00
305,Holy Cross,PL,-11.76,104.1,225,115.8,348,65.7,302,12/21/24 0:00
306,Stonehill,NEC,-11.79,100.1,300,111.9,286,65.6,310,12/21/24 0:00
307,Oral Roberts,Sum,-11.85,103.2,235,115.1,342,69.1,142,12/21/24 0:00
308,San Diego,WCC,-11.96,95.3,354,107.3,181,71.8,33,12/21/24 0:00
309,Navy,PL,-12.39,103.1,239,115.5,346,68.6,171,12/21/24 0:00
310,Texas Southern,SWAC,-12.41,99,320,111.4,277,70.5,73,12/21/24 0:00
311,Tennessee St.,OVC,-12.57,99.6,309,112.1,293,72.4,20,12/21/24 0:00
312,Binghamton,AE,-12.71,99.6,305,112.3,295,65.3,321,12/21/24 0:00
313,Rider,MAAC,-12.76,100.3,296,113.1,309,64.4,341,12/21/24 0:00
314,Wagner,NEC,-12.77,92.9,360,105.7,147,61.8,363,12/21/24 0:00
315,North Carolina A&T,CAA,-12.81,100.8,285,113.6,318,74,7,12/21/24 0:00
316,Western Carolina,SC,-12.85,96,349,108.8,215,72.3,24,12/21/24 0:00
317,Delaware St.,MEAC,-12.86,99.2,316,112,291,70,97,12/21/24 0:00
318,Dartmouth,Ivy,-12.92,98,335,110.9,262,70.8,62,12/21/24 0:00
319,Stony Brook,CAA,-13.05,100.6,291,113.6,317,67.3,230,12/21/24 0:00
320,Detroit Mercy,Horz,-13.16,98.7,326,111.9,289,68,198,12/21/24 0:00
,,,,,Strength of Schedule,NCSOS,,,,12/21/24 0:00
Rk,Team,Conf,NetRtg,ORtg,DRtg,AdjT,Luck,NetRtg,ORtg,12/21/24 0:00
321,Tennessee Tech,OVC,-13.21,101.3,280,114.5,334,68.4,176,12/21/24 0:00
322,Eastern Michigan,MAC,-13.27,100.1,299,113.4,316,67.5,221,12/21/24 0:00
323,Old Dominion,SB,-13.63,99.3,314,112.9,307,69.2,136,12/21/24 0:00
324,Niagara,MAAC,-13.68,101.7,271,115.4,344,64.4,342,12/21/24 0:00
325,Denver,Sum,-13.69,100.7,286,114.4,331,67.4,226,12/21/24 0:00
326,Saint Francis,NEC,-13.88,98.9,322,112.8,300,68.9,147,12/21/24 0:00
327,Portland,WCC,-13.95,98.9,323,112.8,301,69.8,108,12/21/24 0:00
328,Green Bay,Horz,-13.96,102.9,241,116.9,353,71.3,44,12/21/24 0:00
329,Eastern Illinois,OVC,-14.11,97.5,339,111.6,280,66.9,245,12/21/24 0:00
330,Buffalo,MAC,-14.18,100.4,294,114.5,335,69.7,112,12/21/24 0:00
331,Fairleigh Dickinson,NEC,-14.33,102.6,248,117,355,70.9,57,12/21/24 0:00
332,Tennessee Martin,OVC,-14.35,96.8,344,111.2,272,68.5,172,12/21/24 0:00
333,Le Moyne,NEC,-14.78,98.1,334,112.9,306,69.6,115,12/21/24 0:00
334,Western Illinois,OVC,-15.13,99.6,308,114.7,336,63.7,353,12/21/24 0:00
335,Louisiana Monroe,SB,-15.26,95.9,351,111.2,273,68.7,162,12/21/24 0:00
336,Prairie View A&M,SWAC,-15.51,104.8,211,120.3,362,72.9,13,12/21/24 0:00
337,LIU,NEC,-15.53,96.3,347,111.9,287,68.4,178,12/21/24 0:00
338,West Georgia,ASun,-15.64,98.4,331,114.1,323,67.6,217,12/21/24 0:00
339,Sacramento St.,BSky,-15.77,95.4,353,111.2,274,65.8,300,12/21/24 0:00
340,Central Arkansas,ASun,-15.81,97,343,112.8,304,68,197,12/21/24 0:00
341,VMI,SC,-15.96,98.5,330,114.4,333,68.7,161,12/21/24 0:00
342,USC Upstate,BSth,-16.7,99.1,317,115.8,349,73.2,10,12/21/24 0:00
343,Lindenwood,OVC,-16.71,96.4,346,113.1,311,68.7,163,12/21/24 0:00
344,New Orleans,Slnd,-17.05,97.9,337,115,338,69.9,104,12/21/24 0:00
345,Morgan St.,MEAC,-17.11,100.2,298,117.3,357,71.5,42,12/21/24 0:00
346,Bellarmine,ASun,-17.18,103.8,232,121,363,66.8,248,12/21/24 0:00
347,Alcorn St.,SWAC,-17.28,97.7,338,115,339,66.7,257,12/21/24 0:00
348,East Texas A&M,Slnd,-17.33,94.4,357,111.7,284,69.4,125,12/21/24 0:00
349,Houston Christian,Slnd,-17.4,98.7,327,116.1,351,66,291,12/21/24 0:00
350,IU Indy,Horz,-17.6,101.4,278,119,359,66.4,267,12/21/24 0:00
351,Stetson,ASun,-17.73,99.5,312,117.2,356,69,145,12/21/24 0:00
352,Florida A&M,SWAC,-17.91,93.8,358,111.8,285,70,100,12/21/24 0:00
353,Northern Illinois,MAC,-18.07,95.1,356,113.1,312,70.1,93,12/21/24 0:00
354,NJIT,AE,-18.4,93.1,359,111.5,278,66,294,12/21/24 0:00
355,Mercyhurst,NEC,-18.72,97.1,342,115.9,350,64.8,338,12/21/24 0:00
356,Canisius,MAAC,-18.94,100.4,293,119.4,361,66,288,12/21/24 0:00
357,The Citadel,SC,-19.27,95.8,352,115.1,341,66,290,12/21/24 0:00
358,Maryland Eastern Shore,MEAC,-20.62,98.2,333,118.9,358,67.9,203,12/21/24 0:00
359,New Hampshire,AE,-20.76,91.7,362,112.5,297,68.1,194,12/21/24 0:00
360,Alabama A&M,SWAC,-21.37,95.2,355,116.6,352,70.9,58,12/21/24 0:00
,,,,,Strength of Schedule,NCSOS,,,,12/21/24 0:00
Rk,Team,Conf,NetRtg,ORtg,DRtg,AdjT,Luck,NetRtg,ORtg,12/21/24 0:00
361,Chicago St.,NEC,-21.47,91.7,361,113.2,315,70.1,92,12/21/24 0:00
362,Arkansas Pine Bluff,SWAC,-24.46,98.9,321,123.4,364,72.8,14,12/21/24 0:00
363,Coppin St.,MEAC,-25.75,88.7,363,114.4,332,67.3,233,12/21/24 0:00
364,Mississippi Valley St.,SWAC,-31.03,88.2,364,119.2,360,65,330,12/21/24 0:00
1,Auburn,SEC,36.37,131.2,1,94.8,11,68.4,174,12/22/24 0:00
2,Duke,ACC,32.58,120.9,11,88.3,1,66.5,262,12/22/24 0:00
3,Tennessee,SEC,31.63,120.1,15,88.4,2,66.3,270,12/22/24 0:00
4,Houston,B12,30.88,120.8,12,89.9,3,62.6,361,12/22/24 0:00
5,Iowa St.,B12,29.52,124.2,4,94.7,9,70.4,80,12/22/24 0:00
6,Gonzaga,WCC,28.48,124.6,3,96.2,21,71.1,54,12/22/24 0:00
7,Florida,SEC,27.41,123,7,95.6,17,70.3,86,12/22/24 0:00
8,Alabama,SEC,23.99,123.4,6,99.4,51,73.8,10,12/22/24 0:00
9,Marquette,BE,23.9,119.7,16,95.8,20,68.6,164,12/22/24 0:00
10,Kansas,B12,23.8,118.2,26,94.4,8,69.6,118,12/22/24 0:00
11,Maryland,B10,23.63,117.2,34,93.6,7,70.4,77,12/22/24 0:00
12,St. John's,BE,22.84,117.8,29,95,12,70.8,64,12/22/24 0:00
13,Texas Tech,B12,22.59,120.4,13,97.8,34,67.1,240,12/22/24 0:00
14,Oregon,B10,22.33,118.7,21,96.3,22,68.9,148,12/22/24 0:00
15,UCLA,B10,22.3,113.9,59,91.6,4,66.7,253,12/22/24 0:00
16,Connecticut,BE,22.3,124.8,2,102.5,99,65.5,315,12/22/24 0:00
17,Mississippi St.,SEC,22.08,119.5,18,97.4,31,68.4,175,12/22/24 0:00
18,Baylor,B12,22.06,123.6,5,101.6,82,66.2,276,12/22/24 0:00
19,Texas A&M,SEC,21.99,115.6,43,93.6,6,67.2,233,12/22/24 0:00
20,Illinois,B10,21.92,117.2,35,95.3,14,71.5,44,12/22/24 0:00
21,Arizona,B12,21.83,117.4,32,95.6,18,71.6,42,12/22/24 0:00
22,Michigan St.,B10,21.82,117.4,33,95.5,16,68.3,178,12/22/24 0:00
23,Pittsburgh,ACC,21.51,119.3,19,97.8,33,68.9,152,12/22/24 0:00
24,Cincinnati,B12,21.28,114.7,52,93.4,5,66.4,263,12/22/24 0:00
25,Michigan,B10,20.82,117.5,31,96.7,23,70.6,71,12/22/24 0:00
26,Kentucky,SEC,20.71,121,10,100.3,61,71.8,35,12/22/24 0:00
27,Purdue,B10,20.56,121.4,9,100.9,72,65.8,297,12/22/24 0:00
28,Ohio St.,B10,20.12,118.4,25,98.3,38,68.1,194,12/22/24 0:00
29,North Carolina,ACC,19.93,118.5,23,98.6,45,74.5,2,12/22/24 0:00
30,Mississippi,SEC,19.89,118.5,24,98.6,44,68,200,12/22/24 0:00
31,Clemson,ACC,18.99,116.1,40,97.1,27,66,291,12/22/24 0:00
32,Dayton,A10,18.85,119.6,17,100.7,69,65.6,310,12/22/24 0:00
33,Wisconsin,B10,18.58,120.3,14,101.7,83,68.5,173,12/22/24 0:00
34,Penn St.,B10,18.22,116.8,37,98.6,46,72.1,26,12/22/24 0:00
35,Texas,SEC,17.94,115.2,47,97.3,29,67.8,208,12/22/24 0:00
36,Oklahoma,SEC,17.89,118.2,27,100.3,63,67.9,202,12/22/24 0:00
37,Georgia,SEC,17.76,114.7,51,97,24,67.2,230,12/22/24 0:00
38,San Diego St.,MWC,17.67,112.8,70,95.1,13,66.3,273,12/22/24 0:00
39,Saint Mary's,WCC,17.18,116,41,98.8,48,63.7,353,12/22/24 0:00
40,SMU,ACC,17.07,118.6,22,101.5,81,70.3,82,12/22/24 0:00
,,,,,Strength of Schedule,NCSOS,,,,12/22/24 0:00
Rk,Team,Conf,NetRtg,ORtg,DRtg,AdjT,Luck,NetRtg,ORtg,12/22/24 0:00
41,BYU,B12,16.9,118,28,101.1,73,69,143,12/22/24 0:00
42,Memphis,Amer,16.86,116.5,39,99.7,53,70.5,73,12/22/24 0:00
43,Arkansas,SEC,16.74,113.7,61,97,25,70.2,88,12/22/24 0:00
44,Iowa,B10,16.44,118.7,20,102.3,93,71.8,34,12/22/24 0:00
45,West Virginia,B12,16.04,113.3,65,97.3,30,66.5,261,12/22/24 0:00
46,VCU,A10,15.67,110.5,111,94.8,10,67.7,215,12/22/24 0:00
47,Northwestern,B10,15.5,111,100,95.5,15,65.8,298,12/22/24 0:00
48,Louisville,ACC,15.07,115.4,45,100.3,62,68.8,156,12/22/24 0:00
49,Villanova,BE,14.83,122.8,8,107.9,189,64.4,340,12/22/24 0:00
50,Vanderbilt,SEC,14.72,117.1,36,102.4,98,71.9,32,12/22/24 0:00
51,Creighton,BE,14.71,114.8,50,100.1,57,69.7,109,12/22/24 0:00
52,Utah St.,MWC,14.66,114.8,49,100.2,59,70.3,81,12/22/24 0:00
53,Missouri,SEC,14.58,117.8,30,103.2,106,68.7,163,12/22/24 0:00
54,Nevada,MWC,14.39,115.9,42,101.5,80,64,347,12/22/24 0:00
55,Nebraska,B10,14.38,112.3,79,97.9,36,69.7,108,12/22/24 0:00
56,Indiana,B10,14.28,114.6,53,100.3,60,70.9,58,12/22/24 0:00
57,Arizona St.,B12,14.25,112.5,76,98.3,39,69,146,12/22/24 0:00
58,Boise St.,MWC,14.23,114.1,56,99.9,54,68.5,172,12/22/24 0:00
59,LSU,SEC,14.23,112.6,74,98.3,40,69.4,125,12/22/24 0:00
60,Xavier,BE,13.92,114.4,55,100.5,66,69.3,130,12/22/24 0:00
61,San Francisco,WCC,13.41,110.5,110,97.1,28,68,195,12/22/24 0:00
62,Oregon St.,WCC,13.03,111.5,89,98.5,43,65.7,303,12/22/24 0:00
63,Utah,B12,12.6,113.3,66,100.7,68,71.7,38,12/22/24 0:00
64,Liberty,CUSA,12.4,110.8,104,98.4,41,64,348,12/22/24 0:00
65,Georgetown,BE,12.1,111.2,97,99.1,50,69,145,12/22/24 0:00
66,New Mexico,MWC,11.42,113.4,63,102,89,74.1,7,12/22/24 0:00
67,UC Irvine,BW,11.24,107,165,95.8,19,70.1,91,12/22/24 0:00
68,South Carolina,SEC,11.21,112.3,80,101.1,74,66.6,256,12/22/24 0:00
69,Butler,BE,11.12,114,58,102.8,101,67.7,213,12/22/24 0:00
70,North Texas,Amer,11.03,108.8,136,97.8,32,63.8,351,12/22/24 0:00
71,Florida St.,ACC,11,111.5,93,100.5,67,70.7,67,12/22/24 0:00
72,Bradley,MVC,10.85,115.5,44,104.7,127,66.4,267,12/22/24 0:00
73,UCF,B12,10.7,111.4,94,100.7,70,69.9,103,12/22/24 0:00
74,Santa Clara,WCC,10.65,113.5,62,102.9,102,69.1,141,12/22/24 0:00
75,Washington St.,WCC,10.39,111.5,91,101.1,76,71.7,39,12/22/24 0:00
76,Colorado,B12,10.37,110,119,99.6,52,68.2,187,12/22/24 0:00
77,Providence,BE,10.34,110.3,116,100,55,64.8,334,12/22/24 0:00
78,Drake,MVC,10.31,110.4,115,100.1,56,62.3,362,12/22/24 0:00
79,St. Bonaventure,A10,10.29,108.3,145,98,37,66.1,281,12/22/24 0:00
80,UC San Diego,BW,10.24,112,85,101.8,85,67.3,227,12/22/24 0:00
,,,,,Strength of Schedule,NCSOS,,,,12/22/24 0:00
Rk,Team,Conf,NetRtg,ORtg,DRtg,AdjT,Luck,NetRtg,ORtg,12/22/24 0:00
81,Rutgers,B10,9.77,113,69,103.2,107,71,56,12/22/24 0:00
82,USC,B10,9.7,111.6,88,101.9,88,68.3,180,12/22/24 0:00
83,N.C. State,ACC,9.11,110.9,102,101.8,87,65.9,295,12/22/24 0:00
84,Saint Joseph's,A10,9.08,110.1,117,101.1,75,70.2,89,12/22/24 0:00
85,George Mason,A10,9.06,108,152,98.9,49,66.4,264,12/22/24 0:00
86,Notre Dame,ACC,9.06,112.5,75,103.5,109,66,288,12/22/24 0:00
87,McNeese,Slnd,8.97,111.2,96,102.3,92,65.9,294,12/22/24 0:00
88,TCU,B12,8.93,106,181,97.1,26,68.3,184,12/22/24 0:00
89,Rhode Island,A10,8.59,111,99,102.4,97,72.6,17,12/22/24 0:00
90,Kansas St.,B12,8.46,110.8,106,102.3,96,68.6,165,12/22/24 0:00
91,Washington,B10,8.33,108.5,140,100.2,58,69.2,133,12/22/24 0:00
92,Florida Atlantic,Amer,8.04,115,48,106.9,171,72.5,19,12/22/24 0:00
93,Stanford,ACC,8.01,113,67,105,131,67.6,218,12/22/24 0:00
94,Yale,Ivy,7.85,113.3,64,105.5,136,68.2,188,12/22/24 0:00
95,Virginia,ACC,7.53,105.4,198,97.9,35,61.1,364,12/22/24 0:00
96,Lipscomb,ASun,7.47,109,135,101.5,79,67.9,207,12/22/24 0:00
97,Northern Iowa,MVC,7.36,113,68,105.6,141,65.3,320,12/22/24 0:00
98,Colorado St.,MWC,7.3,108.5,138,101.2,78,68.2,192,12/22/24 0:00
99,Arkansas St.,SB,7.04,108.8,137,101.8,84,71.2,49,12/22/24 0:00
100,Grand Canyon,WAC,7.02,109.3,130,102.3,94,72.3,22,12/22/24 0:00
101,Oklahoma St.,B12,6.96,109.6,124,102.6,100,72.1,23,12/22/24 0:00
102,Louisiana Tech,CUSA,6.92,110.4,112,103.5,111,65.6,309,12/22/24 0:00
103,Loyola Chicago,A10,6.87,108,151,101.2,77,68.8,157,12/22/24 0:00
104,Wake Forest,ACC,6.78,105.5,196,98.8,47,66.5,260,12/22/24 0:00
105,UNLV,MWC,6.67,110.8,107,104.1,119,65.7,304,12/22/24 0:00
106,DePaul,BE,6.63,110.6,108,104,118,68.8,160,12/22/24 0:00
107,Wichita St.,Amer,6.52,109.4,128,102.9,103,71.3,48,12/22/24 0:00
108,Syracuse,ACC,5.74,112.4,78,106.7,165,70.4,79,12/22/24 0:00
109,Miami FL,ACC,5.62,116.7,38,111.1,269,66.6,255,12/22/24 0:00
110,Princeton,Ivy,5.45,112.5,77,107,172,68,196,12/22/24 0:00
111,Western Kentucky,CUSA,5.34,105.7,187,100.4,65,73.4,11,12/22/24 0:00
112,Murray St.,MVC,5.19,109.6,123,104.4,125,66,286,12/22/24 0:00
113,Davidson,A10,5.04,112.2,81,107.2,177,66.9,243,12/22/24 0:00
114,Georgia Tech,ACC,4.58,108.3,143,103.7,114,70.5,75,12/22/24 0:00
115,Minnesota,B10,4.52,106.3,175,101.8,86,62.9,360,12/22/24 0:00
116,Furman,SC,4.49,107.6,155,103.1,105,65.7,301,12/22/24 0:00
117,Troy,SB,4.33,106.6,171,102.3,95,67.2,231,12/22/24 0:00
118,Kent St.,MAC,4.25,104.6,216,100.4,64,65.2,322,12/22/24 0:00
119,High Point,BSth,4.17,114.6,54,110.4,245,66.4,268,12/22/24 0:00
120,South Dakota St.,Sum,4,109.5,126,105.5,135,69.7,112,12/22/24 0:00
,,,,,Strength of Schedule,NCSOS,,,,12/22/24 0:00
Rk,Team,Conf,NetRtg,ORtg,DRtg,AdjT,Luck,NetRtg,ORtg,12/22/24 0:00
121,Samford,SC,3.89,115.3,46,111.4,272,72.1,25,12/22/24 0:00
122,Texas St.,SB,3.85,109.9,121,106,150,65.4,317,12/22/24 0:00
123,St. Thomas,Sum,3.57,112,86,108.4,203,69.1,139,12/22/24 0:00
124,Temple,Amer,3.51,107.7,154,104.2,123,69,144,12/22/24 0:00
125,Cornell,Ivy,3.45,112.6,73,109.1,215,71.8,36,12/22/24 0:00
126,North Dakota St.,Sum,3.24,114.1,57,110.9,261,65.1,326,12/22/24 0:00
127,UC Santa Barbara,BW,2.93,108.5,139,105.6,138,66.3,271,12/22/24 0:00
128,Charleston,CAA,2.8,108.2,147,105.4,133,70.6,69,12/22/24 0:00
129,Milwaukee,Horz,2.69,110.1,118,107.4,184,70,99,12/22/24 0:00
130,East Tennessee St.,SC,2.44,109.2,133,106.7,166,67.4,224,12/22/24 0:00
131,UNC Wilmington,CAA,2.3,110.4,114,108.1,193,67.7,212,12/22/24 0:00
132,UMass Lowell,AE,2.3,112.1,83,109.8,233,71.7,37,12/22/24 0:00
133,California,ACC,2.29,111.5,90,109.2,219,69.7,111,12/22/24 0:00
134,George Washington,A10,2.26,108.3,144,106,149,69.2,135,12/22/24 0:00
135,Middle Tennessee,CUSA,2.2,106.9,168,104.7,128,68.7,162,12/22/24 0:00
136,Belmont,MVC,2.2,112.7,72,110.5,247,72.4,20,12/22/24 0:00
137,Seton Hall,BE,2.06,100.5,292,98.5,42,63.2,358,12/22/24 0:00
138,Purdue Fort Wayne,Horz,1.98,113.8,60,111.8,280,69.4,124,12/22/24 0:00
139,Sam Houston St.,CUSA,1.96,112.7,71,110.7,255,69.7,110,12/22/24 0:00
140,UAB,Amer,1.79,112.1,84,110.3,242,70.8,60,12/22/24 0:00
141,Akron,MAC,1.67,108.2,146,106.5,158,71.5,45,12/22/24 0:00
142,Wofford,SC,1.34,111.1,98,109.8,231,64.8,335,12/22/24 0:00
143,UTEP,CUSA,1.3,105,206,103.7,112,69.4,127,12/22/24 0:00
144,Montana St.,BSky,0.89,109.1,134,108.2,195,67.5,223,12/22/24 0:00
145,UNC Greensboro,SC,0.77,105.3,202,104.5,126,64.9,332,12/22/24 0:00
146,Columbia,Ivy,0.67,110.8,105,110.1,240,68.9,154,12/22/24 0:00
147,Cal Baptist,WAC,0.52,111.5,92,111,264,65.7,302,12/22/24 0:00
148,South Alabama,SB,0.31,105.8,185,105.5,137,64.5,338,12/22/24 0:00
149,Northeastern,CAA,0.16,103.9,224,103.8,116,69.6,117,12/22/24 0:00
150,Virginia Tech,ACC,0.06,105.8,184,105.8,143,65,330,12/22/24 0:00
151,North Alabama,ASun,0.03,107.2,160,107.2,178,68.5,169,12/22/24 0:00
152,Jacksonville St.,CUSA,0.03,111,101,110.9,263,66.2,278,12/22/24 0:00
153,Seattle,WAC,-0.04,108.1,149,108.2,196,67.1,239,12/22/24 0:00
154,CSUN,BW,-0.04,104.7,213,104.7,129,73,13,12/22/24 0:00
155,James Madison,SB,-0.11,108.3,141,108.5,205,66.3,272,12/22/24 0:00
156,La Salle,A10,-0.12,106.1,178,106.2,154,70.8,61,12/22/24 0:00
157,Utah Valley,WAC,-0.14,103.3,241,103.4,108,69.5,121,12/22/24 0:00
158,Northern Colorado,BSky,-0.18,109.3,131,109.5,225,71.2,52,12/22/24 0:00
159,Illinois St.,MVC,-0.19,109.5,125,109.7,229,66.2,279,12/22/24 0:00
160,Ohio,MAC,-0.24,109.8,122,110.1,239,70.6,70,12/22/24 0:00
,,,,,Strength of Schedule,NCSOS,,,,12/22/24 0:00
Rk,Team,Conf,NetRtg,ORtg,DRtg,AdjT,Luck,NetRtg,ORtg,12/22/24 0:00
161,Loyola Marymount,WCC,-0.28,104.5,219,104.7,130,67.9,204,12/22/24 0:00
162,Saint Louis,A10,-0.4,111.3,95,111.7,277,68.9,153,12/22/24 0:00
163,Elon,CAA,-0.54,107.2,161,107.7,188,66.1,282,12/22/24 0:00
164,Wright St.,Horz,-0.63,110.4,113,111,265,68.1,193,12/22/24 0:00
165,Hofstra,CAA,-0.71,102.4,257,103.1,104,65.2,324,12/22/24 0:00
166,Duquesne,A10,-0.82,103.4,237,104.2,122,65.2,323,12/22/24 0:00
167,Longwood,BSth,-0.86,104.7,212,105.6,139,69.2,132,12/22/24 0:00
168,Norfolk St.,MEAC,-0.87,107.5,156,108.4,204,66.6,257,12/22/24 0:00
169,Wyoming,MWC,-0.9,104.5,218,105.4,134,66,285,12/22/24 0:00
170,Appalachian St.,SB,-0.91,102.6,255,103.5,110,65.1,327,12/22/24 0:00
171,UC Riverside,BW,-0.99,105.9,183,106.9,170,67.9,206,12/22/24 0:00
172,Boston College,ACC,-1.02,107,163,108.1,192,67.3,228,12/22/24 0:00
173,Drexel,CAA,-1.11,105.7,190,106.8,167,64.2,343,12/22/24 0:00
174,UT Arlington,WAC,-1.23,109.4,127,110.7,252,70.6,72,12/22/24 0:00
175,Chattanooga,SC,-1.23,109.3,132,110.5,248,67.2,235,12/22/24 0:00
176,Brown,Ivy,-1.25,106.8,169,108,191,65.5,312,12/22/24 0:00
177,East Carolina,Amer,-1.27,106,182,107.3,181,66.1,284,12/22/24 0:00
178,UNC Asheville,BSth,-1.28,109.4,129,110.7,254,67.2,232,12/22/24 0:00
179,Florida Gulf Coast,ASun,-1.38,106.9,167,108.3,199,64.6,337,12/22/24 0:00
180,South Florida,Amer,-1.41,107.4,159,108.8,212,69.2,134,12/22/24 0:00
181,Indiana St.,MVC,-1.45,110.6,109,112,288,73.1,12,12/22/24 0:00
182,Radford,BSth,-1.51,108.1,150,109.6,226,65.1,328,12/22/24 0:00
183,Bryant,AE,-1.55,106.7,170,108.2,197,74.2,5,12/22/24 0:00
184,Winthrop,BSth,-1.57,106,180,107.6,186,74.2,4,12/22/24 0:00
185,Texas A&M Corpus Chris,Slnd,-1.58,107,164,108.6,208,69.6,116,12/22/24 0:00
186,Hawaii,BW,-1.66,105.3,201,107,173,66.2,274,12/22/24 0:00
187,Jacksonville,ASun,-1.77,102,265,103.8,115,69.6,115,12/22/24 0:00
188,Merrimack,MAAC,-1.79,102.3,259,104.1,120,65.5,316,12/22/24 0:00
189,Lamar,Slnd,-1.8,103.8,231,105.6,140,67.1,238,12/22/24 0:00
190,North Florida,ASun,-2.01,112.2,82,114.2,325,71.9,31,12/22/24 0:00
191,Fordham,A10,-2.03,104.6,214,106.7,164,71.6,41,12/22/24 0:00
192,Marshall,SB,-2.04,105.4,200,107.4,183,70,96,12/22/24 0:00
193,Rice,Amer,-2.17,103.8,229,106,147,67,242,12/22/24 0:00
194,San Jose St.,MWC,-2.31,107.5,157,109.8,232,66,290,12/22/24 0:00
195,Missouri St.,MVC,-2.5,103.8,228,106.3,157,66.6,258,12/22/24 0:00
196,Southern Illinois,MVC,-2.5,104.1,221,106.6,160,70.5,74,12/22/24 0:00
197,Montana,BSky,-2.62,108.1,148,110.8,257,69.3,129,12/22/24 0:00
198,Miami OH,MAC,-2.62,104.6,215,107.2,180,68.8,158,12/22/24 0:00
199,Charlotte,Amer,-2.91,107.8,153,110.7,253,64.3,342,12/22/24 0:00
200,New Mexico St.,CUSA,-3.08,103.5,234,106.6,162,67.8,209,12/22/24 0:00
,,,,,Strength of Schedule,NCSOS,,,,12/22/24 0:00
Rk,Team,Conf,NetRtg,ORtg,DRtg,AdjT,Luck,NetRtg,ORtg,12/22/24 0:00
201,Northern Kentucky,Horz,-3.16,100.6,289,103.8,117,66.3,269,12/22/24 0:00
202,Youngstown St.,Horz,-3.28,98.8,325,102.1,90,69.8,105,12/22/24 0:00
203,Tulane,Amer,-3.44,104.9,208,108.4,201,68.2,190,12/22/24 0:00
204,Illinois Chicago,MVC,-3.45,105.4,197,108.9,213,70.3,85,12/22/24 0:00
205,Central Connecticut,NEC,-3.53,100.9,285,104.4,124,65.8,299,12/22/24 0:00
206,Massachusetts,A10,-3.58,104.1,222,107.7,187,71.9,33,12/22/24 0:00
207,Pepperdine,WCC,-3.72,103.8,230,107.5,185,69.9,102,12/22/24 0:00
208,Kennesaw St.,CUSA,-3.83,104.4,220,108.2,198,72.6,18,12/22/24 0:00
209,Saint Peter's,MAAC,-3.88,102.5,256,106.3,155,63.1,359,12/22/24 0:00
210,Southern Utah,WAC,-3.93,105.2,203,109.2,217,70,97,12/22/24 0:00
211,Cleveland St.,Horz,-3.96,102.2,262,106.2,153,67.4,225,12/22/24 0:00
212,Abilene Christian,WAC,-4.01,102.6,252,106.7,163,68.8,161,12/22/24 0:00
213,Oakland,Horz,-4.14,105,205,109.2,216,63.3,357,12/22/24 0:00
214,William & Mary,CAA,-4.25,110.9,103,115.2,340,71.6,40,12/22/24 0:00
215,Maine,AE,-4.3,101.7,273,106,148,68,198,12/22/24 0:00
216,Southeastern Louisiana,Slnd,-4.45,99.7,307,104.2,121,68.5,168,12/22/24 0:00
217,Little Rock,OVC,-4.5,99.2,317,103.7,113,67.7,210,12/22/24 0:00
218,Toledo,MAC,-4.52,109.9,120,114.4,330,70.8,65,12/22/24 0:00
219,Richmond,A10,-4.52,104.9,207,109.4,224,67.2,234,12/22/24 0:00
220,Stephen F. Austin,Slnd,-4.57,96.2,347,100.8,71,66.2,277,12/22/24 0:00
221,Valparaiso,MVC,-4.6,106.9,166,111.5,274,70.2,87,12/22/24 0:00
222,Gardner Webb,BSth,-4.7,106.1,179,110.8,256,70.4,78,12/22/24 0:00
223,Central Michigan,MAC,-4.76,102.1,263,106.9,169,69.2,136,12/22/24 0:00
224,Weber St.,BSky,-4.77,106.3,176,111,266,65.6,308,12/22/24 0:00
225,UC Davis,BW,-4.85,97.4,340,102.2,91,71.3,47,12/22/24 0:00
226,Albany,AE,-4.94,105.7,191,110.6,251,70.5,76,12/22/24 0:00
227,Southern,SWAC,-5.04,101.1,284,106.1,152,68.9,151,12/22/24 0:00
228,Eastern Kentucky,ASun,-5.06,107.5,158,112.5,296,69.3,128,12/22/24 0:00
229,Kansas City,Sum,-5.16,103.5,235,108.6,210,66.1,283,12/22/24 0:00
230,UT Rio Grande Valley,Slnd,-5.16,105.7,189,110.8,259,71.1,53,12/22/24 0:00
231,UTSA,Amer,-5.18,105.6,194,110.8,258,72,28,12/22/24 0:00
232,Towson,CAA,-5.25,102.1,264,107.3,182,63.6,354,12/22/24 0:00
233,Marist,MAAC,-5.46,103.1,243,108.6,207,64,349,12/22/24 0:00
234,South Dakota,Sum,-5.65,111.6,87,117.3,356,74.4,3,12/22/24 0:00
235,Mount St. Mary's,MAAC,-5.73,101.3,283,107,174,69.2,138,12/22/24 0:00
236,UMBC,AE,-5.91,106.4,173,112.3,293,72.3,21,12/22/24 0:00
237,Nicholls,Slnd,-6,102.4,258,108.4,202,69.1,140,12/22/24 0:00
238,American,PL,-6,104.9,210,110.9,260,64.1,346,12/22/24 0:00
239,Delaware,CAA,-6.05,107.2,162,113.2,314,70.7,66,12/22/24 0:00
240,Vermont,AE,-6.08,99.2,318,105.2,132,64.2,344,12/22/24 0:00
,,,,,Strength of Schedule,NCSOS,,,,12/22/24 0:00
Rk,Team,Conf,NetRtg,ORtg,DRtg,AdjT,Luck,NetRtg,ORtg,12/22/24 0:00
241,Cal St. Bakersfield,BW,-6.1,103.3,240,109.4,222,64.9,331,12/22/24 0:00
242,Mercer,SC,-6.17,104.9,209,111.1,267,71.9,29,12/22/24 0:00
243,Hampton,CAA,-6.37,103.4,238,109.8,230,65.5,311,12/22/24 0:00
244,Georgia Southern,SB,-6.44,100.8,287,107.2,179,72.7,16,12/22/24 0:00
245,Robert Morris,Horz,-6.44,99.5,310,106,146,70,101,12/22/24 0:00
246,Cal Poly,BW,-6.55,105.4,199,112,286,76.2,1,12/22/24 0:00
247,Idaho St.,BSky,-6.63,101.7,274,108.3,200,65.7,306,12/22/24 0:00
248,South Carolina St.,MEAC,-6.82,100.3,295,107.1,176,68.2,191,12/22/24 0:00
249,Portland St.,BSky,-6.89,103.5,236,110.4,244,71.2,51,12/22/24 0:00
250,Boston University,PL,-6.92,103.6,232,110.5,249,63.6,355,12/22/24 0:00
251,Lehigh,PL,-6.97,105.7,192,112.6,298,67.7,211,12/22/24 0:00
252,Tulsa,Amer,-7.08,102.8,250,109.9,236,68.5,171,12/22/24 0:00
253,Quinnipiac,MAAC,-7.16,101.6,279,108.7,211,70.9,59,12/22/24 0:00
254,Colgate,PL,-7.3,102.9,249,110.2,241,66.1,280,12/22/24 0:00
255,Presbyterian,BSth,-7.36,104.5,217,111.8,283,65.8,300,12/22/24 0:00
256,Howard,MEAC,-7.38,105.7,193,113,311,68.5,170,12/22/24 0:00
257,FIU,CUSA,-7.57,99,322,106.6,159,70.1,93,12/22/24 0:00
258,Eastern Washington,BSky,-7.63,106.6,172,114.3,327,68.3,179,12/22/24 0:00
259,Bucknell,PL,-7.66,98.3,333,106,145,68.6,167,12/22/24 0:00
260,Idaho,BSky,-7.75,108.3,142,116.1,350,66.2,275,12/22/24 0:00
261,Northern Arizona,BSky,-7.82,105.7,188,113.5,317,67.5,221,12/22/24 0:00
262,Manhattan,MAAC,-7.89,106.4,174,114.3,328,70,100,12/22/24 0:00
263,Northwestern St.,Slnd,-8.03,101.9,268,109.9,237,65.3,319,12/22/24 0:00
264,Queens,ASun,-8.05,101.8,271,109.8,234,70.2,90,12/22/24 0:00
265,Ball St.,MAC,-8.16,102.8,251,110.9,262,66.9,245,12/22/24 0:00
266,Bethune Cookman,SWAC,-8.27,97.8,336,106.1,151,69.6,113,12/22/24 0:00
267,Southeast Missouri,OVC,-8.34,100.1,297,108.5,206,70.6,68,12/22/24 0:00
268,Iona,MAAC,-8.5,99.5,313,108,190,69.6,119,12/22/24 0:00
269,SIUE,OVC,-8.66,99.5,314,108.1,194,66.8,251,12/22/24 0:00
270,Harvard,Ivy,-8.72,100.6,288,109.4,221,67.6,219,12/22/24 0:00
271,Army,PL,-8.83,105.6,195,114.5,331,66.8,252,12/22/24 0:00
272,Georgia St.,SB,-8.98,101.6,275,110.6,250,70.3,84,12/22/24 0:00
273,Alabama St.,SWAC,-9,105.1,204,114.1,322,70.1,95,12/22/24 0:00
274,Incarnate Word,Slnd,-9.1,106.2,177,115.3,343,66.4,266,12/22/24 0:00
275,Sacred Heart,MAAC,-9.15,102.6,254,111.8,279,69.5,122,12/22/24 0:00
276,Fresno St.,MWC,-9.23,97.1,342,106.3,156,74.2,6,12/22/24 0:00
277,Monmouth,CAA,-9.24,103.1,244,112.3,294,68.3,182,12/22/24 0:00
278,Lafayette,PL,-9.44,99.7,308,109.1,214,66.9,247,12/22/24 0:00
279,Air Force,MWC,-9.46,101.9,267,111.3,270,63.5,356,12/22/24 0:00
280,Coastal Carolina,SB,-9.47,101.6,277,111.1,268,63.7,352,12/22/24 0:00
,,,,,Strength of Schedule,NCSOS,,,,12/22/24 0:00
Rk,Team,Conf,NetRtg,ORtg,DRtg,AdjT,Luck,NetRtg,ORtg,12/22/24 0:00
281,Austin Peay,ASun,-9.57,96.3,345,105.9,144,64.5,339,12/22/24 0:00
282,Dartmouth,Ivy,-9.57,99.8,304,109.4,223,71,57,12/22/24 0:00
283,Southern Miss,SB,-9.62,100,300,109.6,227,69.2,137,12/22/24 0:00
284,Long Beach St.,BW,-9.68,103.1,245,112.8,303,65,329,12/22/24 0:00
285,North Dakota,Sum,-9.9,105.7,186,115.6,346,68.9,150,12/22/24 0:00
286,Bowling Green,MAC,-9.9,103.4,239,113.3,315,70.8,62,12/22/24 0:00
287,North Carolina Central,MEAC,-10.08,103.8,227,113.9,320,66.9,244,12/22/24 0:00
288,Siena,MAAC,-10.13,99.8,306,109.9,238,64.8,336,12/22/24 0:00
289,Tennessee Martin,OVC,-10.17,98.4,331,108.6,209,68.2,186,12/22/24 0:00
290,Utah Tech,WAC,-10.28,102.6,253,112.9,308,67.6,216,12/22/24 0:00
291,Western Michigan,MAC,-10.29,103,246,113.3,316,67,241,12/22/24 0:00
292,Cal St. Fullerton,BW,-10.45,98.9,324,109.3,220,65.3,321,12/22/24 0:00
293,Pacific,WCC,-10.51,100,301,110.5,246,68.6,166,12/22/24 0:00
294,Morehead St.,OVC,-10.66,101.6,276,112.3,292,66.8,248,12/22/24 0:00
295,Charleston Southern,BSth,-10.71,102.2,260,112.9,309,69.4,126,12/22/24 0:00
296,Campbell,CAA,-10.74,98.9,323,109.6,228,67.1,237,12/22/24 0:00
297,Tarleton St.,WAC,-10.78,95.8,352,106.6,161,66,287,12/22/24 0:00
298,Louisiana,SB,-10.94,102.9,247,113.9,319,68.3,183,12/22/24 0:00
299,Grambling St.,SWAC,-10.98,100.6,290,111.6,276,66.5,259,12/22/24 0:00
300,Nebraska Omaha,Sum,-11.04,101.9,266,112.9,306,67.5,222,12/22/24 0:00
301,San Diego,WCC,-11.09,96,349,107.1,175,71.9,30,12/22/24 0:00
302,Penn,Ivy,-11.24,102.9,248,114.2,323,65.4,318,12/22/24 0:00
303,Loyola MD,PL,-11.39,99.9,302,111.3,271,68.2,189,12/22/24 0:00
304,Oral Roberts,Sum,-11.58,103.6,233,115.2,339,68.9,147,12/22/24 0:00
305,Jackson St.,SWAC,-11.67,95.2,355,106.8,168,69.5,120,12/22/24 0:00
306,Stonehill,NEC,-11.8,100,299,111.8,282,65.5,314,12/22/24 0:00
307,Holy Cross,PL,-11.9,103.9,225,115.8,347,65.6,307,12/22/24 0:00
308,Fairfield,MAAC,-12,104,223,116,349,67.2,229,12/22/24 0:00
309,Eastern Michigan,MAC,-12.01,101.7,272,113.8,318,67.7,214,12/22/24 0:00
310,Texas Southern,SWAC,-12.07,97.8,337,109.9,235,71.2,50,12/22/24 0:00
311,Wagner,NEC,-12.58,93.1,360,105.7,142,61.8,363,12/22/24 0:00
312,Stony Brook,CAA,-12.68,101.6,278,114.3,329,67.2,236,12/22/24 0:00
313,Rider,MAAC,-12.78,100.3,294,113.1,312,64.2,345,12/22/24 0:00
314,Delaware St.,MEAC,-12.82,99.3,316,112.2,290,70,98,12/22/24 0:00
315,Portland,WCC,-12.83,99,321,111.9,284,70.1,92,12/22/24 0:00
316,Detroit Mercy,Horz,-12.87,99.1,320,112,287,67.9,205,12/22/24 0:00
317,Binghamton,AE,-12.91,99.8,305,112.7,302,65.2,325,12/22/24 0:00
318,Western Carolina,SC,-13.02,96.2,348,109.2,218,72.1,24,12/22/24 0:00
319,Old Dominion,SB,-13.07,99.9,303,113,310,68.8,159,12/22/24 0:00
320,Tennessee St.,OVC,-13.1,99.6,309,112.7,299,72,27,12/22/24 0:00
,,,,,Strength of Schedule,NCSOS,,,,12/22/24 0:00
Rk,Team,Conf,NetRtg,ORtg,DRtg,AdjT,Luck,NetRtg,ORtg,12/22/24 0:00
321,Tennessee Tech,OVC,-13.16,101.5,280,114.6,333,68.4,176,12/22/24 0:00
322,North Carolina A&T,CAA,-13.17,100.8,286,114,321,74.1,8,12/22/24 0:00
323,Green Bay,Horz,-13.34,103.9,226,117.2,355,70.8,63,12/22/24 0:00
324,Evansville,MVC,-13.37,98.6,329,112,285,68,201,12/22/24 0:00
325,Southern Indiana,OVC,-13.53,99.1,319,112.7,301,66.9,246,12/22/24 0:00
326,Denver,Sum,-13.66,101.9,269,115.5,345,66.8,249,12/22/24 0:00
327,Niagara,MAAC,-13.87,101.4,282,115.2,342,64.3,341,12/22/24 0:00
328,Navy,PL,-14.03,101.4,281,115.4,344,68.9,149,12/22/24 0:00
329,Eastern Illinois,OVC,-14.04,97.6,339,111.6,275,66.8,250,12/22/24 0:00
330,Fairleigh Dickinson,NEC,-14.21,102.2,261,116.4,352,71,55,12/22/24 0:00
331,Saint Francis,NEC,-14.21,100,298,114.2,326,69.3,131,12/22/24 0:00
332,Le Moyne,NEC,-14.21,98.6,328,112.8,304,69.6,114,12/22/24 0:00
333,Buffalo,MAC,-14.47,100.4,293,114.8,335,69.8,107,12/22/24 0:00
334,Western Illinois,OVC,-15.04,99.5,312,114.5,332,64,350,12/22/24 0:00
335,LIU,NEC,-15.19,95.2,354,110.4,243,68.4,177,12/22/24 0:00
336,Prairie View A&M,SWAC,-15.45,104.8,211,120.3,361,72.9,14,12/22/24 0:00
337,VMI,SC,-15.48,99.5,311,115,336,68.3,181,12/22/24 0:00
338,West Georgia,ASun,-15.66,98.5,330,114.2,324,67.6,217,12/22/24 0:00
339,Central Arkansas,ASun,-15.84,97.1,343,112.9,307,68,199,12/22/24 0:00
340,Louisiana Monroe,SB,-16.07,96,350,112,289,68.3,185,12/22/24 0:00
341,Lindenwood,OVC,-16.12,96.4,344,112.5,295,69,142,12/22/24 0:00
342,Sacramento St.,BSky,-16.17,95.4,353,111.5,273,65.9,296,12/22/24 0:00
343,Alcorn St.,SWAC,-16.92,98.2,334,115.1,338,66.6,254,12/22/24 0:00
344,USC Upstate,BSth,-16.96,97.8,338,114.7,334,74,9,12/22/24 0:00
345,New Orleans,Slnd,-16.98,98.1,335,115.1,337,69.8,106,12/22/24 0:00
346,IU Indy,Horz,-16.99,101.8,270,118.8,358,66.4,265,12/22/24 0:00
347,Houston Christian,Slnd,-17.23,98.8,327,116,348,66,289,12/22/24 0:00
348,Morgan St.,MEAC,-17.34,100.3,296,117.7,357,71.4,46,12/22/24 0:00
349,Bellarmine,ASun,-17.45,103.2,242,120.6,363,67.4,226,12/22/24 0:00
350,Stetson,ASun,-17.79,99.4,315,117.2,354,68.9,155,12/22/24 0:00
351,East Texas A&M,Slnd,-17.86,94.4,357,112.3,291,69.4,123,12/22/24 0:00
352,Florida A&M,SWAC,-17.87,93.9,358,111.8,281,69.8,104,12/22/24 0:00
353,Northern Illinois,MAC,-18.1,95.1,356,113.2,313,70.1,94,12/22/24 0:00
354,NJIT,AE,-18.59,93.2,359,111.8,278,65.9,292,12/22/24 0:00
355,Mercyhurst,NEC,-19.08,97.1,341,116.2,351,64.8,333,12/22/24 0:00
356,The Citadel,SC,-19.39,95.8,351,115.2,341,65.9,293,12/22/24 0:00
357,Canisius,MAAC,-19.86,100.6,291,120.4,362,65.7,305,12/22/24 0:00
358,Maryland Eastern Shore,MEAC,-20.59,98.4,332,119,359,67.9,203,12/22/24 0:00
359,Alabama A&M,SWAC,-20.64,96.2,346,116.9,353,71.5,43,12/22/24 0:00
360,New Hampshire,AE,-20.73,91.8,361,112.6,297,68,197,12/22/24 0:00
,,,,,Strength of Schedule,NCSOS,,,,12/22/24 0:00
Rk,Team,Conf,NetRtg,ORtg,DRtg,AdjT,Luck,NetRtg,ORtg,12/22/24 0:00
361,Chicago St.,NEC,-21.99,90.9,362,112.9,305,70.3,83,12/22/24 0:00
362,Coppin St.,MEAC,-24.19,88.5,363,112.7,300,67.6,220,12/22/24 0:00
363,Arkansas Pine Bluff,SWAC,-24.65,98.8,326,123.5,364,72.8,15,12/22/24 0:00
364,Mississippi Valley St.,SWAC,-32.99,87.1,364,120.1,360,65.5,313,12/22/24 0:00
1,Auburn,SEC,36.31,131.2,1,94.9,10,68.6,177,12/23/24 0:00
2,Duke,ACC,32.63,121,12,88.4,1,66.5,265,12/23/24 0:00
3,Tennessee,SEC,31.55,120.2,14,88.6,2,66.5,268,12/23/24 0:00
4,Houston,B12,30.97,121,11,90,3,62.8,361,12/23/24 0:00
5,Iowa St.,B12,29.13,124.4,4,95.2,14,70.7,77,12/23/24 0:00
6,Gonzaga,WCC,28.47,124.8,3,96.3,24,71.2,54,12/23/24 0:00
7,Florida,SEC,27.36,123,6,95.6,18,70.5,85,12/23/24 0:00
8,Kansas,B12,24.6,118.3,26,93.7,8,70,106,12/23/24 0:00
9,Alabama,SEC,24.45,123,7,98.5,43,74.4,6,12/23/24 0:00
10,Marquette,BE,23.94,119.8,16,95.8,19,68.8,166,12/23/24 0:00
11,Maryland,B10,23.6,117.2,35,93.7,6,70.7,75,12/23/24 0:00
12,St. John's,BE,22.7,117.9,29,95.1,13,71,65,12/23/24 0:00
13,Texas Tech,B12,22.61,120.4,13,97.8,35,67.3,240,12/23/24 0:00
14,Oregon,B10,22.43,119,20,96.5,25,69,157,12/23/24 0:00
15,Connecticut,BE,22.29,124.9,2,102.6,98,65.6,320,12/23/24 0:00
16,UCLA,B10,22.28,114,59,91.7,4,66.9,251,12/23/24 0:00
17,Baylor,B12,22.06,123.7,5,101.6,83,66.4,278,12/23/24 0:00
18,Michigan St.,B10,22.05,117.6,32,95.6,15,68.5,182,12/23/24 0:00
19,Mississippi St.,SEC,22,119.7,17,97.7,34,68.6,175,12/23/24 0:00
20,Texas A&M,SEC,21.99,115.6,43,93.7,7,67.4,230,12/23/24 0:00
21,Cincinnati,B12,21.97,115.1,50,93.2,5,66.4,269,12/23/24 0:00
22,Michigan,B10,21.94,117.8,30,95.9,22,70.6,78,12/23/24 0:00
23,Illinois,B10,21.82,116.9,37,95.1,11,72,36,12/23/24 0:00
24,Arizona,B12,21.77,117.6,33,95.8,20,71.7,43,12/23/24 0:00
25,Pittsburgh,ACC,21.31,119.5,19,98.2,38,69,154,12/23/24 0:00
26,Kentucky,SEC,20.66,121,10,100.4,62,72,35,12/23/24 0:00
27,Purdue,B10,20.62,121.6,9,101,73,66,295,12/23/24 0:00
28,North Carolina,ACC,20.15,118.8,22,98.7,45,74.6,2,12/23/24 0:00
29,Ohio St.,B10,20.09,118.4,25,98.4,41,68.2,199,12/23/24 0:00
30,Mississippi,SEC,19.83,118.5,24,98.7,48,68.2,203,12/23/24 0:00
31,Clemson,ACC,19.05,116.3,40,97.2,29,66.1,288,12/23/24 0:00
32,Dayton,A10,18.88,119.6,18,100.8,69,65.8,311,12/23/24 0:00
33,Wisconsin,B10,18.55,120,15,101.4,79,68.7,174,12/23/24 0:00
34,Penn St.,B10,18.23,116.9,36,98.7,47,72.3,26,12/23/24 0:00
35,Texas,SEC,17.99,115.3,47,97.3,30,68,210,12/23/24 0:00
36,San Diego St.,MWC,17.69,112.8,71,95.1,12,66.5,267,12/23/24 0:00
37,Oklahoma,SEC,17.65,118.2,27,100.5,66,68.6,179,12/23/24 0:00
38,Georgia,SEC,17.32,114.7,54,97.4,31,67.3,238,12/23/24 0:00
39,SMU,ACC,16.97,118.7,23,101.7,84,70.5,83,12/23/24 0:00
40,BYU,B12,16.96,118,28,101,75,69.2,146,12/23/24 0:00
,,,,,Strength of Schedule,NCSOS,,,,12/23/24 0:00
Rk,Team,Conf,NetRtg,ORtg,DRtg,AdjT,Luck,NetRtg,ORtg,12/23/24 0:00
41,Arkansas,SEC,16.85,113.9,60,97.1,27,70.4,89,12/23/24 0:00
42,Memphis,Amer,16.85,116.6,39,99.8,54,70.7,72,12/23/24 0:00
43,Iowa,B10,16.53,118.9,21,102.4,93,71.9,38,12/23/24 0:00
44,Saint Mary's,WCC,16.25,115.8,42,99.5,52,63.9,351,12/23/24 0:00
45,Utah St.,MWC,15.92,115.4,46,99.5,51,70.7,73,12/23/24 0:00
46,VCU,A10,15.81,110.6,110,94.8,9,68,208,12/23/24 0:00
47,West Virginia,B12,15.73,112.3,79,96.6,26,66.8,255,12/23/24 0:00
48,Nebraska,B10,15.45,111.6,90,96.1,23,69.8,120,12/23/24 0:00
49,Northwestern,B10,15.42,111.1,101,95.6,17,66,294,12/23/24 0:00
50,Louisville,ACC,15.05,115.5,45,100.5,64,69,159,12/23/24 0:00
51,Missouri,SEC,14.94,117.7,31,102.8,100,69.1,149,12/23/24 0:00
52,Vanderbilt,SEC,14.88,117.4,34,102.5,97,72,32,12/23/24 0:00
53,Creighton,BE,14.86,115.1,49,100.3,61,69.8,119,12/23/24 0:00
54,Villanova,BE,14.74,122.8,8,108.1,191,64.6,342,12/23/24 0:00
55,Indiana,B10,14.49,114.9,52,100.4,63,71.1,59,12/23/24 0:00
56,Nevada,MWC,14.49,115.9,41,101.5,80,64.2,348,12/23/24 0:00
57,Xavier,BE,14.31,114.8,53,100.5,65,69.5,128,12/23/24 0:00
58,Boise St.,MWC,14.28,114.2,56,99.9,57,68.7,172,12/23/24 0:00
59,Arizona St.,B12,14.12,112.6,74,98.4,42,69.2,145,12/23/24 0:00
60,LSU,SEC,13.5,112.1,83,98.6,44,69.9,113,12/23/24 0:00
61,Oregon St.,WCC,13.46,111.1,98,97.6,33,66.3,280,12/23/24 0:00
62,San Francisco,WCC,13.41,110.6,109,97.2,28,68.3,198,12/23/24 0:00
63,Utah,B12,12.47,113.3,64,100.8,70,71.9,40,12/23/24 0:00
64,South Carolina,SEC,12.42,112.3,80,99.9,56,66.9,254,12/23/24 0:00
65,Liberty,CUSA,12.38,111.1,100,98.7,46,64.2,347,12/23/24 0:00
66,Georgetown,BE,11.9,110.7,108,98.8,49,69.4,135,12/23/24 0:00
67,New Mexico,MWC,11.45,113.5,62,102.1,89,74.3,8,12/23/24 0:00
68,UC Irvine,BW,11.35,107.3,159,95.9,21,70.2,95,12/23/24 0:00
69,Butler,BE,11.19,114.1,58,102.9,101,67.9,211,12/23/24 0:00
70,Florida St.,ACC,11.03,111.6,88,100.6,67,70.9,68,12/23/24 0:00
71,North Texas,Amer,10.92,108.5,136,97.6,32,63.5,356,12/23/24 0:00
72,Bradley,MVC,10.88,115.6,44,104.7,128,66.5,264,12/23/24 0:00
73,Santa Clara,WCC,10.81,113.8,61,103,103,69.3,144,12/23/24 0:00
74,TCU,B12,10.67,106.3,176,95.6,16,68.6,176,12/23/24 0:00
75,UCF,B12,10.57,111.5,93,100.9,72,70.1,105,12/23/24 0:00
76,Washington St.,WCC,10.48,111.6,89,101.1,76,71.9,39,12/23/24 0:00
77,Colorado,B12,10.38,110,121,99.6,53,68.4,189,12/23/24 0:00
78,Drake,MVC,10.33,110.4,114,100.1,59,62.5,362,12/23/24 0:00
79,Providence,BE,10.32,110.3,117,100,58,64.9,335,12/23/24 0:00
80,St. Bonaventure,A10,10.31,108.4,141,98.1,37,66.3,281,12/23/24 0:00
,,,,,Strength of Schedule,NCSOS,,,,12/23/24 0:00
Rk,Team,Conf,NetRtg,ORtg,DRtg,AdjT,Luck,NetRtg,ORtg,12/23/24 0:00
81,USC,B10,10.29,111.3,95,101,74,68.8,163,12/23/24 0:00
82,UC San Diego,BW,10.25,112.1,84,101.9,87,67.5,228,12/23/24 0:00
83,George Mason,A10,10.02,108.2,144,98.2,39,67,246,12/23/24 0:00
84,Rutgers,B10,9.83,113.2,66,103.3,107,71.2,57,12/23/24 0:00
85,N.C. State,ACC,9.52,111.5,91,102,88,66.4,275,12/23/24 0:00
86,Notre Dame,ACC,9.51,112.9,70,103.4,108,66.4,272,12/23/24 0:00
87,Saint Joseph's,A10,9.05,110.3,118,101.2,77,70.3,92,12/23/24 0:00
88,McNeese,Slnd,8.9,110.4,116,101.5,81,65.8,308,12/23/24 0:00
89,Rhode Island,A10,8.52,111.2,97,102.6,99,72.8,16,12/23/24 0:00
90,Kansas St.,B12,8.44,110.9,103,102.4,96,68.8,168,12/23/24 0:00
91,Washington,B10,8.41,108.6,135,100.2,60,69.4,136,12/23/24 0:00
92,Florida Atlantic,Amer,8.04,115.1,51,107,173,72.6,18,12/23/24 0:00
93,Stanford,ACC,7.95,113,69,105.1,133,67.8,216,12/23/24 0:00
94,Yale,Ivy,7.83,113.4,63,105.6,137,68.4,190,12/23/24 0:00
95,Lipscomb,ASun,7.46,109,132,101.5,82,68,207,12/23/24 0:00
96,Colorado St.,MWC,7.45,108.8,134,101.3,78,68.3,195,12/23/24 0:00
97,Northern Iowa,MVC,7.36,113.1,68,105.7,140,65.5,322,12/23/24 0:00
98,Arkansas St.,SB,7.13,109,133,101.8,86,71.5,49,12/23/24 0:00
99,Wake Forest,ACC,6.91,105.7,195,98.8,50,66.7,259,12/23/24 0:00
100,Louisiana Tech,CUSA,6.77,110.6,111,103.8,114,65.8,312,12/23/24 0:00
101,Virginia,ACC,6.74,105.1,208,98.3,40,61.4,364,12/23/24 0:00
102,UNLV,MWC,6.66,110.8,105,104.2,121,65.9,301,12/23/24 0:00
103,DePaul,BE,6.59,110.7,106,104.1,119,69,155,12/23/24 0:00
104,Oklahoma St.,B12,6.56,109.7,124,103.2,104,72.2,28,12/23/24 0:00
105,Wichita St.,Amer,6.47,109.4,129,103,102,71.5,48,12/23/24 0:00
106,Grand Canyon,WAC,6.17,108.5,139,102.3,92,72.3,23,12/23/24 0:00
107,Loyola Chicago,A10,5.87,108.1,147,102.3,91,69.1,153,12/23/24 0:00
108,Miami FL,ACC,5.69,116.8,38,111.1,266,66.8,258,12/23/24 0:00
109,Syracuse,ACC,5.59,112.4,78,106.8,166,70.5,80,12/23/24 0:00
110,Princeton,Ivy,5.44,112.4,76,107,172,68.2,200,12/23/24 0:00
111,Western Kentucky,CUSA,5.18,105.9,188,100.7,68,73.6,11,12/23/24 0:00
112,Davidson,A10,4.96,112.3,81,107.3,180,67.1,243,12/23/24 0:00
113,Georgia Tech,ACC,4.64,108.4,142,103.7,111,70.7,74,12/23/24 0:00
114,Furman,SC,4.58,107.8,151,103.2,105,65.9,298,12/23/24 0:00
115,Minnesota,B10,4.56,106.4,173,101.8,85,63.1,360,12/23/24 0:00
116,Troy,SB,4.38,106.7,169,102.4,94,67.4,231,12/23/24 0:00
117,High Point,BSth,4.3,114.7,55,110.3,240,66.6,261,12/23/24 0:00
118,South Dakota St.,Sum,4.14,109.7,125,105.5,136,69.9,112,12/23/24 0:00
119,Murray St.,MVC,4.12,108,150,103.9,116,66,292,12/23/24 0:00
120,Texas St.,SB,4.01,110.2,120,106.2,149,65.7,318,12/23/24 0:00
,,,,,Strength of Schedule,NCSOS,,,,12/23/24 0:00
Rk,Team,Conf,NetRtg,ORtg,DRtg,AdjT,Luck,NetRtg,ORtg,12/23/24 0:00
121,Kent St.,MAC,3.88,103.6,230,99.8,55,65.8,310,12/23/24 0:00
122,Samford,SC,3.77,115.2,48,111.5,274,72.3,22,12/23/24 0:00
123,St. Thomas,Sum,3.53,112,85,108.5,201,69.3,140,12/23/24 0:00
124,Temple,Amer,3.46,107.8,152,104.3,123,69.2,147,12/23/24 0:00
125,North Dakota St.,Sum,3.3,114.2,57,110.9,256,65.3,325,12/23/24 0:00
126,Charleston,CAA,2.68,107.6,154,104.9,131,71.2,55,12/23/24 0:00
127,Milwaukee,Horz,2.67,110.2,119,107.5,183,70.2,100,12/23/24 0:00
128,Cornell,Ivy,2.59,112.5,75,110,233,71.6,45,12/23/24 0:00
129,Belmont,MVC,2.35,112.8,72,110.4,242,72.6,19,12/23/24 0:00
130,UMass Lowell,AE,2.34,112.1,82,109.8,228,72,37,12/23/24 0:00
131,East Tennessee St.,SC,2.32,109.2,131,106.9,169,67.6,225,12/23/24 0:00
132,California,ACC,2.31,111.7,87,109.4,219,69.8,118,12/23/24 0:00
133,UNC Wilmington,CAA,2.29,110.4,113,108.2,192,67.9,214,12/23/24 0:00
134,George Washington,A10,2.29,108.5,140,106.2,148,69.3,141,12/23/24 0:00
135,Seton Hall,BE,2.13,100.2,299,98.1,36,63.4,357,12/23/24 0:00
136,Middle Tennessee,CUSA,2.12,107,167,104.9,130,68.9,161,12/23/24 0:00
137,Sam Houston St.,CUSA,1.9,112.7,73,110.8,252,69.9,114,12/23/24 0:00
138,UAB,Amer,1.81,113.1,67,111.3,270,70.9,66,12/23/24 0:00
139,UC Santa Barbara,BW,1.65,108.1,149,106.4,156,65.8,309,12/23/24 0:00
140,Akron,MAC,1.61,108.2,145,106.6,160,71.7,44,12/23/24 0:00
141,Wofford,SC,1.27,111.2,96,110,234,65,334,12/23/24 0:00
142,UTEP,CUSA,1.24,105,210,103.8,112,69.6,124,12/23/24 0:00
143,Purdue Fort Wayne,Horz,1.08,113.2,65,112.2,285,69.5,133,12/23/24 0:00
144,UNC Greensboro,SC,0.81,105.4,204,104.6,127,65.1,332,12/23/24 0:00
145,Illinois St.,MVC,0.68,110.4,115,109.7,227,66.2,286,12/23/24 0:00
146,Columbia,Ivy,0.67,110.8,104,110.2,239,69.1,152,12/23/24 0:00
147,Loyola Marymount,WCC,0.64,105.4,203,104.8,129,68.4,193,12/23/24 0:00
148,Cal Baptist,WAC,0.48,111.5,92,111,261,65.9,302,12/23/24 0:00
149,South Alabama,SB,0.44,105.9,185,105.5,135,64.7,339,12/23/24 0:00
150,Saint Louis,A10,0.32,111.3,94,111,258,68.7,171,12/23/24 0:00
151,Virginia Tech,ACC,0.19,106,184,105.8,141,65.2,329,12/23/24 0:00
152,Northeastern,CAA,0.1,104,224,103.9,117,69.8,121,12/23/24 0:00
153,Jacksonville St.,CUSA,0.07,111.1,99,111,260,66.3,279,12/23/24 0:00
154,James Madison,SB,-0.01,108.5,137,108.5,203,66.4,271,12/23/24 0:00
155,Seattle,WAC,-0.05,108.2,146,108.2,195,67.2,241,12/23/24 0:00
156,CSUN,BW,-0.15,104.8,215,104.9,132,73.1,13,12/23/24 0:00
157,La Salle,A10,-0.16,106.1,179,106.3,153,71,60,12/23/24 0:00
158,Hawaii,BW,-0.17,106,183,106.2,150,66.8,257,12/23/24 0:00
159,Ohio,MAC,-0.17,109.9,123,110.1,237,70.8,70,12/23/24 0:00
160,Utah Valley,WAC,-0.18,103.4,238,103.6,109,69.7,123,12/23/24 0:00
,,,,,Strength of Schedule,NCSOS,,,,12/23/24 0:00
Rk,Team,Conf,NetRtg,ORtg,DRtg,AdjT,Luck,NetRtg,ORtg,12/23/24 0:00
161,Northern Colorado,BSky,-0.2,109.5,128,109.7,224,71.4,51,12/23/24 0:00
162,Wright St.,Horz,-0.5,110.6,112,111.1,262,68.3,197,12/23/24 0:00
163,Montana St.,BSky,-0.56,108.1,148,108.7,206,67.7,222,12/23/24 0:00
164,Hofstra,CAA,-0.6,102.6,254,103.2,106,65.4,323,12/23/24 0:00
165,Elon,CAA,-0.62,107.2,160,107.9,187,66.2,283,12/23/24 0:00
166,Wyoming,MWC,-0.66,105.8,191,106.5,157,65.9,297,12/23/24 0:00
167,Longwood,BSth,-0.77,104.8,214,105.6,138,69.4,134,12/23/24 0:00
168,Duquesne,A10,-0.79,103.5,234,104.3,124,65.4,324,12/23/24 0:00
169,Boston College,ACC,-0.83,107.2,163,108,188,67.5,229,12/23/24 0:00
170,Appalachian St.,SB,-0.93,102.7,251,103.6,110,65.3,327,12/23/24 0:00
171,Norfolk St.,MEAC,-0.98,107.6,155,108.6,204,66.8,256,12/23/24 0:00
172,Missouri St.,MVC,-0.99,104.9,212,105.9,143,66.1,290,12/23/24 0:00
173,UC Riverside,BW,-1.08,105.8,193,106.9,168,68.2,204,12/23/24 0:00
174,North Alabama,ASun,-1.09,107.3,158,108.4,198,68.7,169,12/23/24 0:00
175,UNC Asheville,BSth,-1.13,109.6,127,110.7,248,67.3,239,12/23/24 0:00
176,UT Arlington,WAC,-1.19,109.6,126,110.8,251,70.8,71,12/23/24 0:00
177,East Carolina,Amer,-1.21,106.1,178,107.3,181,66.2,284,12/23/24 0:00
178,Chattanooga,SC,-1.28,109.4,130,110.7,247,67.3,234,12/23/24 0:00
179,Florida Gulf Coast,ASun,-1.32,107.1,164,108.4,200,64.8,338,12/23/24 0:00
180,Drexel,CAA,-1.36,105.7,198,107.1,174,64.4,345,12/23/24 0:00
181,Indiana St.,MVC,-1.38,110.7,107,112.1,283,73.3,12,12/23/24 0:00
182,Rice,Amer,-1.4,103.1,244,104.5,125,66.4,273,12/23/24 0:00
183,South Florida,Amer,-1.44,107.5,157,108.9,212,69.3,139,12/23/24 0:00
184,Texas A&M Corpus Chris,Slnd,-1.54,107.2,162,108.7,209,69.8,115,12/23/24 0:00
185,Winthrop,BSth,-1.56,106.1,180,107.7,185,74.4,5,12/23/24 0:00
186,Miami OH,MAC,-1.69,105.5,200,107.2,177,69.6,126,12/23/24 0:00
187,Jacksonville,ASun,-1.78,102.1,264,103.8,115,69.8,117,12/23/24 0:00
188,Lamar,Slnd,-1.81,103.9,226,105.7,139,67.3,236,12/23/24 0:00
189,Merrimack,MAAC,-1.83,102.4,258,104.2,122,65.6,319,12/23/24 0:00
190,North Florida,ASun,-1.84,112.4,77,114.3,322,72.1,29,12/23/24 0:00
191,Brown,Ivy,-1.88,106.2,177,108.1,190,65.8,307,12/23/24 0:00
192,Marshall,SB,-2.02,105.5,201,107.5,182,70.2,98,12/23/24 0:00
193,Fordham,A10,-2.04,104.7,216,106.7,164,71.8,41,12/23/24 0:00
194,Bryant,AE,-2.1,105.9,186,108,189,74.4,7,12/23/24 0:00
195,San Jose St.,MWC,-2.25,107.6,153,109.9,230,66.2,287,12/23/24 0:00
196,Southern Illinois,MVC,-2.54,104.2,220,106.7,163,70.7,76,12/23/24 0:00
197,Montana,BSky,-2.54,108.3,143,110.8,253,69.5,131,12/23/24 0:00
198,Radford,BSth,-2.55,107,166,109.5,222,65.3,326,12/23/24 0:00
199,New Mexico St.,CUSA,-3.08,103.6,232,106.7,162,68,209,12/23/24 0:00
200,Northern Kentucky,Horz,-3.12,100.8,289,103.9,118,66.5,266,12/23/24 0:00
,,,,,Strength of Schedule,NCSOS,,,,12/23/24 0:00
Rk,Team,Conf,NetRtg,ORtg,DRtg,AdjT,Luck,NetRtg,ORtg,12/23/24 0:00
201,Youngstown St.,Horz,-3.22,98.9,326,102.1,90,70,108,12/23/24 0:00
202,Oakland,Horz,-3.26,106.1,182,109.3,217,63.3,358,12/23/24 0:00
203,Tulane,Amer,-3.31,105,211,108.3,196,68.3,194,12/23/24 0:00
204,Illinois Chicago,MVC,-3.45,105.5,199,109,213,70.5,84,12/23/24 0:00
205,Central Connecticut,NEC,-3.51,101,285,104.6,126,65.9,299,12/23/24 0:00
206,Massachusetts,A10,-3.62,104.1,222,107.7,186,72,34,12/23/24 0:00
207,Pepperdine,WCC,-3.76,103.8,229,107.5,184,70.1,101,12/23/24 0:00
208,Kennesaw St.,CUSA,-3.83,104.5,217,108.4,199,72.8,17,12/23/24 0:00
209,Saint Peter's,MAAC,-3.84,102.5,256,106.4,155,63.3,359,12/23/24 0:00
210,Cleveland St.,Horz,-3.87,102.4,259,106.3,152,67.6,227,12/23/24 0:00
211,Southern Utah,WAC,-4,105.2,206,109.2,214,70.2,99,12/23/24 0:00
212,Abilene Christian,WAC,-4.16,102.7,252,106.8,167,68.9,162,12/23/24 0:00
213,Charlotte,Amer,-4.25,107,168,111.2,268,64.8,337,12/23/24 0:00
214,Toledo,MAC,-4.43,110,122,114.4,328,71,64,12/23/24 0:00
215,Maine,AE,-4.45,101.8,274,106.2,151,68.2,202,12/23/24 0:00
216,Southeastern Louisiana,Slnd,-4.46,99.7,310,104.2,120,68.8,164,12/23/24 0:00
217,William & Mary,CAA,-4.47,111,102,115.5,343,72,33,12/23/24 0:00
218,Little Rock,OVC,-4.48,99.3,319,103.8,113,67.9,215,12/23/24 0:00
219,Stephen F. Austin,Slnd,-4.56,96.3,347,100.8,71,66.4,277,12/23/24 0:00
220,Valparaiso,MVC,-4.58,107,165,111.6,276,70.4,87,12/23/24 0:00
221,Weber St.,BSky,-4.61,106.5,172,111.1,264,65.7,315,12/23/24 0:00
222,Central Michigan,MAC,-4.68,102.3,262,106.9,171,69.3,142,12/23/24 0:00
223,Richmond,A10,-4.68,104.9,213,109.6,223,67.3,233,12/23/24 0:00
224,Gardner Webb,BSth,-4.8,106.1,181,110.9,255,70.6,79,12/23/24 0:00
225,Towson,CAA,-4.91,101.8,270,106.8,165,63.7,354,12/23/24 0:00
226,UC Davis,BW,-4.97,97.4,340,102.4,95,71.5,47,12/23/24 0:00
227,Eastern Kentucky,ASun,-5.09,107.5,156,112.6,296,69.5,127,12/23/24 0:00
228,Albany,AE,-5.11,105.7,197,110.8,254,70.5,82,12/23/24 0:00
229,UT Rio Grande Valley,Slnd,-5.14,105.9,189,111,259,71.3,53,12/23/24 0:00
230,UTSA,Amer,-5.19,105.7,196,110.9,257,72.3,25,12/23/24 0:00
231,Kansas City,Sum,-5.25,103.5,235,108.7,211,66.2,282,12/23/24 0:00
232,American,PL,-5.31,105.3,205,110.6,246,64.5,344,12/23/24 0:00
233,Marist,MAAC,-5.62,103.1,246,108.7,208,64.1,349,12/23/24 0:00
234,South Dakota,Sum,-5.65,111.7,86,117.4,356,74.6,3,12/23/24 0:00
235,Mount St. Mary's,MAAC,-5.77,101.4,284,107.2,175,69.3,138,12/23/24 0:00
236,Nicholls,Slnd,-5.85,102.7,253,108.5,202,69.3,143,12/23/24 0:00
237,UMBC,AE,-5.87,106.6,171,112.5,294,72.5,20,12/23/24 0:00
238,Mercer,SC,-6.04,105.1,209,111.1,265,72,31,12/23/24 0:00
239,Cal St. Bakersfield,BW,-6.1,103.4,239,109.5,221,65.1,331,12/23/24 0:00
240,Vermont,AE,-6.1,99.1,322,105.2,134,64.4,346,12/23/24 0:00
,,,,,Strength of Schedule,NCSOS,,,,12/23/24 0:00
Rk,Team,Conf,NetRtg,ORtg,DRtg,AdjT,Luck,NetRtg,ORtg,12/23/24 0:00
241,Delaware,CAA,-6.11,107.2,161,113.3,313,70.9,67,12/23/24 0:00
242,Southern,SWAC,-6.11,99.9,306,106.1,145,69.5,129,12/23/24 0:00
243,Hampton,CAA,-6.35,103.5,236,109.8,229,65.7,316,12/23/24 0:00
244,Georgia Southern,SB,-6.45,100.8,288,107.3,179,72.8,15,12/23/24 0:00
245,Robert Morris,Horz,-6.5,99.6,314,106.1,146,70.1,102,12/23/24 0:00
246,Idaho St.,BSky,-6.57,101.7,276,108.3,197,65.8,306,12/23/24 0:00
247,Cal Poly,BW,-6.67,105.4,202,112.1,284,76.4,1,12/23/24 0:00
248,South Carolina St.,MEAC,-6.72,100.5,294,107.2,176,68.4,191,12/23/24 0:00
249,Portland St.,BSky,-6.89,103.6,233,110.5,243,71.4,52,12/23/24 0:00
250,Boston University,PL,-6.99,103.6,231,110.6,245,63.8,353,12/23/24 0:00
251,Lehigh,PL,-7.01,105.8,194,112.8,301,67.9,213,12/23/24 0:00
252,Tulsa,Amer,-7.15,102.9,249,110,236,68.7,170,12/23/24 0:00
253,Quinnipiac,MAAC,-7.23,101.5,281,108.7,210,71,61,12/23/24 0:00
254,Howard,MEAC,-7.32,105.8,192,113.1,308,68.7,173,12/23/24 0:00
255,Presbyterian,BSth,-7.43,104.5,218,112,281,65.9,300,12/23/24 0:00
256,FIU,CUSA,-7.52,99.2,321,106.7,161,70.4,88,12/23/24 0:00
257,Eastern Washington,BSky,-7.7,106.7,170,114.4,324,68.5,180,12/23/24 0:00
258,Idaho,BSky,-7.74,108.5,138,116.2,350,66.4,274,12/23/24 0:00
259,Northern Arizona,BSky,-7.76,105.9,190,113.6,316,67.7,221,12/23/24 0:00
260,Bucknell,PL,-7.8,98.3,335,106.1,147,68.8,167,12/23/24 0:00
261,Iona,MAAC,-7.85,100.4,296,108.2,194,69.9,111,12/23/24 0:00
262,Queens,ASun,-8.06,101.9,269,109.9,231,70.4,91,12/23/24 0:00
263,Northwestern St.,Slnd,-8.08,102,265,110.1,238,65.5,321,12/23/24 0:00
264,Manhattan,MAAC,-8.13,106.4,174,114.5,330,70.1,104,12/23/24 0:00
265,Ball St.,MAC,-8.19,102.9,248,111.1,263,67.1,244,12/23/24 0:00
266,Colgate,PL,-8.26,103,247,111.2,269,66.4,276,12/23/24 0:00
267,Bethune Cookman,SWAC,-8.32,98,336,106.3,154,69.8,116,12/23/24 0:00
268,Southeast Missouri,OVC,-8.39,100.3,297,108.7,207,70.8,69,12/23/24 0:00
269,SIUE,OVC,-8.65,99.5,315,108.2,193,66.9,252,12/23/24 0:00
270,Harvard,Ivy,-8.79,100.6,291,109.3,218,67.7,220,12/23/24 0:00
271,Alabama St.,SWAC,-9.05,105.1,207,114.2,321,70.2,97,12/23/24 0:00
272,Georgia St.,SB,-9.1,101.6,279,110.7,249,70.4,86,12/23/24 0:00
273,Incarnate Word,Slnd,-9.15,106.3,175,115.5,342,66.7,260,12/23/24 0:00
274,Monmouth,CAA,-9.23,103.2,240,112.5,295,68.5,185,12/23/24 0:00
275,Fresno St.,MWC,-9.34,97.2,341,106.6,158,74.5,4,12/23/24 0:00
276,Air Force,MWC,-9.42,101.9,266,111.3,271,63.6,355,12/23/24 0:00
277,Coastal Carolina,SB,-9.43,101.7,277,111.1,267,63.9,352,12/23/24 0:00
278,Lafayette,PL,-9.44,99.8,308,109.3,216,67,250,12/23/24 0:00
279,Austin Peay,ASun,-9.58,96.4,345,105.9,144,64.7,340,12/23/24 0:00
280,Long Beach St.,BW,-9.59,103.1,243,112.7,299,65.2,328,12/23/24 0:00
,,,,,Strength of Schedule,NCSOS,,,,12/23/24 0:00
Rk,Team,Conf,NetRtg,ORtg,DRtg,AdjT,Luck,NetRtg,ORtg,12/23/24 0:00
281,Dartmouth,Ivy,-9.64,99.8,309,109.4,220,71.1,58,12/23/24 0:00
282,Southern Miss,SB,-9.71,100,304,109.7,225,69.4,137,12/23/24 0:00
283,Sacred Heart,MAAC,-9.78,102.6,255,112.4,292,70.1,103,12/23/24 0:00
284,North Dakota,Sum,-9.79,105.9,187,115.7,347,69,158,12/23/24 0:00
285,Bowling Green,MAC,-9.86,103.5,237,113.3,312,71,63,12/23/24 0:00
286,Siena,MAAC,-10.11,99.9,307,110,235,64.9,336,12/23/24 0:00
287,North Carolina Central,MEAC,-10.13,104,223,114.1,320,67,247,12/23/24 0:00
288,Utah Tech,WAC,-10.19,102.7,250,112.9,303,67.8,217,12/23/24 0:00
289,Tennessee Martin,OVC,-10.2,98.4,333,108.6,205,68.4,188,12/23/24 0:00
290,Western Michigan,MAC,-10.27,103.1,245,113.4,314,67.2,242,12/23/24 0:00
291,Pacific,WCC,-10.33,100,302,110.4,241,68.8,165,12/23/24 0:00
292,Charleston Southern,BSth,-10.44,102.5,257,112.9,304,69.5,130,12/23/24 0:00
293,Cal St. Fullerton,BW,-10.51,100.2,298,110.7,250,65.1,330,12/23/24 0:00
294,Army,PL,-10.6,104.2,219,114.8,335,67.8,218,12/23/24 0:00
295,Morehead St.,OVC,-10.63,101.7,275,112.4,290,67,248,12/23/24 0:00
296,Tarleton St.,WAC,-10.72,95.9,352,106.6,159,66.2,285,12/23/24 0:00
297,Campbell,CAA,-10.78,98.9,325,109.7,226,67.3,235,12/23/24 0:00
298,Louisiana,SB,-10.89,102.3,261,113.2,309,68.3,196,12/23/24 0:00
299,Oral Roberts,Sum,-11.11,104.1,221,115.2,338,69.1,150,12/23/24 0:00
300,San Diego,WCC,-11.15,96.1,350,107.2,178,72.1,30,12/23/24 0:00
301,Nebraska Omaha,Sum,-11.17,101.9,268,113.1,305,67.7,223,12/23/24 0:00
302,Loyola MD,PL,-11.38,100,303,111.4,272,68.4,192,12/23/24 0:00
303,Binghamton,AE,-11.47,100.1,301,111.6,275,66,296,12/23/24 0:00
304,Jackson St.,SWAC,-11.6,95.3,355,106.9,170,69.7,122,12/23/24 0:00
305,Grambling St.,SWAC,-11.64,100.5,292,112.2,286,66.5,263,12/23/24 0:00
306,Stonehill,NEC,-11.76,101.8,271,113.6,315,65.8,305,12/23/24 0:00
307,Eastern Michigan,MAC,-12.03,101.8,272,113.9,317,67.9,212,12/23/24 0:00
308,Holy Cross,PL,-12.06,103.8,228,115.9,348,65.8,313,12/23/24 0:00
309,Texas Southern,SWAC,-12.06,97.9,338,109.9,232,71.4,50,12/23/24 0:00
310,Fairfield,MAAC,-12.1,103.9,225,116,349,67.4,232,12/23/24 0:00
311,Penn,Ivy,-12.29,102.2,263,114.5,329,65.8,304,12/23/24 0:00
312,Wagner,NEC,-12.62,93.2,361,105.9,142,62,363,12/23/24 0:00
313,Stony Brook,CAA,-12.74,101.7,278,114.4,326,67.3,237,12/23/24 0:00
314,Detroit Mercy,Horz,-12.87,98.6,329,111.4,273,68,205,12/23/24 0:00
315,Delaware St.,MEAC,-12.87,99.4,318,112.3,288,70.2,96,12/23/24 0:00
316,Portland,WCC,-12.98,99.1,323,112.1,282,70.4,90,12/23/24 0:00
317,Western Carolina,SC,-12.99,96.3,346,109.3,215,72.3,21,12/23/24 0:00
318,North Carolina A&T,CAA,-13.1,100.9,286,114,319,74.3,9,12/23/24 0:00
319,Tennessee St.,OVC,-13.11,99.6,312,112.7,298,72.3,24,12/23/24 0:00
320,Old Dominion,SB,-13.13,100,305,113.1,307,68.9,160,12/23/24 0:00
,,,,,Strength of Schedule,NCSOS,,,,12/23/24 0:00
Rk,Team,Conf,NetRtg,ORtg,DRtg,AdjT,Luck,NetRtg,ORtg,12/23/24 0:00
321,Tennessee Tech,OVC,-13.27,101.5,282,114.7,333,68.6,178,12/23/24 0:00
322,Green Bay,Horz,-13.44,103.9,227,117.3,355,71,62,12/23/24 0:00
323,Rider,MAAC,-13.47,100.4,295,113.9,318,64.7,341,12/23/24 0:00
324,Evansville,MVC,-13.54,98.7,327,112.3,289,68.2,201,12/23/24 0:00
325,Southern Indiana,OVC,-13.59,99.2,320,112.8,302,67.1,245,12/23/24 0:00
326,Denver,Sum,-13.76,101.8,273,115.6,344,67,249,12/23/24 0:00
327,Niagara,MAAC,-13.79,101.6,280,115.4,341,64.5,343,12/23/24 0:00
328,Eastern Illinois,OVC,-14.03,97.6,339,111.7,278,66.9,253,12/23/24 0:00
329,Navy,PL,-14.17,101.4,283,115.6,345,69.1,151,12/23/24 0:00
330,Saint Francis,NEC,-14.3,100.1,300,114.4,327,69.5,132,12/23/24 0:00
331,Fairleigh Dickinson,NEC,-14.32,102.4,260,116.7,352,71.2,56,12/23/24 0:00
332,Buffalo,MAC,-14.48,100.5,293,114.9,336,69.9,110,12/23/24 0:00
333,Le Moyne,NEC,-14.78,98.5,331,113.3,311,70,109,12/23/24 0:00
334,Western Illinois,OVC,-15.02,99.6,311,114.6,332,64.1,350,12/23/24 0:00
335,LIU,NEC,-15.16,95.3,354,110.5,244,68.5,186,12/23/24 0:00
336,VMI,SC,-15.48,99.6,313,115.1,337,68.5,184,12/23/24 0:00
337,Central Arkansas,ASun,-15.53,97.2,342,112.7,300,68.5,181,12/23/24 0:00
338,West Georgia,ASun,-15.76,98.6,330,114.3,323,67.8,219,12/23/24 0:00
339,Lindenwood,OVC,-16.06,96.4,344,112.4,293,69.1,148,12/23/24 0:00
340,Louisiana Monroe,SB,-16.08,96.1,349,112.2,287,68.5,183,12/23/24 0:00
341,Prairie View A&M,SWAC,-16.13,103.2,241,119.3,360,72.2,27,12/23/24 0:00
342,Sacramento St.,BSky,-16.14,95.5,353,111.7,277,66,293,12/23/24 0:00
343,New Orleans,Slnd,-16.19,98.4,334,114.6,331,70.3,93,12/23/24 0:00
344,USC Upstate,BSth,-16.86,97.9,337,114.8,334,74.2,10,12/23/24 0:00
345,Houston Christian,Slnd,-16.9,98.7,328,115.6,346,65.7,317,12/23/24 0:00
346,Morgan St.,MEAC,-16.94,100.9,287,117.8,357,71.6,46,12/23/24 0:00
347,Alcorn St.,SWAC,-16.95,99.5,317,116.4,351,66.4,270,12/23/24 0:00
348,IU Indy,Horz,-17.03,101.9,267,118.9,358,66.6,262,12/23/24 0:00
349,Bellarmine,ASun,-17.43,103.2,242,120.6,363,67.6,226,12/23/24 0:00
350,Florida A&M,SWAC,-17.75,94,358,111.8,279,70,107,12/23/24 0:00
351,Stetson,ASun,-17.81,99.5,316,117.3,354,69,156,12/23/24 0:00
352,East Texas A&M,Slnd,-17.98,94.4,357,112.4,291,69.6,125,12/23/24 0:00
353,Northern Illinois,MAC,-18.05,95.2,356,113.2,310,70.3,94,12/23/24 0:00
354,Mercyhurst,NEC,-18.56,96.7,343,115.3,339,65,333,12/23/24 0:00
355,NJIT,AE,-18.63,93.2,360,111.9,280,66.1,289,12/23/24 0:00
356,The Citadel,SC,-19.36,96,351,115.4,340,66,291,12/23/24 0:00
357,Canisius,MAAC,-19.92,100.6,290,120.6,362,65.9,303,12/23/24 0:00
358,Alabama A&M,SWAC,-20.66,96.3,348,116.9,353,71.7,42,12/23/24 0:00
359,Maryland Eastern Shore,MEAC,-20.67,98.5,332,119.2,359,68,206,12/23/24 0:00
360,New Hampshire,AE,-20.84,93.6,359,114.4,325,68.4,187,12/23/24 0:00
,,,,,Strength of Schedule,NCSOS,,,,12/23/24 0:00
Rk,Team,Conf,NetRtg,ORtg,DRtg,AdjT,Luck,NetRtg,ORtg,12/23/24 0:00
361,Chicago St.,NEC,-22.11,91,362,113.1,306,70.5,81,12/23/24 0:00
362,Coppin St.,MEAC,-24.21,88.5,363,112.7,297,67.7,224,12/23/24 0:00
363,Arkansas Pine Bluff,SWAC,-24.59,98.9,324,123.5,364,72.9,14,12/23/24 0:00
364,Mississippi Valley St.,SWAC,-33.1,87.2,364,120.3,361,65.8,314,12/23/24 0:00
1,Auburn,SEC,36.32,131,1,94.7,10,68.6,177,12/24/24 0:00
2,Duke,ACC,32.71,120.8,10,88.1,1,66.4,266,12/24/24 0:00
3,Tennessee,SEC,31.22,119.8,14,88.6,2,66.7,257,12/24/24 0:00
4,Houston,B12,30.98,120.8,12,89.8,3,62.7,361,12/24/24 0:00
5,Iowa St.,B12,29.12,124.2,4,95,14,70.6,76,12/24/24 0:00
6,Gonzaga,WCC,28.46,124.6,3,96.1,24,71.2,55,12/24/24 0:00
7,Florida,SEC,27.36,122.8,6,95.4,17,70.4,84,12/24/24 0:00
8,Kansas,B12,24.64,118.1,26,93.5,8,70,106,12/24/24 0:00
9,Alabama,SEC,24.45,122.8,7,98.3,43,74.3,7,12/24/24 0:00
10,Marquette,BE,23.95,119.6,16,95.6,20,68.7,165,12/24/24 0:00
11,Maryland,B10,23.59,117,35,93.5,6,70.6,73,12/24/24 0:00
12,St. John's,BE,22.7,117.7,29,95,12,70.9,65,12/24/24 0:00
13,Texas Tech,B12,22.62,120.2,13,97.6,34,67.2,241,12/24/24 0:00
14,Oregon,B10,22.38,118.7,20,96.3,25,69,157,12/24/24 0:00
15,Connecticut,BE,22.29,124.7,2,102.4,98,65.5,321,12/24/24 0:00
16,Michigan St.,B10,22.16,117.5,32,95.3,15,68.5,178,12/24/24 0:00
17,UCLA,B10,22.13,113.7,60,91.6,4,66.8,253,12/24/24 0:00
18,Baylor,B12,22.03,123.5,5,101.5,83,66.3,278,12/24/24 0:00
19,Mississippi St.,SEC,22.01,119.5,17,97.5,33,68.6,175,12/24/24 0:00
20,Texas A&M,SEC,21.99,115.4,43,93.5,7,67.4,231,12/24/24 0:00
21,Cincinnati,B12,21.97,114.9,52,92.9,5,66.4,269,12/24/24 0:00
22,Michigan,B10,21.93,117.6,30,95.7,23,70.6,77,12/24/24 0:00
23,Illinois,B10,21.82,116.6,37,94.8,11,71.9,36,12/24/24 0:00
24,Arizona,B12,21.77,117.4,33,95.7,21,71.7,41,12/24/24 0:00
25,Pittsburgh,ACC,21.27,119.2,19,98,37,68.9,158,12/24/24 0:00
26,Kentucky,SEC,20.67,120.8,11,100.2,61,71.9,35,12/24/24 0:00
27,Purdue,B10,20.62,121.4,9,100.8,73,65.9,296,12/24/24 0:00
28,North Carolina,ACC,20.11,118.6,22,98.5,46,74.6,2,12/24/24 0:00
29,Ohio St.,B10,20.09,118.3,25,98.2,40,68.2,198,12/24/24 0:00
30,Mississippi,SEC,19.82,118.3,24,98.5,48,68.1,203,12/24/24 0:00
31,Clemson,ACC,19.04,116.1,40,97,28,66.1,288,12/24/24 0:00
32,Dayton,A10,18.89,119.4,18,100.6,68,65.7,311,12/24/24 0:00
33,Wisconsin,B10,18.55,119.8,15,101.2,79,68.6,174,12/24/24 0:00
34,Penn St.,B10,18.23,116.7,36,98.5,47,72.2,25,12/24/24 0:00
35,Texas,SEC,17.99,115.1,48,97.1,29,67.9,210,12/24/24 0:00
36,San Diego St.,MWC,17.68,112.6,71,95,13,66.4,265,12/24/24 0:00
37,Oklahoma,SEC,17.64,118,27,100.3,65,68.5,180,12/24/24 0:00
38,Georgia,SEC,17.33,114.5,55,97.2,31,67.2,239,12/24/24 0:00
39,SMU,ACC,16.96,118.5,23,101.5,84,70.4,82,12/24/24 0:00
40,BYU,B12,16.94,117.8,28,100.8,74,69.1,149,12/24/24 0:00
,,,,,Strength of Schedule,NCSOS,,,,12/24/24 0:00
Rk,Team,Conf,NetRtg,ORtg,DRtg,AdjT,Luck,NetRtg,ORtg,12/24/24 0:00
41,Memphis,Amer,16.85,116.4,39,99.6,54,70.6,72,12/24/24 0:00
42,Arkansas,SEC,16.85,113.7,59,96.9,27,70.3,88,12/24/24 0:00
43,Iowa,B10,16.52,118.7,21,102.2,93,71.9,38,12/24/24 0:00
44,Saint Mary's,WCC,16.28,115.6,42,99.3,52,63.9,351,12/24/24 0:00
45,Nebraska,B10,16.09,111.4,89,95.3,16,69.2,141,12/24/24 0:00
46,Utah St.,MWC,15.96,115.2,46,99.2,51,70.6,74,12/24/24 0:00
47,VCU,A10,15.79,110.4,110,94.6,9,68,205,12/24/24 0:00
48,West Virginia,B12,15.72,112.1,79,96.4,26,66.7,256,12/24/24 0:00
49,Northwestern,B10,15.43,110.9,101,95.4,19,65.9,293,12/24/24 0:00
50,Louisville,ACC,15.04,115.3,45,100.3,63,68.9,160,12/24/24 0:00
51,Missouri,SEC,14.93,117.5,31,102.6,100,69.1,151,12/24/24 0:00
52,Creighton,BE,14.9,115,50,100.1,60,69.8,117,12/24/24 0:00
53,Vanderbilt,SEC,14.87,117.2,34,102.3,97,72,32,12/24/24 0:00
54,Villanova,BE,14.74,122.6,8,107.9,192,64.5,342,12/24/24 0:00
55,Indiana,B10,14.54,114.7,53,100.2,62,71.1,59,12/24/24 0:00
56,Nevada,MWC,14.36,115.7,41,101.3,82,64.1,347,12/24/24 0:00
57,Xavier,BE,14.31,114.6,54,100.3,64,69.4,129,12/24/24 0:00
58,Boise St.,MWC,14.29,114,57,99.7,57,68.6,172,12/24/24 0:00
59,Arizona St.,B12,14.11,112.4,74,98.3,42,69.1,146,12/24/24 0:00
60,LSU,SEC,13.49,111.9,82,98.5,45,69.8,113,12/24/24 0:00
61,San Francisco,WCC,13.33,110.4,108,97.1,30,68.1,199,12/24/24 0:00
62,Oregon St.,WCC,13.16,111.3,92,98.2,41,66.2,279,12/24/24 0:00
63,Liberty,CUSA,12.6,111,99,98.4,44,64.1,349,12/24/24 0:00
64,Utah,B12,12.46,113.1,64,100.6,69,71.8,40,12/24/24 0:00
65,South Carolina,SEC,12.42,112.1,80,99.7,56,66.8,254,12/24/24 0:00
66,Georgetown,BE,11.9,110.5,107,98.6,49,69.3,136,12/24/24 0:00
67,New Mexico,MWC,11.42,113.3,62,101.9,91,74.2,9,12/24/24 0:00
68,Butler,BE,11.3,113.9,58,102.6,101,67.8,211,12/24/24 0:00
69,UC Irvine,BW,11.26,107,163,95.7,22,70.1,98,12/24/24 0:00
70,Florida St.,ACC,11.03,111.4,87,100.4,66,70.8,67,12/24/24 0:00
71,Bradley,MVC,10.9,115.4,44,104.5,129,66.5,264,12/24/24 0:00
72,North Texas,Amer,10.9,108.3,137,97.4,32,63.4,356,12/24/24 0:00
73,Santa Clara,WCC,10.78,113.6,61,102.8,103,69.1,147,12/24/24 0:00
74,TCU,B12,10.65,106.1,177,95.4,18,68.6,176,12/24/24 0:00
75,UCF,B12,10.57,111.3,94,100.7,72,70,105,12/24/24 0:00
76,Colorado,B12,10.38,109.8,121,99.4,53,68.3,189,12/24/24 0:00
77,Providence,BE,10.33,110.1,118,99.8,58,64.9,335,12/24/24 0:00
78,Washington St.,WCC,10.33,111.4,90,101,76,71.8,39,12/24/24 0:00
79,Drake,MVC,10.32,110.2,115,99.9,59,62.5,362,12/24/24 0:00
80,St. Bonaventure,A10,10.3,108.2,141,97.9,36,66.2,280,12/24/24 0:00
,,,,,Strength of Schedule,NCSOS,,,,12/24/24 0:00
Rk,Team,Conf,NetRtg,ORtg,DRtg,AdjT,Luck,NetRtg,ORtg,12/24/24 0:00
81,UC San Diego,BW,10.27,111.9,83,101.7,87,67.4,230,12/24/24 0:00
82,USC,B10,10.16,111,97,100.9,75,68.7,166,12/24/24 0:00
83,George Mason,A10,10.03,108,144,98,38,67,247,12/24/24 0:00
84,Rutgers,B10,9.83,112.9,66,103.1,107,71.1,57,12/24/24 0:00
85,N.C. State,ACC,9.52,111.4,91,101.8,88,66.3,275,12/24/24 0:00
86,Notre Dame,ACC,9.51,112.7,70,103.2,108,66.4,270,12/24/24 0:00
87,Saint Joseph's,A10,9.11,110.2,117,101,77,70.2,93,12/24/24 0:00
88,McNeese,Slnd,8.92,110.2,116,101.3,80,65.8,307,12/24/24 0:00
89,Rhode Island,A10,8.62,111,98,102.4,99,72.7,17,12/24/24 0:00
90,Kansas St.,B12,8.46,110.7,103,102.2,95,68.7,168,12/24/24 0:00
91,Florida Atlantic,Amer,8.1,115,49,106.9,173,72.5,18,12/24/24 0:00
92,Stanford,ACC,7.93,112.8,69,104.9,133,67.7,216,12/24/24 0:00
93,Yale,Ivy,7.85,113.2,63,105.4,137,68.4,187,12/24/24 0:00
94,Lipscomb,ASun,7.5,108.8,132,101.3,81,67.9,208,12/24/24 0:00
95,Northern Iowa,MVC,7.35,112.9,68,105.5,140,65.4,324,12/24/24 0:00
96,Colorado St.,MWC,7.31,108.5,135,101.2,78,68.2,197,12/24/24 0:00
97,Arkansas St.,SB,7.13,108.8,133,101.6,86,71.4,50,12/24/24 0:00
98,Wake Forest,ACC,6.91,105.5,194,98.6,50,66.6,259,12/24/24 0:00
99,Louisiana Tech,CUSA,6.78,110.4,111,103.6,115,65.7,312,12/24/24 0:00
100,Virginia,ACC,6.72,104.9,210,98.2,39,61.3,364,12/24/24 0:00
101,UNLV,MWC,6.66,110.6,105,104,121,65.8,301,12/24/24 0:00
102,DePaul,BE,6.6,110.5,106,103.9,119,69,156,12/24/24 0:00
103,Washington,B10,6.58,107.3,156,100.7,71,69.7,121,12/24/24 0:00
104,Oklahoma St.,B12,6.56,109.5,124,103,105,72.2,28,12/24/24 0:00
105,Wichita St.,Amer,6.47,109.2,129,102.8,102,71.5,48,12/24/24 0:00
106,Grand Canyon,WAC,6.11,108.3,139,102.1,92,72.3,21,12/24/24 0:00
107,Miami FL,ACC,5.68,116.6,38,110.9,267,66.7,258,12/24/24 0:00
108,Syracuse,ACC,5.58,112.2,78,106.6,168,70.5,80,12/24/24 0:00
109,Princeton,Ivy,5.37,112.3,76,106.9,174,68.1,201,12/24/24 0:00
110,Western Kentucky,CUSA,5.25,105.7,187,100.4,67,73.5,11,12/24/24 0:00
111,Davidson,A10,5.01,112.1,81,107,178,67,244,12/24/24 0:00
112,North Dakota St.,Sum,5,114.9,51,109.9,238,65.7,313,12/24/24 0:00
113,Loyola Chicago,A10,4.76,106.6,169,101.9,89,69.5,128,12/24/24 0:00
114,Furman,SC,4.69,107.7,149,103,104,65.8,300,12/24/24 0:00
115,Georgia Tech,ACC,4.65,108.2,142,103.5,113,70.6,75,12/24/24 0:00
116,Minnesota,B10,4.58,106.2,174,101.6,85,63,360,12/24/24 0:00
117,Troy,SB,4.4,106.6,170,102.2,94,67.3,232,12/24/24 0:00
118,High Point,BSth,4.32,114.5,56,110.1,241,66.6,261,12/24/24 0:00
119,South Dakota St.,Sum,4.13,109.5,125,105.3,136,69.9,112,12/24/24 0:00
120,Texas St.,SB,4.01,110,120,106,149,65.6,319,12/24/24 0:00
,,,,,Strength of Schedule,NCSOS,,,,12/24/24 0:00
Rk,Team,Conf,NetRtg,ORtg,DRtg,AdjT,Luck,NetRtg,ORtg,12/24/24 0:00
121,Samford,SC,3.91,115.1,47,111.2,272,72.2,23,12/24/24 0:00
122,Kent St.,MAC,3.86,103.4,230,99.6,55,65.7,310,12/24/24 0:00
123,Charleston,CAA,3.64,107.1,157,103.4,110,71.7,44,12/24/24 0:00
124,St. Thomas,Sum,3.55,111.8,85,108.3,201,69.3,139,12/24/24 0:00
125,Temple,Amer,3.47,107.6,151,104.1,123,69.1,148,12/24/24 0:00
126,Murray St.,MVC,3.27,107.8,148,104.5,131,66.2,281,12/24/24 0:00
127,Milwaukee,Horz,2.68,110,119,107.3,184,70.1,99,12/24/24 0:00
128,Cornell,Ivy,2.6,112.4,75,109.8,232,71.6,46,12/24/24 0:00
129,Middle Tennessee,CUSA,2.57,107.1,158,104.5,130,69.2,144,12/24/24 0:00
130,Belmont,MVC,2.4,112.6,72,110.2,243,72.5,19,12/24/24 0:00
131,East Tennessee St.,SC,2.39,109,131,106.6,166,67.5,227,12/24/24 0:00
132,George Washington,A10,2.3,108.3,138,106,148,69.3,140,12/24/24 0:00
133,UNC Wilmington,CAA,2.29,110.2,114,108,193,67.8,214,12/24/24 0:00
134,California,ACC,2.22,111.4,88,109.2,218,69.7,119,12/24/24 0:00
135,UMass Lowell,AE,2.22,111.9,84,109.7,228,71.9,37,12/24/24 0:00
136,Seton Hall,BE,2.13,100,298,97.9,35,63.4,357,12/24/24 0:00
137,Sam Houston St.,CUSA,1.89,112.5,73,110.6,253,69.8,116,12/24/24 0:00
138,UAB,Amer,1.85,112.9,67,111.1,269,70.8,68,12/24/24 0:00
139,UC Santa Barbara,BW,1.63,107.9,147,106.2,156,65.7,309,12/24/24 0:00
140,Akron,MAC,1.62,108,145,106.4,159,71.6,45,12/24/24 0:00
141,Seattle,WAC,1.57,108.7,134,107.2,181,67.5,226,12/24/24 0:00
142,UTEP,CUSA,1.36,104.9,208,103.5,112,69.5,125,12/24/24 0:00
143,Wofford,SC,1.35,111.1,95,109.8,234,64.9,336,12/24/24 0:00
144,Purdue Fort Wayne,Horz,1.08,113,65,112,285,69.4,134,12/24/24 0:00
145,UNC Greensboro,SC,0.81,105.2,203,104.4,127,65,333,12/24/24 0:00
146,Illinois St.,MVC,0.8,110.3,113,109.5,223,66.1,289,12/24/24 0:00
147,Loyola Marymount,WCC,0.69,105.2,204,104.5,128,68.3,192,12/24/24 0:00
148,Columbia,Ivy,0.67,110.7,104,110,239,69,154,12/24/24 0:00
149,Cal Baptist,WAC,0.49,111.3,93,110.8,262,65.8,302,12/24/24 0:00
150,South Alabama,SB,0.44,105.7,184,105.3,135,64.7,338,12/24/24 0:00
151,Saint Louis,A10,0.32,111.1,96,110.8,258,68.6,170,12/24/24 0:00
152,Virginia Tech,ACC,0.2,105.8,183,105.6,141,65.1,330,12/24/24 0:00
153,Jacksonville St.,CUSA,0.08,110.9,100,110.8,261,66.3,277,12/24/24 0:00
154,James Madison,SB,0.01,108.3,136,108.3,203,66.4,268,12/24/24 0:00
155,Northeastern,CAA,-0.02,103.7,225,103.7,117,69.7,120,12/24/24 0:00
156,Utah Valley,WAC,-0.07,103.2,238,103.3,109,69.6,123,12/24/24 0:00
157,Northern Colorado,BSky,-0.09,109.3,128,109.4,222,71.3,53,12/24/24 0:00
158,Ohio,MAC,-0.14,109.7,123,109.8,235,70.7,70,12/24/24 0:00
159,La Salle,A10,-0.16,105.9,180,106.1,153,71,60,12/24/24 0:00
160,CSUN,BW,-0.17,104.6,215,104.7,132,73.1,13,12/24/24 0:00
,,,,,Strength of Schedule,NCSOS,,,,12/24/24 0:00
Rk,Team,Conf,NetRtg,ORtg,DRtg,AdjT,Luck,NetRtg,ORtg,12/24/24 0:00
161,Wright St.,Horz,-0.48,110.3,112,110.8,260,68.2,195,12/24/24 0:00
162,Montana St.,BSky,-0.57,107.9,146,108.5,206,67.7,221,12/24/24 0:00
163,Elon,CAA,-0.6,107.1,159,107.7,188,66.2,284,12/24/24 0:00
164,Hofstra,CAA,-0.6,102.4,254,103,106,65.4,325,12/24/24 0:00
165,Wyoming,MWC,-0.65,105.6,190,106.3,157,65.9,297,12/24/24 0:00
166,Hawaii,BW,-0.77,105.3,199,106.1,152,66.1,285,12/24/24 0:00
167,Longwood,BSth,-0.77,104.6,214,105.4,138,69.3,135,12/24/24 0:00
168,Duquesne,A10,-0.8,103.3,234,104.1,124,65.4,326,12/24/24 0:00
169,Boston College,ACC,-0.83,107,164,107.8,189,67.4,229,12/24/24 0:00
170,Appalachian St.,SB,-0.94,102.5,249,103.5,111,65.2,328,12/24/24 0:00
171,Norfolk St.,MEAC,-1,107.4,154,108.4,204,66.7,255,12/24/24 0:00
172,Missouri St.,MVC,-1.01,104.7,212,105.7,143,66,291,12/24/24 0:00
173,UC Riverside,BW,-1.11,105.6,192,106.7,169,68.1,202,12/24/24 0:00
174,UNC Asheville,BSth,-1.13,109.4,126,110.5,251,67.2,240,12/24/24 0:00
175,North Alabama,ASun,-1.17,107,162,108.1,198,68.7,169,12/24/24 0:00
176,East Carolina,Amer,-1.21,105.9,179,107.2,182,66.1,286,12/24/24 0:00
177,UT Arlington,WAC,-1.24,109.3,127,110.6,252,70.7,71,12/24/24 0:00
178,Chattanooga,SC,-1.29,109.2,130,110.5,249,67.3,235,12/24/24 0:00
179,Drexel,CAA,-1.37,105.5,197,106.9,172,64.4,345,12/24/24 0:00
180,South Florida,Amer,-1.41,107.4,153,108.8,213,69.2,145,12/24/24 0:00
181,Rice,Amer,-1.42,102.9,244,104.3,125,66.4,271,12/24/24 0:00
182,Florida Gulf Coast,ASun,-1.43,106.8,166,108.3,200,64.7,339,12/24/24 0:00
183,Indiana St.,MVC,-1.44,110.4,109,111.9,283,73.3,12,12/24/24 0:00
184,Winthrop,BSth,-1.56,105.9,181,107.5,186,74.4,5,12/24/24 0:00
185,Texas A&M Corpus Chris,Slnd,-1.59,107,161,108.6,211,69.8,114,12/24/24 0:00
186,Miami OH,MAC,-1.69,105.3,200,107,177,69.5,126,12/24/24 0:00
187,Jacksonville,ASun,-1.76,101.9,264,103.6,116,69.8,118,12/24/24 0:00
188,North Florida,ASun,-1.8,112.2,77,114,323,72.1,29,12/24/24 0:00
189,Lamar,Slnd,-1.81,103.7,226,105.5,139,67.2,238,12/24/24 0:00
190,Merrimack,MAAC,-1.83,102.2,258,104,122,65.6,320,12/24/24 0:00
191,Brown,Ivy,-1.88,106,178,107.9,191,65.8,306,12/24/24 0:00
192,Marshall,SB,-2.01,105.3,201,107.3,183,70.2,97,12/24/24 0:00
193,Fordham,A10,-2.04,104.5,216,106.5,163,71.7,42,12/24/24 0:00
194,Bryant,AE,-2.11,105.7,185,107.8,190,74.3,6,12/24/24 0:00
195,San Jose St.,MWC,-2.3,107.4,152,109.7,230,66.2,283,12/24/24 0:00
196,Southern Illinois,MVC,-2.34,104.1,219,106.5,161,70.5,78,12/24/24 0:00
197,Montana,BSky,-2.56,108.1,143,110.6,255,69.4,132,12/24/24 0:00
198,Radford,BSth,-2.57,106.8,167,109.4,221,65.3,327,12/24/24 0:00
199,Oakland,Horz,-2.85,106.7,168,109.5,226,63.1,359,12/24/24 0:00
200,Northern Kentucky,Horz,-3.05,100.7,286,103.7,118,66.4,267,12/24/24 0:00
,,,,,Strength of Schedule,NCSOS,,,,12/24/24 0:00
Rk,Team,Conf,NetRtg,ORtg,DRtg,AdjT,Luck,NetRtg,ORtg,12/24/24 0:00
201,New Mexico St.,CUSA,-3.1,103.4,232,106.5,162,67.9,209,12/24/24 0:00
202,Youngstown St.,Horz,-3.18,98.7,326,101.9,90,70,107,12/24/24 0:00
203,Tulane,Amer,-3.3,104.8,211,108.1,196,68.3,194,12/24/24 0:00
204,Illinois Chicago,MVC,-3.33,105.4,198,108.7,212,70.4,85,12/24/24 0:00
205,Charlotte,Amer,-3.52,107.7,150,111.2,271,65,332,12/24/24 0:00
206,Central Connecticut,NEC,-3.52,100.8,285,104.4,126,65.8,298,12/24/24 0:00
207,Massachusetts,A10,-3.64,103.9,222,107.5,187,72,34,12/24/24 0:00
208,Pepperdine,WCC,-3.79,103.6,229,107.4,185,70.1,100,12/24/24 0:00
209,Kennesaw St.,CUSA,-3.83,104.4,217,108.2,199,72.7,16,12/24/24 0:00
210,Cleveland St.,Horz,-3.84,102.2,260,106,150,67.5,228,12/24/24 0:00
211,Saint Peter's,MAAC,-3.85,102.3,256,106.2,155,63.2,358,12/24/24 0:00
212,Abilene Christian,WAC,-4.12,102.5,252,106.6,167,68.8,162,12/24/24 0:00
213,Southern Utah,WAC,-4.19,105,206,109.2,217,70.1,102,12/24/24 0:00
214,Toledo,MAC,-4.4,109.8,122,114.2,324,70.9,64,12/24/24 0:00
215,Maine,AE,-4.45,101.6,274,106,151,68.1,200,12/24/24 0:00
216,Southeastern Louisiana,Slnd,-4.45,99.5,310,104,120,68.7,164,12/24/24 0:00
217,William & Mary,CAA,-4.46,110.9,102,115.3,343,72,33,12/24/24 0:00
218,Little Rock,OVC,-4.48,99.1,319,103.6,114,67.8,215,12/24/24 0:00
219,Valparaiso,MVC,-4.55,106.8,165,111.4,275,70.4,86,12/24/24 0:00
220,Weber St.,BSky,-4.55,106.3,173,110.9,263,65.7,316,12/24/24 0:00
221,Stephen F. Austin,Slnd,-4.56,96.1,346,100.6,70,66.3,276,12/24/24 0:00
222,Richmond,A10,-4.62,104.7,213,109.3,220,67.3,236,12/24/24 0:00
223,Central Michigan,MAC,-4.68,102.1,262,106.7,171,69.2,142,12/24/24 0:00
224,Gardner Webb,BSth,-4.75,105.9,182,110.6,254,70.5,79,12/24/24 0:00
225,Towson,CAA,-4.92,101.6,270,106.6,165,63.7,354,12/24/24 0:00
226,Eastern Kentucky,ASun,-5.07,107.3,155,112.4,296,69.5,127,12/24/24 0:00
227,UC Davis,BW,-5.1,97.2,340,102.3,96,71.4,49,12/24/24 0:00
228,UT Rio Grande Valley,Slnd,-5.12,105.7,188,110.8,259,71.3,52,12/24/24 0:00
229,Albany,AE,-5.12,105.5,196,110.6,256,70.5,81,12/24/24 0:00
230,UTSA,Amer,-5.18,105.5,195,110.7,257,72.2,26,12/24/24 0:00
231,Kansas City,Sum,-5.26,103.3,235,108.6,210,66.2,282,12/24/24 0:00
232,American,PL,-5.31,105.1,205,110.4,247,64.4,344,12/24/24 0:00
233,South Dakota,Sum,-5.61,111.6,86,117.2,356,74.6,3,12/24/24 0:00
234,Marist,MAAC,-5.62,102.9,245,108.5,208,64.1,348,12/24/24 0:00
235,Mount St. Mary's,MAAC,-5.77,101.2,284,107,176,69.3,138,12/24/24 0:00
236,Nicholls,Slnd,-5.85,102.5,253,108.3,202,69.2,143,12/24/24 0:00
237,UMBC,AE,-5.87,106.4,172,112.3,294,72.5,20,12/24/24 0:00
238,Mercer,SC,-6.04,104.9,209,110.9,265,72,31,12/24/24 0:00
239,Vermont,AE,-6.11,98.9,321,105,134,64.3,346,12/24/24 0:00
240,Delaware,CAA,-6.12,107,160,113.1,314,70.8,66,12/24/24 0:00
,,,,,Strength of Schedule,NCSOS,,,,12/24/24 0:00
Rk,Team,Conf,NetRtg,ORtg,DRtg,AdjT,Luck,NetRtg,ORtg,12/24/24 0:00
241,Southern,SWAC,-6.13,99.7,306,105.9,145,69.4,130,12/24/24 0:00
242,Hampton,CAA,-6.35,103.3,236,109.7,227,65.7,317,12/24/24 0:00
243,Georgia Southern,SB,-6.43,100.7,289,107.1,180,72.8,15,12/24/24 0:00
244,Robert Morris,Horz,-6.5,99.4,314,105.9,146,70.1,101,12/24/24 0:00
245,Idaho St.,BSky,-6.58,101.5,276,108.1,197,65.8,305,12/24/24 0:00
246,Cal Poly,BW,-6.6,105.2,202,111.8,282,76.3,1,12/24/24 0:00
247,South Carolina St.,MEAC,-6.7,100.3,294,107,175,68.3,191,12/24/24 0:00
248,Portland St.,BSky,-6.88,103.3,233,110.2,245,71.2,54,12/24/24 0:00
249,Lehigh,PL,-7.01,105.6,193,112.6,300,67.8,213,12/24/24 0:00
250,Boston University,PL,-7.01,103.4,231,110.4,246,63.7,353,12/24/24 0:00
251,Tulsa,Amer,-7.24,102.7,248,109.9,237,68.6,171,12/24/24 0:00
252,Quinnipiac,MAAC,-7.24,101.3,281,108.5,209,71,61,12/24/24 0:00
253,Howard,MEAC,-7.34,105.6,191,112.9,307,68.6,173,12/24/24 0:00
254,Presbyterian,BSth,-7.38,104.3,218,111.7,281,65.8,299,12/24/24 0:00
255,Cal St. Bakersfield,BW,-7.49,102.5,250,110,240,65.5,322,12/24/24 0:00
256,FIU,CUSA,-7.65,98.9,322,106.5,164,70.3,90,12/24/24 0:00
257,Eastern Washington,BSky,-7.7,106.5,171,114.2,326,68.4,183,12/24/24 0:00
258,Northern Arizona,BSky,-7.79,105.6,189,113.4,316,67.7,220,12/24/24 0:00
259,Bucknell,PL,-7.8,98.1,335,105.9,147,68.7,167,12/24/24 0:00
260,Idaho,BSky,-7.81,108.2,140,116,350,66.3,273,12/24/24 0:00
261,Iona,MAAC,-7.86,100.2,296,108,195,69.9,111,12/24/24 0:00
262,Queens,ASun,-8.05,101.7,269,109.7,229,70.3,89,12/24/24 0:00
263,Northwestern St.,Slnd,-8.1,101.8,265,109.9,236,65.4,323,12/24/24 0:00
264,Manhattan,MAAC,-8.13,106.2,175,114.3,330,70,104,12/24/24 0:00
265,Ball St.,MAC,-8.19,102.7,247,110.9,264,67,243,12/24/24 0:00
266,Colgate,PL,-8.27,102.8,246,111.1,268,66.3,274,12/24/24 0:00
267,Bethune Cookman,SWAC,-8.27,97.9,336,106.1,154,69.8,115,12/24/24 0:00
268,Southeast Missouri,OVC,-8.45,100,297,108.5,207,70.7,69,12/24/24 0:00
269,SIUE,OVC,-8.64,99.4,315,108,194,66.9,251,12/24/24 0:00
270,Harvard,Ivy,-8.79,100.4,291,109.1,216,67.7,219,12/24/24 0:00
271,Georgia St.,SB,-9.04,101.4,279,110.5,248,70.4,87,12/24/24 0:00
272,Alabama St.,SWAC,-9.06,104.9,207,114,322,70.2,95,12/24/24 0:00
273,Incarnate Word,Slnd,-9.15,106.1,176,115.3,342,66.6,260,12/24/24 0:00
274,Monmouth,CAA,-9.23,103.1,239,112.3,295,68.4,185,12/24/24 0:00
275,Air Force,MWC,-9.41,101.8,266,111.2,270,63.5,355,12/24/24 0:00
276,Coastal Carolina,SB,-9.42,101.5,277,110.9,266,63.8,352,12/24/24 0:00
277,Lafayette,PL,-9.44,99.6,308,109.1,215,66.9,250,12/24/24 0:00
278,Fresno St.,MWC,-9.47,96.9,342,106.4,160,74.4,4,12/24/24 0:00
279,Austin Peay,ASun,-9.55,96.2,344,105.7,144,64.6,340,12/24/24 0:00
280,Dartmouth,Ivy,-9.65,99.6,309,109.2,219,71.1,58,12/24/24 0:00
,,,,,Strength of Schedule,NCSOS,,,,12/24/24 0:00
Rk,Team,Conf,NetRtg,ORtg,DRtg,AdjT,Luck,NetRtg,ORtg,12/24/24 0:00
281,Long Beach St.,BW,-9.66,102.9,243,112.6,301,65.2,329,12/24/24 0:00
282,Southern Miss,SB,-9.7,99.8,304,109.5,224,69.3,137,12/24/24 0:00
283,North Dakota,Sum,-9.77,105.7,186,115.5,347,68.9,159,12/24/24 0:00
284,Sacred Heart,MAAC,-9.79,102.4,255,112.2,292,70,103,12/24/24 0:00
285,Bowling Green,MAC,-9.85,103.3,237,113.1,313,70.9,63,12/24/24 0:00
286,Siena,MAAC,-10.11,99.7,307,109.8,233,64.8,337,12/24/24 0:00
287,Western Michigan,MAC,-10.11,103,242,113.1,311,67.1,242,12/24/24 0:00
288,North Carolina Central,MEAC,-10.12,103.8,223,113.9,320,67,246,12/24/24 0:00
289,Utah Tech,WAC,-10.2,102.5,251,112.7,303,67.7,217,12/24/24 0:00
290,Tennessee Martin,OVC,-10.21,98.2,333,108.4,205,68.3,190,12/24/24 0:00
291,Pacific,WCC,-10.38,99.8,302,110.2,244,68.8,163,12/24/24 0:00
292,Charleston Southern,BSth,-10.43,102.3,257,112.8,304,69.4,131,12/24/24 0:00
293,Cal St. Fullerton,BW,-10.55,100,299,110.5,250,65,331,12/24/24 0:00
294,Army,PL,-10.59,104,220,114.6,335,67.7,218,12/24/24 0:00
295,Morehead St.,OVC,-10.63,101.5,275,112.2,290,67,248,12/24/24 0:00
296,Tarleton St.,WAC,-10.72,95.7,352,106.4,158,66.1,287,12/24/24 0:00
297,Campbell,CAA,-10.78,98.7,325,109.5,225,67.3,234,12/24/24 0:00
298,Louisiana,SB,-10.88,102.1,261,113,309,68.2,196,12/24/24 0:00
299,Oral Roberts,Sum,-11.11,103.9,221,115,338,69,152,12/24/24 0:00
300,Nebraska Omaha,Sum,-11.17,101.7,268,112.9,305,67.6,223,12/24/24 0:00
301,San Diego,WCC,-11.18,95.9,351,107,179,72,30,12/24/24 0:00
302,Loyola MD,PL,-11.38,99.8,303,111.2,273,68.3,193,12/24/24 0:00
303,Binghamton,AE,-11.47,99.9,301,111.4,276,65.9,295,12/24/24 0:00
304,Jackson St.,SWAC,-11.59,95.1,354,106.7,170,69.7,122,12/24/24 0:00
305,Grambling St.,SWAC,-11.65,100.3,292,112,286,66.5,263,12/24/24 0:00
306,Stonehill,NEC,-11.77,101.6,271,113.4,315,65.8,304,12/24/24 0:00
307,Texas Southern,SWAC,-12.06,97.7,338,109.7,231,71.4,51,12/24/24 0:00
308,Holy Cross,PL,-12.06,103.6,228,115.7,348,65.7,314,12/24/24 0:00
309,Eastern Michigan,MAC,-12.08,101.6,272,113.7,317,67.8,212,12/24/24 0:00
310,Fairfield,MAAC,-12.1,103.7,224,115.8,349,67.3,233,12/24/24 0:00
311,Penn,Ivy,-12.29,102,263,114.3,329,65.8,303,12/24/24 0:00
312,Wagner,NEC,-12.63,93,361,105.7,142,61.9,363,12/24/24 0:00
313,Stony Brook,CAA,-12.74,101.5,278,114.2,327,67.2,237,12/24/24 0:00
314,Delaware St.,MEAC,-12.87,99.2,318,112.1,288,70.2,96,12/24/24 0:00
315,Detroit Mercy,Horz,-12.92,98.4,330,111.3,274,68,206,12/24/24 0:00
316,Western Carolina,SC,-12.99,96.1,347,109.1,214,72.2,22,12/24/24 0:00
317,North Carolina A&T,CAA,-13.09,100.7,287,113.8,319,74.2,8,12/24/24 0:00
318,Tennessee St.,OVC,-13.11,99.4,311,112.5,298,72.2,24,12/24/24 0:00
319,Portland,WCC,-13.11,98.8,323,111.9,284,70.3,91,12/24/24 0:00
320,Old Dominion,SB,-13.15,99.8,305,112.9,306,68.9,161,12/24/24 0:00
,,,,,Strength of Schedule,NCSOS,,,,12/24/24 0:00
Rk,Team,Conf,NetRtg,ORtg,DRtg,AdjT,Luck,NetRtg,ORtg,12/24/24 0:00
321,Tennessee Tech,OVC,-13.25,101.3,282,114.5,333,68.5,179,12/24/24 0:00
322,Green Bay,Horz,-13.44,103.7,227,117.2,355,71,62,12/24/24 0:00
323,Rider,MAAC,-13.48,100.2,295,113.7,318,64.6,341,12/24/24 0:00
324,Evansville,MVC,-13.58,98.5,328,112.1,289,68.1,204,12/24/24 0:00
325,Southern Indiana,OVC,-13.58,99,320,112.6,302,67,245,12/24/24 0:00
326,Denver,Sum,-13.78,101.6,273,115.4,344,67,249,12/24/24 0:00
327,Niagara,MAAC,-13.79,101.4,280,115.2,341,64.4,343,12/24/24 0:00
328,Eastern Illinois,OVC,-14.02,97.5,339,111.5,278,66.9,252,12/24/24 0:00
329,Navy,PL,-14.17,101.2,283,115.4,345,69,153,12/24/24 0:00
330,Fairleigh Dickinson,NEC,-14.3,102.2,259,116.5,352,71.1,56,12/24/24 0:00
331,Saint Francis,NEC,-14.31,99.9,300,114.2,328,69.4,133,12/24/24 0:00
332,Buffalo,MAC,-14.48,100.3,293,114.8,336,69.9,109,12/24/24 0:00
333,Le Moyne,NEC,-14.79,98.3,331,113.1,312,69.9,110,12/24/24 0:00
334,Western Illinois,OVC,-15.02,99.4,313,114.4,332,64.1,350,12/24/24 0:00
335,LIU,NEC,-15.12,95.1,355,110.2,242,68.4,186,12/24/24 0:00
336,VMI,SC,-15.47,99.4,312,114.9,337,68.4,184,12/24/24 0:00
337,Central Arkansas,ASun,-15.54,97,341,112.5,299,68.5,181,12/24/24 0:00
338,West Georgia,ASun,-15.59,98.4,329,114,321,67.6,222,12/24/24 0:00
339,Lindenwood,OVC,-16.06,96.2,345,112.2,293,69.1,150,12/24/24 0:00
340,Louisiana Monroe,SB,-16.1,95.9,349,112,287,68.5,182,12/24/24 0:00
341,Prairie View A&M,SWAC,-16.14,103,240,119.2,360,72.2,27,12/24/24 0:00
342,Sacramento St.,BSky,-16.18,95.3,353,111.5,277,66,292,12/24/24 0:00
343,New Orleans,Slnd,-16.19,98.2,334,114.4,331,70.2,92,12/24/24 0:00
344,USC Upstate,BSth,-16.85,97.7,337,114.6,334,74.1,10,12/24/24 0:00
345,Houston Christian,Slnd,-16.91,98.5,327,115.4,346,65.6,318,12/24/24 0:00
346,Morgan St.,MEAC,-16.94,100.7,288,117.6,357,71.6,47,12/24/24 0:00
347,IU Indy,Horz,-17.04,101.7,267,118.7,358,66.5,262,12/24/24 0:00
348,Alcorn St.,SWAC,-17.05,99.2,317,116.3,351,66.4,272,12/24/24 0:00
349,Bellarmine,ASun,-17.42,103,241,120.4,362,67.5,225,12/24/24 0:00
350,Florida A&M,SWAC,-17.75,93.9,358,111.6,279,70,108,12/24/24 0:00
351,Stetson,ASun,-17.81,99.3,316,117.1,354,69,155,12/24/24 0:00
352,East Texas A&M,Slnd,-17.98,94.2,357,112.2,291,69.5,124,12/24/24 0:00
353,Northern Illinois,MAC,-18.04,95,356,113,310,70.2,94,12/24/24 0:00
354,Mercyhurst,NEC,-18.58,96.5,343,115.1,339,65,334,12/24/24 0:00
355,NJIT,AE,-18.63,93,360,111.7,280,66,290,12/24/24 0:00
356,The Citadel,SC,-19.29,95.9,350,115.2,340,65.9,294,12/24/24 0:00
357,Canisius,MAAC,-19.98,100.5,290,120.4,363,65.8,308,12/24/24 0:00
358,Alabama A&M,SWAC,-20.64,96.1,348,116.7,353,71.7,43,12/24/24 0:00
359,Maryland Eastern Shore,MEAC,-20.72,98.3,332,119,359,68,207,12/24/24 0:00
360,New Hampshire,AE,-20.84,93.4,359,114.2,325,68.4,188,12/24/24 0:00
,,,,,Strength of Schedule,NCSOS,,,,12/24/24 0:00
Rk,Team,Conf,NetRtg,ORtg,DRtg,AdjT,Luck,NetRtg,ORtg,12/24/24 0:00
361,Chicago St.,NEC,-22.18,90.8,362,113,308,70.4,83,12/24/24 0:00
362,Coppin St.,MEAC,-24.21,88.3,363,112.5,297,67.6,224,12/24/24 0:00
363,Arkansas Pine Bluff,SWAC,-24.6,98.7,324,123.3,364,72.9,14,12/24/24 0:00
364,Mississippi Valley St.,SWAC,-33.1,87,364,120.1,361,65.7,315,12/24/24 0:00
1,Auburn,SEC,36.32,131,1,94.7,10,68.6,177,12/25/24 0:00
2,Duke,ACC,32.71,120.8,10,88.1,1,66.4,266,12/25/24 0:00
3,Tennessee,SEC,31.22,119.8,14,88.6,2,66.7,257,12/25/24 0:00
4,Houston,B12,30.98,120.8,12,89.8,3,62.7,361,12/25/24 0:00
5,Iowa St.,B12,29.12,124.2,4,95,14,70.6,76,12/25/24 0:00
6,Gonzaga,WCC,28.46,124.6,3,96.1,24,71.2,55,12/25/24 0:00
7,Florida,SEC,27.36,122.8,6,95.4,17,70.4,84,12/25/24 0:00
8,Kansas,B12,24.64,118.1,26,93.5,8,70,106,12/25/24 0:00
9,Alabama,SEC,24.45,122.8,7,98.3,43,74.3,7,12/25/24 0:00
10,Marquette,BE,23.95,119.6,16,95.6,20,68.7,165,12/25/24 0:00
11,Maryland,B10,23.59,117,35,93.5,6,70.6,73,12/25/24 0:00
12,St. John's,BE,22.7,117.7,29,95,12,70.9,65,12/25/24 0:00
13,Texas Tech,B12,22.62,120.2,13,97.6,34,67.2,241,12/25/24 0:00
14,Oregon,B10,22.38,118.7,20,96.3,25,69,157,12/25/24 0:00
15,Connecticut,BE,22.29,124.7,2,102.4,98,65.5,321,12/25/24 0:00
16,Michigan St.,B10,22.16,117.5,32,95.3,15,68.5,178,12/25/24 0:00
17,UCLA,B10,22.13,113.7,60,91.6,4,66.8,253,12/25/24 0:00
18,Baylor,B12,22.03,123.5,5,101.5,83,66.3,278,12/25/24 0:00
19,Mississippi St.,SEC,22.01,119.5,17,97.5,33,68.6,175,12/25/24 0:00
20,Texas A&M,SEC,21.99,115.4,43,93.5,7,67.4,231,12/25/24 0:00
21,Cincinnati,B12,21.97,114.9,52,92.9,5,66.4,269,12/25/24 0:00
22,Michigan,B10,21.93,117.6,30,95.7,23,70.6,77,12/25/24 0:00
23,Illinois,B10,21.82,116.6,37,94.8,11,71.9,36,12/25/24 0:00
24,Arizona,B12,21.77,117.4,33,95.7,21,71.7,41,12/25/24 0:00
25,Pittsburgh,ACC,21.27,119.2,19,98,37,68.9,158,12/25/24 0:00
26,Kentucky,SEC,20.67,120.8,11,100.2,61,71.9,35,12/25/24 0:00
27,Purdue,B10,20.62,121.4,9,100.8,73,65.9,296,12/25/24 0:00
28,North Carolina,ACC,20.11,118.6,22,98.5,46,74.6,2,12/25/24 0:00
29,Ohio St.,B10,20.09,118.3,25,98.2,40,68.2,198,12/25/24 0:00
30,Mississippi,SEC,19.82,118.3,24,98.5,48,68.1,203,12/25/24 0:00
31,Clemson,ACC,19.04,116.1,40,97,28,66.1,288,12/25/24 0:00
32,Dayton,A10,18.89,119.4,18,100.6,68,65.7,311,12/25/24 0:00
33,Wisconsin,B10,18.55,119.8,15,101.2,79,68.6,174,12/25/24 0:00
34,Penn St.,B10,18.23,116.7,36,98.5,47,72.2,25,12/25/24 0:00
35,Texas,SEC,17.99,115.1,48,97.1,29,67.9,210,12/25/24 0:00
36,San Diego St.,MWC,17.68,112.6,71,95,13,66.4,265,12/25/24 0:00
37,Oklahoma,SEC,17.64,118,27,100.3,65,68.5,180,12/25/24 0:00
38,Georgia,SEC,17.33,114.5,55,97.2,31,67.2,239,12/25/24 0:00
39,SMU,ACC,16.96,118.5,23,101.5,84,70.4,82,12/25/24 0:00
40,BYU,B12,16.94,117.8,28,100.8,74,69.1,149,12/25/24 0:00
,,,,,Strength of Schedule,NCSOS,,,,12/25/24 0:00
Rk,Team,Conf,NetRtg,ORtg,DRtg,AdjT,Luck,NetRtg,ORtg,12/25/24 0:00
41,Memphis,Amer,16.85,116.4,39,99.6,54,70.6,72,12/25/24 0:00
42,Arkansas,SEC,16.85,113.7,59,96.9,27,70.3,88,12/25/24 0:00
43,Iowa,B10,16.52,118.7,21,102.2,93,71.9,38,12/25/24 0:00
44,Saint Mary's,WCC,16.28,115.6,42,99.3,52,63.9,351,12/25/24 0:00
45,Nebraska,B10,16.09,111.4,89,95.3,16,69.2,141,12/25/24 0:00
46,Utah St.,MWC,15.96,115.2,46,99.2,51,70.6,74,12/25/24 0:00
47,VCU,A10,15.79,110.4,110,94.6,9,68,205,12/25/24 0:00
48,West Virginia,B12,15.72,112.1,79,96.4,26,66.7,256,12/25/24 0:00
49,Northwestern,B10,15.43,110.9,101,95.4,19,65.9,293,12/25/24 0:00
50,Louisville,ACC,15.04,115.3,45,100.3,63,68.9,160,12/25/24 0:00
51,Missouri,SEC,14.93,117.5,31,102.6,100,69.1,151,12/25/24 0:00
52,Creighton,BE,14.9,115,50,100.1,60,69.8,117,12/25/24 0:00
53,Vanderbilt,SEC,14.87,117.2,34,102.3,97,72,32,12/25/24 0:00
54,Villanova,BE,14.74,122.6,8,107.9,192,64.5,342,12/25/24 0:00
55,Indiana,B10,14.54,114.7,53,100.2,62,71.1,59,12/25/24 0:00
56,Nevada,MWC,14.36,115.7,41,101.3,82,64.1,347,12/25/24 0:00
57,Xavier,BE,14.31,114.6,54,100.3,64,69.4,129,12/25/24 0:00
58,Boise St.,MWC,14.29,114,57,99.7,57,68.6,172,12/25/24 0:00
59,Arizona St.,B12,14.11,112.4,74,98.3,42,69.1,146,12/25/24 0:00
60,LSU,SEC,13.49,111.9,82,98.5,45,69.8,113,12/25/24 0:00
61,San Francisco,WCC,13.33,110.4,108,97.1,30,68.1,199,12/25/24 0:00
62,Oregon St.,WCC,13.16,111.3,92,98.2,41,66.2,279,12/25/24 0:00
63,Liberty,CUSA,12.6,111,99,98.4,44,64.1,349,12/25/24 0:00
64,Utah,B12,12.46,113.1,64,100.6,69,71.8,40,12/25/24 0:00
65,South Carolina,SEC,12.42,112.1,80,99.7,56,66.8,254,12/25/24 0:00
66,Georgetown,BE,11.9,110.5,107,98.6,49,69.3,136,12/25/24 0:00
67,New Mexico,MWC,11.42,113.3,62,101.9,91,74.2,9,12/25/24 0:00
68,Butler,BE,11.3,113.9,58,102.6,101,67.8,211,12/25/24 0:00
69,UC Irvine,BW,11.26,107,163,95.7,22,70.1,98,12/25/24 0:00
70,Florida St.,ACC,11.03,111.4,87,100.4,66,70.8,67,12/25/24 0:00
71,Bradley,MVC,10.9,115.4,44,104.5,129,66.5,264,12/25/24 0:00
72,North Texas,Amer,10.9,108.3,137,97.4,32,63.4,356,12/25/24 0:00
73,Santa Clara,WCC,10.78,113.6,61,102.8,103,69.1,147,12/25/24 0:00
74,TCU,B12,10.65,106.1,177,95.4,18,68.6,176,12/25/24 0:00
75,UCF,B12,10.57,111.3,94,100.7,72,70,105,12/25/24 0:00
76,Colorado,B12,10.38,109.8,121,99.4,53,68.3,189,12/25/24 0:00
77,Providence,BE,10.33,110.1,118,99.8,58,64.9,335,12/25/24 0:00
78,Washington St.,WCC,10.33,111.4,90,101,76,71.8,39,12/25/24 0:00
79,Drake,MVC,10.32,110.2,115,99.9,59,62.5,362,12/25/24 0:00
80,St. Bonaventure,A10,10.3,108.2,141,97.9,36,66.2,280,12/25/24 0:00
,,,,,Strength of Schedule,NCSOS,,,,12/25/24 0:00
Rk,Team,Conf,NetRtg,ORtg,DRtg,AdjT,Luck,NetRtg,ORtg,12/25/24 0:00
81,UC San Diego,BW,10.27,111.9,83,101.7,87,67.4,230,12/25/24 0:00
82,USC,B10,10.16,111,97,100.9,75,68.7,166,12/25/24 0:00
83,George Mason,A10,10.03,108,144,98,38,67,247,12/25/24 0:00
84,Rutgers,B10,9.83,112.9,66,103.1,107,71.1,57,12/25/24 0:00
85,N.C. State,ACC,9.52,111.4,91,101.8,88,66.3,275,12/25/24 0:00
86,Notre Dame,ACC,9.51,112.7,70,103.2,108,66.4,270,12/25/24 0:00
87,Saint Joseph's,A10,9.11,110.2,117,101,77,70.2,93,12/25/24 0:00
88,McNeese,Slnd,8.92,110.2,116,101.3,80,65.8,307,12/25/24 0:00
89,Rhode Island,A10,8.62,111,98,102.4,99,72.7,17,12/25/24 0:00
90,Kansas St.,B12,8.46,110.7,103,102.2,95,68.7,168,12/25/24 0:00
91,Florida Atlantic,Amer,8.1,115,49,106.9,173,72.5,18,12/25/24 0:00
92,Stanford,ACC,7.93,112.8,69,104.9,133,67.7,216,12/25/24 0:00
93,Yale,Ivy,7.85,113.2,63,105.4,137,68.4,187,12/25/24 0:00
94,Lipscomb,ASun,7.5,108.8,132,101.3,81,67.9,208,12/25/24 0:00
95,Northern Iowa,MVC,7.35,112.9,68,105.5,140,65.4,324,12/25/24 0:00
96,Colorado St.,MWC,7.31,108.5,135,101.2,78,68.2,197,12/25/24 0:00
97,Arkansas St.,SB,7.13,108.8,133,101.6,86,71.4,50,12/25/24 0:00
98,Wake Forest,ACC,6.91,105.5,194,98.6,50,66.6,259,12/25/24 0:00
99,Louisiana Tech,CUSA,6.78,110.4,111,103.6,115,65.7,312,12/25/24 0:00
100,Virginia,ACC,6.72,104.9,210,98.2,39,61.3,364,12/25/24 0:00
101,UNLV,MWC,6.66,110.6,105,104,121,65.8,301,12/25/24 0:00
102,DePaul,BE,6.6,110.5,106,103.9,119,69,156,12/25/24 0:00
103,Washington,B10,6.58,107.3,156,100.7,71,69.7,121,12/25/24 0:00
104,Oklahoma St.,B12,6.56,109.5,124,103,105,72.2,28,12/25/24 0:00
105,Wichita St.,Amer,6.47,109.2,129,102.8,102,71.5,48,12/25/24 0:00
106,Grand Canyon,WAC,6.11,108.3,139,102.1,92,72.3,21,12/25/24 0:00
107,Miami FL,ACC,5.68,116.6,38,110.9,267,66.7,258,12/25/24 0:00
108,Syracuse,ACC,5.58,112.2,78,106.6,168,70.5,80,12/25/24 0:00
109,Princeton,Ivy,5.37,112.3,76,106.9,174,68.1,201,12/25/24 0:00
110,Western Kentucky,CUSA,5.25,105.7,187,100.4,67,73.5,11,12/25/24 0:00
111,Davidson,A10,5.01,112.1,81,107,178,67,244,12/25/24 0:00
112,North Dakota St.,Sum,5,114.9,51,109.9,238,65.7,313,12/25/24 0:00
113,Loyola Chicago,A10,4.76,106.6,169,101.9,89,69.5,128,12/25/24 0:00
114,Furman,SC,4.69,107.7,149,103,104,65.8,300,12/25/24 0:00
115,Georgia Tech,ACC,4.65,108.2,142,103.5,113,70.6,75,12/25/24 0:00
116,Minnesota,B10,4.58,106.2,174,101.6,85,63,360,12/25/24 0:00
117,Troy,SB,4.4,106.6,170,102.2,94,67.3,232,12/25/24 0:00
118,High Point,BSth,4.32,114.5,56,110.1,241,66.6,261,12/25/24 0:00
119,South Dakota St.,Sum,4.13,109.5,125,105.3,136,69.9,112,12/25/24 0:00
120,Texas St.,SB,4.01,110,120,106,149,65.6,319,12/25/24 0:00
,,,,,Strength of Schedule,NCSOS,,,,12/25/24 0:00
Rk,Team,Conf,NetRtg,ORtg,DRtg,AdjT,Luck,NetRtg,ORtg,12/25/24 0:00
121,Samford,SC,3.91,115.1,47,111.2,272,72.2,23,12/25/24 0:00
122,Kent St.,MAC,3.86,103.4,230,99.6,55,65.7,310,12/25/24 0:00
123,Charleston,CAA,3.64,107.1,157,103.4,110,71.7,44,12/25/24 0:00
124,St. Thomas,Sum,3.55,111.8,85,108.3,201,69.3,139,12/25/24 0:00
125,Temple,Amer,3.47,107.6,151,104.1,123,69.1,148,12/25/24 0:00
126,Murray St.,MVC,3.27,107.8,148,104.5,131,66.2,281,12/25/24 0:00
127,Milwaukee,Horz,2.68,110,119,107.3,184,70.1,99,12/25/24 0:00
128,Cornell,Ivy,2.6,112.4,75,109.8,232,71.6,46,12/25/24 0:00
129,Middle Tennessee,CUSA,2.57,107.1,158,104.5,130,69.2,144,12/25/24 0:00
130,Belmont,MVC,2.4,112.6,72,110.2,243,72.5,19,12/25/24 0:00
131,East Tennessee St.,SC,2.39,109,131,106.6,166,67.5,227,12/25/24 0:00
132,George Washington,A10,2.3,108.3,138,106,148,69.3,140,12/25/24 0:00
133,UNC Wilmington,CAA,2.29,110.2,114,108,193,67.8,214,12/25/24 0:00
134,California,ACC,2.22,111.4,88,109.2,218,69.7,119,12/25/24 0:00
135,UMass Lowell,AE,2.22,111.9,84,109.7,228,71.9,37,12/25/24 0:00
136,Seton Hall,BE,2.13,100,298,97.9,35,63.4,357,12/25/24 0:00
137,Sam Houston St.,CUSA,1.89,112.5,73,110.6,253,69.8,116,12/25/24 0:00
138,UAB,Amer,1.85,112.9,67,111.1,269,70.8,68,12/25/24 0:00
139,UC Santa Barbara,BW,1.63,107.9,147,106.2,156,65.7,309,12/25/24 0:00
140,Akron,MAC,1.62,108,145,106.4,159,71.6,45,12/25/24 0:00
141,Seattle,WAC,1.57,108.7,134,107.2,181,67.5,226,12/25/24 0:00
142,UTEP,CUSA,1.36,104.9,208,103.5,112,69.5,125,12/25/24 0:00
143,Wofford,SC,1.35,111.1,95,109.8,234,64.9,336,12/25/24 0:00
144,Purdue Fort Wayne,Horz,1.08,113,65,112,285,69.4,134,12/25/24 0:00
145,UNC Greensboro,SC,0.81,105.2,203,104.4,127,65,333,12/25/24 0:00
146,Illinois St.,MVC,0.8,110.3,113,109.5,223,66.1,289,12/25/24 0:00
147,Loyola Marymount,WCC,0.69,105.2,204,104.5,128,68.3,192,12/25/24 0:00
148,Columbia,Ivy,0.67,110.7,104,110,239,69,154,12/25/24 0:00
149,Cal Baptist,WAC,0.49,111.3,93,110.8,262,65.8,302,12/25/24 0:00
150,South Alabama,SB,0.44,105.7,184,105.3,135,64.7,338,12/25/24 0:00
151,Saint Louis,A10,0.32,111.1,96,110.8,258,68.6,170,12/25/24 0:00
152,Virginia Tech,ACC,0.2,105.8,183,105.6,141,65.1,330,12/25/24 0:00
153,Jacksonville St.,CUSA,0.08,110.9,100,110.8,261,66.3,277,12/25/24 0:00
154,James Madison,SB,0.01,108.3,136,108.3,203,66.4,268,12/25/24 0:00
155,Northeastern,CAA,-0.02,103.7,225,103.7,117,69.7,120,12/25/24 0:00
156,Utah Valley,WAC,-0.07,103.2,238,103.3,109,69.6,123,12/25/24 0:00
157,Northern Colorado,BSky,-0.09,109.3,128,109.4,222,71.3,53,12/25/24 0:00
158,Ohio,MAC,-0.14,109.7,123,109.8,235,70.7,70,12/25/24 0:00
159,La Salle,A10,-0.16,105.9,180,106.1,153,71,60,12/25/24 0:00
160,CSUN,BW,-0.17,104.6,215,104.7,132,73.1,13,12/25/24 0:00
,,,,,Strength of Schedule,NCSOS,,,,12/25/24 0:00
Rk,Team,Conf,NetRtg,ORtg,DRtg,AdjT,Luck,NetRtg,ORtg,12/25/24 0:00
161,Wright St.,Horz,-0.48,110.3,112,110.8,260,68.2,195,12/25/24 0:00
162,Montana St.,BSky,-0.57,107.9,146,108.5,206,67.7,221,12/25/24 0:00
163,Elon,CAA,-0.6,107.1,159,107.7,188,66.2,284,12/25/24 0:00
164,Hofstra,CAA,-0.6,102.4,254,103,106,65.4,325,12/25/24 0:00
165,Wyoming,MWC,-0.65,105.6,190,106.3,157,65.9,297,12/25/24 0:00
166,Hawaii,BW,-0.77,105.3,199,106.1,152,66.1,285,12/25/24 0:00
167,Longwood,BSth,-0.77,104.6,214,105.4,138,69.3,135,12/25/24 0:00
168,Duquesne,A10,-0.8,103.3,234,104.1,124,65.4,326,12/25/24 0:00
169,Boston College,ACC,-0.83,107,164,107.8,189,67.4,229,12/25/24 0:00
170,Appalachian St.,SB,-0.94,102.5,249,103.5,111,65.2,328,12/25/24 0:00
171,Norfolk St.,MEAC,-1,107.4,154,108.4,204,66.7,255,12/25/24 0:00
172,Missouri St.,MVC,-1.01,104.7,212,105.7,143,66,291,12/25/24 0:00
173,UC Riverside,BW,-1.11,105.6,192,106.7,169,68.1,202,12/25/24 0:00
174,UNC Asheville,BSth,-1.13,109.4,126,110.5,251,67.2,240,12/25/24 0:00
175,North Alabama,ASun,-1.17,107,162,108.1,198,68.7,169,12/25/24 0:00
176,East Carolina,Amer,-1.21,105.9,179,107.2,182,66.1,286,12/25/24 0:00
177,UT Arlington,WAC,-1.24,109.3,127,110.6,252,70.7,71,12/25/24 0:00
178,Chattanooga,SC,-1.29,109.2,130,110.5,249,67.3,235,12/25/24 0:00
179,Drexel,CAA,-1.37,105.5,197,106.9,172,64.4,345,12/25/24 0:00
180,South Florida,Amer,-1.41,107.4,153,108.8,213,69.2,145,12/25/24 0:00
181,Rice,Amer,-1.42,102.9,244,104.3,125,66.4,271,12/25/24 0:00
182,Florida Gulf Coast,ASun,-1.43,106.8,166,108.3,200,64.7,339,12/25/24 0:00
183,Indiana St.,MVC,-1.44,110.4,109,111.9,283,73.3,12,12/25/24 0:00
184,Winthrop,BSth,-1.56,105.9,181,107.5,186,74.4,5,12/25/24 0:00
185,Texas A&M Corpus Chris,Slnd,-1.59,107,161,108.6,211,69.8,114,12/25/24 0:00
186,Miami OH,MAC,-1.69,105.3,200,107,177,69.5,126,12/25/24 0:00
187,Jacksonville,ASun,-1.76,101.9,264,103.6,116,69.8,118,12/25/24 0:00
188,North Florida,ASun,-1.8,112.2,77,114,323,72.1,29,12/25/24 0:00
189,Lamar,Slnd,-1.81,103.7,226,105.5,139,67.2,238,12/25/24 0:00
190,Merrimack,MAAC,-1.83,102.2,258,104,122,65.6,320,12/25/24 0:00
191,Brown,Ivy,-1.88,106,178,107.9,191,65.8,306,12/25/24 0:00
192,Marshall,SB,-2.01,105.3,201,107.3,183,70.2,97,12/25/24 0:00
193,Fordham,A10,-2.04,104.5,216,106.5,163,71.7,42,12/25/24 0:00
194,Bryant,AE,-2.11,105.7,185,107.8,190,74.3,6,12/25/24 0:00
195,San Jose St.,MWC,-2.3,107.4,152,109.7,230,66.2,283,12/25/24 0:00
196,Southern Illinois,MVC,-2.34,104.1,219,106.5,161,70.5,78,12/25/24 0:00
197,Montana,BSky,-2.56,108.1,143,110.6,255,69.4,132,12/25/24 0:00
198,Radford,BSth,-2.57,106.8,167,109.4,221,65.3,327,12/25/24 0:00
199,Oakland,Horz,-2.85,106.7,168,109.5,226,63.1,359,12/25/24 0:00
200,Northern Kentucky,Horz,-3.05,100.7,286,103.7,118,66.4,267,12/25/24 0:00
,,,,,Strength of Schedule,NCSOS,,,,12/25/24 0:00
Rk,Team,Conf,NetRtg,ORtg,DRtg,AdjT,Luck,NetRtg,ORtg,12/25/24 0:00
201,New Mexico St.,CUSA,-3.1,103.4,232,106.5,162,67.9,209,12/25/24 0:00
202,Youngstown St.,Horz,-3.18,98.7,326,101.9,90,70,107,12/25/24 0:00
203,Tulane,Amer,-3.3,104.8,211,108.1,196,68.3,194,12/25/24 0:00
204,Illinois Chicago,MVC,-3.33,105.4,198,108.7,212,70.4,85,12/25/24 0:00
205,Charlotte,Amer,-3.52,107.7,150,111.2,271,65,332,12/25/24 0:00
206,Central Connecticut,NEC,-3.52,100.8,285,104.4,126,65.8,298,12/25/24 0:00
207,Massachusetts,A10,-3.64,103.9,222,107.5,187,72,34,12/25/24 0:00
208,Pepperdine,WCC,-3.79,103.6,229,107.4,185,70.1,100,12/25/24 0:00
209,Kennesaw St.,CUSA,-3.83,104.4,217,108.2,199,72.7,16,12/25/24 0:00
210,Cleveland St.,Horz,-3.84,102.2,260,106,150,67.5,228,12/25/24 0:00
211,Saint Peter's,MAAC,-3.85,102.3,256,106.2,155,63.2,358,12/25/24 0:00
212,Abilene Christian,WAC,-4.12,102.5,252,106.6,167,68.8,162,12/25/24 0:00
213,Southern Utah,WAC,-4.19,105,206,109.2,217,70.1,102,12/25/24 0:00
214,Toledo,MAC,-4.4,109.8,122,114.2,324,70.9,64,12/25/24 0:00
215,Maine,AE,-4.45,101.6,274,106,151,68.1,200,12/25/24 0:00
216,Southeastern Louisiana,Slnd,-4.45,99.5,310,104,120,68.7,164,12/25/24 0:00
217,William & Mary,CAA,-4.46,110.9,102,115.3,343,72,33,12/25/24 0:00
218,Little Rock,OVC,-4.48,99.1,319,103.6,114,67.8,215,12/25/24 0:00
219,Valparaiso,MVC,-4.55,106.8,165,111.4,275,70.4,86,12/25/24 0:00
220,Weber St.,BSky,-4.55,106.3,173,110.9,263,65.7,316,12/25/24 0:00
221,Stephen F. Austin,Slnd,-4.56,96.1,346,100.6,70,66.3,276,12/25/24 0:00
222,Richmond,A10,-4.62,104.7,213,109.3,220,67.3,236,12/25/24 0:00
223,Central Michigan,MAC,-4.68,102.1,262,106.7,171,69.2,142,12/25/24 0:00
224,Gardner Webb,BSth,-4.75,105.9,182,110.6,254,70.5,79,12/25/24 0:00
225,Towson,CAA,-4.92,101.6,270,106.6,165,63.7,354,12/25/24 0:00
226,Eastern Kentucky,ASun,-5.07,107.3,155,112.4,296,69.5,127,12/25/24 0:00
227,UC Davis,BW,-5.1,97.2,340,102.3,96,71.4,49,12/25/24 0:00
228,UT Rio Grande Valley,Slnd,-5.12,105.7,188,110.8,259,71.3,52,12/25/24 0:00
229,Albany,AE,-5.12,105.5,196,110.6,256,70.5,81,12/25/24 0:00
230,UTSA,Amer,-5.18,105.5,195,110.7,257,72.2,26,12/25/24 0:00
231,Kansas City,Sum,-5.26,103.3,235,108.6,210,66.2,282,12/25/24 0:00
232,American,PL,-5.31,105.1,205,110.4,247,64.4,344,12/25/24 0:00
233,South Dakota,Sum,-5.61,111.6,86,117.2,356,74.6,3,12/25/24 0:00
234,Marist,MAAC,-5.62,102.9,245,108.5,208,64.1,348,12/25/24 0:00
235,Mount St. Mary's,MAAC,-5.77,101.2,284,107,176,69.3,138,12/25/24 0:00
236,Nicholls,Slnd,-5.85,102.5,253,108.3,202,69.2,143,12/25/24 0:00
237,UMBC,AE,-5.87,106.4,172,112.3,294,72.5,20,12/25/24 0:00
238,Mercer,SC,-6.04,104.9,209,110.9,265,72,31,12/25/24 0:00
239,Vermont,AE,-6.11,98.9,321,105,134,64.3,346,12/25/24 0:00
240,Delaware,CAA,-6.12,107,160,113.1,314,70.8,66,12/25/24 0:00
,,,,,Strength of Schedule,NCSOS,,,,12/25/24 0:00
Rk,Team,Conf,NetRtg,ORtg,DRtg,AdjT,Luck,NetRtg,ORtg,12/25/24 0:00
241,Southern,SWAC,-6.13,99.7,306,105.9,145,69.4,130,12/25/24 0:00
242,Hampton,CAA,-6.35,103.3,236,109.7,227,65.7,317,12/25/24 0:00
243,Georgia Southern,SB,-6.43,100.7,289,107.1,180,72.8,15,12/25/24 0:00
244,Robert Morris,Horz,-6.5,99.4,314,105.9,146,70.1,101,12/25/24 0:00
245,Idaho St.,BSky,-6.58,101.5,276,108.1,197,65.8,305,12/25/24 0:00
246,Cal Poly,BW,-6.6,105.2,202,111.8,282,76.3,1,12/25/24 0:00
247,South Carolina St.,MEAC,-6.7,100.3,294,107,175,68.3,191,12/25/24 0:00
248,Portland St.,BSky,-6.88,103.3,233,110.2,245,71.2,54,12/25/24 0:00
249,Lehigh,PL,-7.01,105.6,193,112.6,300,67.8,213,12/25/24 0:00
250,Boston University,PL,-7.01,103.4,231,110.4,246,63.7,353,12/25/24 0:00
251,Tulsa,Amer,-7.24,102.7,248,109.9,237,68.6,171,12/25/24 0:00
252,Quinnipiac,MAAC,-7.24,101.3,281,108.5,209,71,61,12/25/24 0:00
253,Howard,MEAC,-7.34,105.6,191,112.9,307,68.6,173,12/25/24 0:00
254,Presbyterian,BSth,-7.38,104.3,218,111.7,281,65.8,299,12/25/24 0:00
255,Cal St. Bakersfield,BW,-7.49,102.5,250,110,240,65.5,322,12/25/24 0:00
256,FIU,CUSA,-7.65,98.9,322,106.5,164,70.3,90,12/25/24 0:00
257,Eastern Washington,BSky,-7.7,106.5,171,114.2,326,68.4,183,12/25/24 0:00
258,Northern Arizona,BSky,-7.79,105.6,189,113.4,316,67.7,220,12/25/24 0:00
259,Bucknell,PL,-7.8,98.1,335,105.9,147,68.7,167,12/25/24 0:00
260,Idaho,BSky,-7.81,108.2,140,116,350,66.3,273,12/25/24 0:00
261,Iona,MAAC,-7.86,100.2,296,108,195,69.9,111,12/25/24 0:00
262,Queens,ASun,-8.05,101.7,269,109.7,229,70.3,89,12/25/24 0:00
263,Northwestern St.,Slnd,-8.1,101.8,265,109.9,236,65.4,323,12/25/24 0:00
264,Manhattan,MAAC,-8.13,106.2,175,114.3,330,70,104,12/25/24 0:00
265,Ball St.,MAC,-8.19,102.7,247,110.9,264,67,243,12/25/24 0:00
266,Colgate,PL,-8.27,102.8,246,111.1,268,66.3,274,12/25/24 0:00
267,Bethune Cookman,SWAC,-8.27,97.9,336,106.1,154,69.8,115,12/25/24 0:00
268,Southeast Missouri,OVC,-8.45,100,297,108.5,207,70.7,69,12/25/24 0:00
269,SIUE,OVC,-8.64,99.4,315,108,194,66.9,251,12/25/24 0:00
270,Harvard,Ivy,-8.79,100.4,291,109.1,216,67.7,219,12/25/24 0:00
271,Georgia St.,SB,-9.04,101.4,279,110.5,248,70.4,87,12/25/24 0:00
272,Alabama St.,SWAC,-9.06,104.9,207,114,322,70.2,95,12/25/24 0:00
273,Incarnate Word,Slnd,-9.15,106.1,176,115.3,342,66.6,260,12/25/24 0:00
274,Monmouth,CAA,-9.23,103.1,239,112.3,295,68.4,185,12/25/24 0:00
275,Air Force,MWC,-9.41,101.8,266,111.2,270,63.5,355,12/25/24 0:00
276,Coastal Carolina,SB,-9.42,101.5,277,110.9,266,63.8,352,12/25/24 0:00
277,Lafayette,PL,-9.44,99.6,308,109.1,215,66.9,250,12/25/24 0:00
278,Fresno St.,MWC,-9.47,96.9,342,106.4,160,74.4,4,12/25/24 0:00
279,Austin Peay,ASun,-9.55,96.2,344,105.7,144,64.6,340,12/25/24 0:00
280,Dartmouth,Ivy,-9.65,99.6,309,109.2,219,71.1,58,12/25/24 0:00
,,,,,Strength of Schedule,NCSOS,,,,12/25/24 0:00
Rk,Team,Conf,NetRtg,ORtg,DRtg,AdjT,Luck,NetRtg,ORtg,12/25/24 0:00
281,Long Beach St.,BW,-9.66,102.9,243,112.6,301,65.2,329,12/25/24 0:00
282,Southern Miss,SB,-9.7,99.8,304,109.5,224,69.3,137,12/25/24 0:00
283,North Dakota,Sum,-9.77,105.7,186,115.5,347,68.9,159,12/25/24 0:00
284,Sacred Heart,MAAC,-9.79,102.4,255,112.2,292,70,103,12/25/24 0:00
285,Bowling Green,MAC,-9.85,103.3,237,113.1,313,70.9,63,12/25/24 0:00
286,Siena,MAAC,-10.11,99.7,307,109.8,233,64.8,337,12/25/24 0:00
287,Western Michigan,MAC,-10.11,103,242,113.1,311,67.1,242,12/25/24 0:00
288,North Carolina Central,MEAC,-10.12,103.8,223,113.9,320,67,246,12/25/24 0:00
289,Utah Tech,WAC,-10.2,102.5,251,112.7,303,67.7,217,12/25/24 0:00
290,Tennessee Martin,OVC,-10.21,98.2,333,108.4,205,68.3,190,12/25/24 0:00
291,Pacific,WCC,-10.38,99.8,302,110.2,244,68.8,163,12/25/24 0:00
292,Charleston Southern,BSth,-10.43,102.3,257,112.8,304,69.4,131,12/25/24 0:00
293,Cal St. Fullerton,BW,-10.55,100,299,110.5,250,65,331,12/25/24 0:00
294,Army,PL,-10.59,104,220,114.6,335,67.7,218,12/25/24 0:00
295,Morehead St.,OVC,-10.63,101.5,275,112.2,290,67,248,12/25/24 0:00
296,Tarleton St.,WAC,-10.72,95.7,352,106.4,158,66.1,287,12/25/24 0:00
297,Campbell,CAA,-10.78,98.7,325,109.5,225,67.3,234,12/25/24 0:00
298,Louisiana,SB,-10.88,102.1,261,113,309,68.2,196,12/25/24 0:00
299,Oral Roberts,Sum,-11.11,103.9,221,115,338,69,152,12/25/24 0:00
300,Nebraska Omaha,Sum,-11.17,101.7,268,112.9,305,67.6,223,12/25/24 0:00
301,San Diego,WCC,-11.18,95.9,351,107,179,72,30,12/25/24 0:00
302,Loyola MD,PL,-11.38,99.8,303,111.2,273,68.3,193,12/25/24 0:00
303,Binghamton,AE,-11.47,99.9,301,111.4,276,65.9,295,12/25/24 0:00
304,Jackson St.,SWAC,-11.59,95.1,354,106.7,170,69.7,122,12/25/24 0:00
305,Grambling St.,SWAC,-11.65,100.3,292,112,286,66.5,263,12/25/24 0:00
306,Stonehill,NEC,-11.77,101.6,271,113.4,315,65.8,304,12/25/24 0:00
307,Texas Southern,SWAC,-12.06,97.7,338,109.7,231,71.4,51,12/25/24 0:00
308,Holy Cross,PL,-12.06,103.6,228,115.7,348,65.7,314,12/25/24 0:00
309,Eastern Michigan,MAC,-12.08,101.6,272,113.7,317,67.8,212,12/25/24 0:00
310,Fairfield,MAAC,-12.1,103.7,224,115.8,349,67.3,233,12/25/24 0:00
311,Penn,Ivy,-12.29,102,263,114.3,329,65.8,303,12/25/24 0:00
312,Wagner,NEC,-12.63,93,361,105.7,142,61.9,363,12/25/24 0:00
313,Stony Brook,CAA,-12.74,101.5,278,114.2,327,67.2,237,12/25/24 0:00
314,Delaware St.,MEAC,-12.87,99.2,318,112.1,288,70.2,96,12/25/24 0:00
315,Detroit Mercy,Horz,-12.92,98.4,330,111.3,274,68,206,12/25/24 0:00
316,Western Carolina,SC,-12.99,96.1,347,109.1,214,72.2,22,12/25/24 0:00
317,North Carolina A&T,CAA,-13.09,100.7,287,113.8,319,74.2,8,12/25/24 0:00
318,Tennessee St.,OVC,-13.11,99.4,311,112.5,298,72.2,24,12/25/24 0:00
319,Portland,WCC,-13.11,98.8,323,111.9,284,70.3,91,12/25/24 0:00
320,Old Dominion,SB,-13.15,99.8,305,112.9,306,68.9,161,12/25/24 0:00
,,,,,Strength of Schedule,NCSOS,,,,12/25/24 0:00
Rk,Team,Conf,NetRtg,ORtg,DRtg,AdjT,Luck,NetRtg,ORtg,12/25/24 0:00
321,Tennessee Tech,OVC,-13.25,101.3,282,114.5,333,68.5,179,12/25/24 0:00
322,Green Bay,Horz,-13.44,103.7,227,117.2,355,71,62,12/25/24 0:00
323,Rider,MAAC,-13.48,100.2,295,113.7,318,64.6,341,12/25/24 0:00
324,Evansville,MVC,-13.58,98.5,328,112.1,289,68.1,204,12/25/24 0:00
325,Southern Indiana,OVC,-13.58,99,320,112.6,302,67,245,12/25/24 0:00
326,Denver,Sum,-13.78,101.6,273,115.4,344,67,249,12/25/24 0:00
327,Niagara,MAAC,-13.79,101.4,280,115.2,341,64.4,343,12/25/24 0:00
328,Eastern Illinois,OVC,-14.02,97.5,339,111.5,278,66.9,252,12/25/24 0:00
329,Navy,PL,-14.17,101.2,283,115.4,345,69,153,12/25/24 0:00
330,Fairleigh Dickinson,NEC,-14.3,102.2,259,116.5,352,71.1,56,12/25/24 0:00
331,Saint Francis,NEC,-14.31,99.9,300,114.2,328,69.4,133,12/25/24 0:00
332,Buffalo,MAC,-14.48,100.3,293,114.8,336,69.9,109,12/25/24 0:00
333,Le Moyne,NEC,-14.79,98.3,331,113.1,312,69.9,110,12/25/24 0:00
334,Western Illinois,OVC,-15.02,99.4,313,114.4,332,64.1,350,12/25/24 0:00
335,LIU,NEC,-15.12,95.1,355,110.2,242,68.4,186,12/25/24 0:00
336,VMI,SC,-15.47,99.4,312,114.9,337,68.4,184,12/25/24 0:00
337,Central Arkansas,ASun,-15.54,97,341,112.5,299,68.5,181,12/25/24 0:00
338,West Georgia,ASun,-15.59,98.4,329,114,321,67.6,222,12/25/24 0:00
339,Lindenwood,OVC,-16.06,96.2,345,112.2,293,69.1,150,12/25/24 0:00
340,Louisiana Monroe,SB,-16.1,95.9,349,112,287,68.5,182,12/25/24 0:00
341,Prairie View A&M,SWAC,-16.14,103,240,119.2,360,72.2,27,12/25/24 0:00
342,Sacramento St.,BSky,-16.18,95.3,353,111.5,277,66,292,12/25/24 0:00
343,New Orleans,Slnd,-16.19,98.2,334,114.4,331,70.2,92,12/25/24 0:00
344,USC Upstate,BSth,-16.85,97.7,337,114.6,334,74.1,10,12/25/24 0:00
345,Houston Christian,Slnd,-16.91,98.5,327,115.4,346,65.6,318,12/25/24 0:00
346,Morgan St.,MEAC,-16.94,100.7,288,117.6,357,71.6,47,12/25/24 0:00
347,IU Indy,Horz,-17.04,101.7,267,118.7,358,66.5,262,12/25/24 0:00
348,Alcorn St.,SWAC,-17.05,99.2,317,116.3,351,66.4,272,12/25/24 0:00
349,Bellarmine,ASun,-17.42,103,241,120.4,362,67.5,225,12/25/24 0:00
350,Florida A&M,SWAC,-17.75,93.9,358,111.6,279,70,108,12/25/24 0:00
351,Stetson,ASun,-17.81,99.3,316,117.1,354,69,155,12/25/24 0:00
352,East Texas A&M,Slnd,-17.98,94.2,357,112.2,291,69.5,124,12/25/24 0:00
353,Northern Illinois,MAC,-18.04,95,356,113,310,70.2,94,12/25/24 0:00
354,Mercyhurst,NEC,-18.58,96.5,343,115.1,339,65,334,12/25/24 0:00
355,NJIT,AE,-18.63,93,360,111.7,280,66,290,12/25/24 0:00
356,The Citadel,SC,-19.29,95.9,350,115.2,340,65.9,294,12/25/24 0:00
357,Canisius,MAAC,-19.98,100.5,290,120.4,363,65.8,308,12/25/24 0:00
358,Alabama A&M,SWAC,-20.64,96.1,348,116.7,353,71.7,43,12/25/24 0:00
359,Maryland Eastern Shore,MEAC,-20.72,98.3,332,119,359,68,207,12/25/24 0:00
360,New Hampshire,AE,-20.84,93.4,359,114.2,325,68.4,188,12/25/24 0:00
,,,,,Strength of Schedule,NCSOS,,,,12/25/24 0:00
Rk,Team,Conf,NetRtg,ORtg,DRtg,AdjT,Luck,NetRtg,ORtg,12/25/24 0:00
361,Chicago St.,NEC,-22.18,90.8,362,113,308,70.4,83,12/25/24 0:00
362,Coppin St.,MEAC,-24.21,88.3,363,112.5,297,67.6,224,12/25/24 0:00
363,Arkansas Pine Bluff,SWAC,-24.6,98.7,324,123.3,364,72.9,14,12/25/24 0:00
364,Mississippi Valley St.,SWAC,-33.1,87,364,120.1,361,65.7,315,12/25/24 0:00
1,Auburn,SEC,36.32,131,1,94.7,10,68.5,177,12/26/24 0:00
2,Duke,ACC,32.71,120.8,10,88.1,1,66.4,265,12/26/24 0:00
3,Tennessee,SEC,31.22,119.8,14,88.6,2,66.7,257,12/26/24 0:00
4,Houston,B12,30.98,120.8,12,89.8,3,62.7,361,12/26/24 0:00
5,Iowa St.,B12,29.13,124.2,4,95,14,70.6,75,12/26/24 0:00
6,Gonzaga,WCC,28.47,124.6,3,96.1,24,71.2,55,12/26/24 0:00
7,Florida,SEC,27.37,122.8,6,95.4,16,70.4,84,12/26/24 0:00
8,Kansas,B12,24.65,118.1,26,93.5,8,70,106,12/26/24 0:00
9,Alabama,SEC,24.45,122.8,7,98.3,42,74.3,7,12/26/24 0:00
10,Marquette,BE,23.95,119.6,16,95.6,20,68.7,165,12/26/24 0:00
11,Maryland,B10,23.59,117,35,93.4,6,70.6,72,12/26/24 0:00
12,St. John's,BE,22.7,117.6,29,94.9,12,70.9,65,12/26/24 0:00
13,Texas Tech,B12,22.62,120.2,13,97.6,34,67.2,241,12/26/24 0:00
14,Oregon,B10,22.31,118.6,22,96.3,25,69,155,12/26/24 0:00
15,Connecticut,BE,22.3,124.7,2,102.4,98,65.5,321,12/26/24 0:00
16,Michigan St.,B10,22.29,117.5,32,95.2,15,68.5,178,12/26/24 0:00
17,UCLA,B10,22.12,113.7,60,91.6,4,66.8,253,12/26/24 0:00
18,Baylor,B12,22.03,123.5,5,101.4,83,66.3,278,12/26/24 0:00
19,Mississippi St.,SEC,22.01,119.5,17,97.4,33,68.6,174,12/26/24 0:00
20,Texas A&M,SEC,21.99,115.4,43,93.5,7,67.3,231,12/26/24 0:00
21,Cincinnati,B12,21.97,114.9,52,92.9,5,66.4,268,12/26/24 0:00
22,Michigan,B10,21.93,117.6,30,95.7,23,70.6,76,12/26/24 0:00
23,Illinois,B10,21.82,116.6,37,94.8,11,71.9,37,12/26/24 0:00
24,Arizona,B12,21.77,117.4,33,95.6,21,71.7,42,12/26/24 0:00
25,Pittsburgh,ACC,21.3,119.2,19,97.9,37,69,157,12/26/24 0:00
26,Kentucky,SEC,20.68,120.8,11,100.1,62,71.9,36,12/26/24 0:00
27,Purdue,B10,20.62,121.4,9,100.8,73,65.9,295,12/26/24 0:00
28,North Carolina,ACC,20.12,118.6,21,98.5,46,74.5,3,12/26/24 0:00
29,Ohio St.,B10,20.09,118.2,25,98.2,40,68.2,198,12/26/24 0:00
30,Mississippi,SEC,19.82,118.3,24,98.5,47,68.1,202,12/26/24 0:00
31,Clemson,ACC,19.04,116.1,40,97,28,66.1,286,12/26/24 0:00
32,Dayton,A10,18.89,119.4,18,100.5,68,65.7,312,12/26/24 0:00
33,Wisconsin,B10,18.55,119.8,15,101.2,79,68.6,175,12/26/24 0:00
34,Penn St.,B10,18.23,116.7,36,98.5,45,72.2,26,12/26/24 0:00
35,Texas,SEC,17.99,115.1,48,97.1,29,67.9,209,12/26/24 0:00
36,San Diego St.,MWC,17.68,112.6,72,95,13,66.4,266,12/26/24 0:00
37,Oklahoma,SEC,17.64,117.9,27,100.3,65,68.5,181,12/26/24 0:00
38,Georgia,SEC,17.33,114.5,55,97.2,31,67.2,238,12/26/24 0:00
39,Nebraska,B10,17.22,112.7,70,95.5,19,69,152,12/26/24 0:00
40,SMU,ACC,16.97,118.5,23,101.5,84,70.4,81,12/26/24 0:00
,,,,,Strength of Schedule,NCSOS,,,,12/26/24 0:00
Rk,Team,Conf,NetRtg,ORtg,DRtg,AdjT,Luck,NetRtg,ORtg,12/26/24 0:00
41,BYU,B12,16.94,117.7,28,100.8,74,69.1,148,12/26/24 0:00
42,Memphis,Amer,16.86,116.4,39,99.5,54,70.6,73,12/26/24 0:00
43,Arkansas,SEC,16.85,113.7,59,96.9,27,70.3,89,12/26/24 0:00
44,Iowa,B10,16.52,118.7,20,102.2,91,71.8,39,12/26/24 0:00
45,Saint Mary's,WCC,16.35,115.6,42,99.2,51,63.9,351,12/26/24 0:00
46,Utah St.,MWC,15.96,115.2,46,99.2,50,70.6,77,12/26/24 0:00
47,VCU,A10,15.79,110.4,110,94.6,9,68,207,12/26/24 0:00
48,West Virginia,B12,15.73,112.1,80,96.4,26,66.7,256,12/26/24 0:00
49,Northwestern,B10,15.43,110.9,101,95.4,17,65.9,293,12/26/24 0:00
50,Louisville,ACC,15.05,115.3,45,100.3,63,68.9,160,12/26/24 0:00
51,Creighton,BE,14.98,114.9,50,100,60,69.8,116,12/26/24 0:00
52,Missouri,SEC,14.93,117.5,31,102.6,100,69.1,149,12/26/24 0:00
53,Vanderbilt,SEC,14.87,117.2,34,102.3,97,72,33,12/26/24 0:00
54,Villanova,BE,14.75,122.6,8,107.9,192,64.5,342,12/26/24 0:00
55,Indiana,B10,14.63,114.7,53,100.1,61,71.1,58,12/26/24 0:00
56,Nevada,MWC,14.35,115.7,41,101.3,82,64.1,347,12/26/24 0:00
57,Xavier,BE,14.31,114.6,54,100.3,64,69.4,128,12/26/24 0:00
58,Boise St.,MWC,14.29,114,57,99.7,57,68.6,172,12/26/24 0:00
59,Arizona St.,B12,14.11,112.4,75,98.2,41,69.1,144,12/26/24 0:00
60,LSU,SEC,13.49,111.9,83,98.4,44,69.8,114,12/26/24 0:00
61,San Francisco,WCC,13.29,110.4,109,97.1,30,68.2,199,12/26/24 0:00
62,Liberty,CUSA,12.57,111,99,98.4,43,64,350,12/26/24 0:00
63,Utah,B12,12.47,113.1,64,100.6,69,71.8,41,12/26/24 0:00
64,South Carolina,SEC,12.44,112.1,81,99.7,56,66.8,254,12/26/24 0:00
65,Oregon St.,WCC,12.27,111.7,87,99.4,52,65.9,292,12/26/24 0:00
66,Georgetown,BE,11.91,110.5,107,98.6,48,69.3,135,12/26/24 0:00
67,New Mexico,MWC,11.42,113.3,62,101.9,90,74.2,9,12/26/24 0:00
68,Butler,BE,11.31,113.9,58,102.6,101,67.8,212,12/26/24 0:00
69,UC Irvine,BW,11.19,106.9,164,95.7,22,70.2,94,12/26/24 0:00
70,Florida St.,ACC,11.03,111.4,89,100.4,66,70.8,66,12/26/24 0:00
71,Bradley,MVC,10.9,115.4,44,104.5,131,66.4,264,12/26/24 0:00
72,North Texas,Amer,10.84,108.2,139,97.4,32,63.4,356,12/26/24 0:00
73,Santa Clara,WCC,10.78,113.6,61,102.8,103,69.1,145,12/26/24 0:00
74,TCU,B12,10.65,106.1,177,95.4,18,68.6,176,12/26/24 0:00
75,UCF,B12,10.57,111.3,94,100.7,72,70,105,12/26/24 0:00
76,Colorado,B12,10.39,109.8,121,99.4,53,68.3,189,12/26/24 0:00
77,Providence,BE,10.34,110.1,118,99.7,58,64.9,335,12/26/24 0:00
78,Drake,MVC,10.32,110.2,115,99.9,59,62.5,362,12/26/24 0:00
79,Washington St.,WCC,10.32,111.3,92,101,76,71.8,40,12/26/24 0:00
80,St. Bonaventure,A10,10.3,108.2,141,97.9,36,66.2,280,12/26/24 0:00
,,,,,Strength of Schedule,NCSOS,,,,12/26/24 0:00
Rk,Team,Conf,NetRtg,ORtg,DRtg,AdjT,Luck,NetRtg,ORtg,12/26/24 0:00
81,UC San Diego,BW,10.26,111.9,84,101.7,87,67.4,230,12/26/24 0:00
82,USC,B10,10.17,111,97,100.9,75,68.7,166,12/26/24 0:00
83,George Mason,A10,10.03,108,146,98,38,67,247,12/26/24 0:00
84,Rutgers,B10,9.82,112.9,66,103.1,107,71.1,57,12/26/24 0:00
85,N.C. State,ACC,9.52,111.4,91,101.8,88,66.3,275,12/26/24 0:00
86,Notre Dame,ACC,9.51,112.7,71,103.2,108,66.4,269,12/26/24 0:00
87,Saint Joseph's,A10,9.1,110.1,117,101,77,70.2,95,12/26/24 0:00
88,McNeese,Slnd,8.92,110.2,116,101.3,80,65.8,307,12/26/24 0:00
89,Rhode Island,A10,8.59,111,98,102.4,99,72.6,17,12/26/24 0:00
90,Kansas St.,B12,8.46,110.7,103,102.2,94,68.7,167,12/26/24 0:00
91,Florida Atlantic,Amer,8.09,115,49,106.9,173,72.5,19,12/26/24 0:00
92,Stanford,ACC,7.92,112.8,69,104.9,133,67.7,217,12/26/24 0:00
93,Yale,Ivy,7.85,113.2,63,105.4,137,68.4,186,12/26/24 0:00
94,Lipscomb,ASun,7.51,108.8,132,101.3,81,67.9,208,12/26/24 0:00
95,Northern Iowa,MVC,7.34,112.9,68,105.6,140,65.4,325,12/26/24 0:00
96,Colorado St.,MWC,7.31,108.5,135,101.2,78,68.2,197,12/26/24 0:00
97,Arkansas St.,SB,7.14,108.8,133,101.6,86,71.4,50,12/26/24 0:00
98,Wake Forest,ACC,6.91,105.5,194,98.6,49,66.6,259,12/26/24 0:00
99,Louisiana Tech,CUSA,6.78,110.4,111,103.6,114,65.7,310,12/26/24 0:00
100,Virginia,ACC,6.72,104.9,209,98.1,39,61.3,364,12/26/24 0:00
101,UNLV,MWC,6.66,110.6,105,104,121,65.8,299,12/26/24 0:00
102,DePaul,BE,6.6,110.5,106,103.9,119,68.9,158,12/26/24 0:00
103,Washington,B10,6.58,107.3,156,100.7,71,69.7,121,12/26/24 0:00
104,Oklahoma St.,B12,6.55,109.5,124,103,105,72.1,29,12/26/24 0:00
105,Wichita St.,Amer,6.47,109.2,129,102.8,102,71.5,48,12/26/24 0:00
106,Grand Canyon,WAC,6.11,108.3,137,102.2,92,72.3,21,12/26/24 0:00
107,Miami FL,ACC,5.68,116.6,38,110.9,267,66.7,258,12/26/24 0:00
108,Syracuse,ACC,5.58,112.2,79,106.6,168,70.5,79,12/26/24 0:00
109,Princeton,Ivy,5.33,112.2,78,106.9,174,68.1,201,12/26/24 0:00
110,Western Kentucky,CUSA,5.28,105.7,187,100.4,67,73.5,11,12/26/24 0:00
111,Davidson,A10,5.03,112,82,107,178,67,246,12/26/24 0:00
112,North Dakota St.,Sum,4.99,114.9,51,109.9,238,65.7,313,12/26/24 0:00
113,Furman,SC,4.69,107.7,150,103,104,65.8,300,12/26/24 0:00
114,Georgia Tech,ACC,4.66,108.2,140,103.5,112,70.6,74,12/26/24 0:00
115,Minnesota,B10,4.6,106.2,174,101.6,85,63,360,12/26/24 0:00
116,Troy,SB,4.39,106.6,168,102.2,93,67.3,232,12/26/24 0:00
117,High Point,BSth,4.31,114.5,56,110.1,241,66.6,261,12/26/24 0:00
118,Loyola Chicago,A10,4.23,106.5,169,102.3,96,69.3,136,12/26/24 0:00
119,South Dakota St.,Sum,4.13,109.5,125,105.3,136,69.8,112,12/26/24 0:00
120,Texas St.,SB,4,110,120,106,150,65.6,319,12/26/24 0:00
,,,,,Strength of Schedule,NCSOS,,,,12/26/24 0:00
Rk,Team,Conf,NetRtg,ORtg,DRtg,AdjT,Luck,NetRtg,ORtg,12/26/24 0:00
121,Samford,SC,3.92,115.1,47,111.2,271,72.2,24,12/26/24 0:00
122,Kent St.,MAC,3.85,103.4,230,99.6,55,65.7,311,12/26/24 0:00
123,Murray St.,MVC,3.73,108.1,142,104.4,128,66,289,12/26/24 0:00
124,St. Thomas,Sum,3.55,111.8,86,108.3,201,69.3,139,12/26/24 0:00
125,Temple,Amer,3.47,107.6,151,104.1,123,69.1,147,12/26/24 0:00
126,Charleston,CAA,3.38,107.1,157,103.7,116,72.3,22,12/26/24 0:00
127,Milwaukee,Horz,2.67,110,119,107.3,184,70.1,99,12/26/24 0:00
128,Middle Tennessee,CUSA,2.6,107.1,158,104.5,129,69.2,143,12/26/24 0:00
129,Cornell,Ivy,2.6,112.3,76,109.7,232,71.6,46,12/26/24 0:00
130,East Tennessee St.,SC,2.4,109,131,106.6,166,67.5,228,12/26/24 0:00
131,Belmont,MVC,2.4,112.6,73,110.2,243,72.5,18,12/26/24 0:00
132,George Washington,A10,2.3,108.3,138,106,149,69.2,140,12/26/24 0:00
133,UNC Wilmington,CAA,2.29,110.2,114,107.9,193,67.8,214,12/26/24 0:00
134,UMass Lowell,AE,2.22,111.9,85,109.7,228,71.8,38,12/26/24 0:00
135,California,ACC,2.22,111.4,90,109.2,217,69.7,119,12/26/24 0:00
136,Seton Hall,BE,2.13,100,298,97.8,35,63.4,357,12/26/24 0:00
137,Sam Houston St.,CUSA,1.9,112.5,74,110.6,254,69.8,117,12/26/24 0:00
138,UAB,Amer,1.85,112.9,67,111.1,269,70.8,68,12/26/24 0:00
139,Akron,MAC,1.62,108,147,106.4,159,71.6,45,12/26/24 0:00
140,UC Santa Barbara,BW,1.62,107.9,149,106.2,156,65.7,309,12/26/24 0:00
141,Seattle,WAC,1.57,108.7,134,107.1,181,67.5,226,12/26/24 0:00
142,UTEP,CUSA,1.37,104.9,208,103.5,111,69.5,125,12/26/24 0:00
143,Wofford,SC,1.33,111.1,95,109.8,234,64.8,337,12/26/24 0:00
144,Purdue Fort Wayne,Horz,1.08,113,65,111.9,285,69.4,133,12/26/24 0:00
145,UNC Greensboro,SC,0.82,105.2,202,104.4,127,65,333,12/26/24 0:00
146,Illinois St.,MVC,0.79,110.3,113,109.5,224,66.1,287,12/26/24 0:00
147,Loyola Marymount,WCC,0.68,105.2,203,104.5,130,68.3,192,12/26/24 0:00
148,Columbia,Ivy,0.67,110.6,104,110,239,69,154,12/26/24 0:00
149,Cal Baptist,WAC,0.49,111.3,93,110.8,262,65.8,301,12/26/24 0:00
150,South Alabama,SB,0.44,105.7,184,105.3,135,64.7,338,12/26/24 0:00
151,Saint Louis,A10,0.31,111.1,96,110.8,259,68.6,170,12/26/24 0:00
152,Virginia Tech,ACC,0.2,105.8,183,105.6,141,65.1,331,12/26/24 0:00
153,Jacksonville St.,CUSA,0.09,110.9,100,110.8,260,66.3,277,12/26/24 0:00
154,James Madison,SB,0.01,108.3,136,108.3,203,66.4,267,12/26/24 0:00
155,Northeastern,CAA,-0.02,103.7,226,103.7,117,69.7,120,12/26/24 0:00
156,Utah Valley,WAC,-0.04,103.2,238,103.2,109,69.6,123,12/26/24 0:00
157,Northern Colorado,BSky,-0.09,109.3,128,109.4,223,71.3,53,12/26/24 0:00
158,Ohio,MAC,-0.14,109.7,123,109.8,235,70.7,70,12/26/24 0:00
159,La Salle,A10,-0.16,105.9,180,106.1,154,71,60,12/26/24 0:00
160,CSUN,BW,-0.18,104.6,215,104.7,132,73.1,13,12/26/24 0:00
,,,,,Strength of Schedule,NCSOS,,,,12/26/24 0:00
Rk,Team,Conf,NetRtg,ORtg,DRtg,AdjT,Luck,NetRtg,ORtg,12/26/24 0:00
161,Wright St.,Horz,-0.49,110.3,112,110.8,261,68.2,196,12/26/24 0:00
162,Montana St.,BSky,-0.58,107.9,148,108.5,207,67.6,221,12/26/24 0:00
163,Elon,CAA,-0.6,107.1,159,107.7,188,66.2,282,12/26/24 0:00
164,Hofstra,CAA,-0.6,102.4,253,103,106,65.4,326,12/26/24 0:00
165,Wyoming,MWC,-0.66,105.6,190,106.3,157,65.8,297,12/26/24 0:00
166,Longwood,BSth,-0.77,104.6,214,105.4,138,69.3,134,12/26/24 0:00
167,Hawaii,BW,-0.78,105,206,105.7,145,66.2,279,12/26/24 0:00
168,Duquesne,A10,-0.81,103.3,234,104.1,124,65.3,327,12/26/24 0:00
169,Boston College,ACC,-0.83,106.9,163,107.8,189,67.4,229,12/26/24 0:00
170,Appalachian St.,SB,-0.94,102.5,249,103.4,110,65.2,329,12/26/24 0:00
171,Norfolk St.,MEAC,-1,107.4,153,108.4,204,66.7,255,12/26/24 0:00
172,Missouri St.,MVC,-1.01,104.7,212,105.7,143,66,290,12/26/24 0:00
173,UNC Asheville,BSth,-1.12,109.4,126,110.5,251,67.2,240,12/26/24 0:00
174,UC Riverside,BW,-1.12,105.6,192,106.7,170,68.1,203,12/26/24 0:00
175,North Alabama,ASun,-1.17,107,162,108.1,198,68.7,169,12/26/24 0:00
176,East Carolina,Amer,-1.21,105.9,179,107.1,182,66.1,284,12/26/24 0:00
177,UT Arlington,WAC,-1.21,109.3,127,110.6,252,70.7,71,12/26/24 0:00
178,Chattanooga,SC,-1.27,109.2,130,110.5,249,67.3,235,12/26/24 0:00
179,Drexel,CAA,-1.37,105.5,197,106.8,172,64.4,345,12/26/24 0:00
180,Indiana St.,MVC,-1.41,110.4,108,111.8,283,73.3,12,12/26/24 0:00
181,Rice,Amer,-1.42,102.9,244,104.3,125,66.3,272,12/26/24 0:00
182,Florida Gulf Coast,ASun,-1.43,106.8,166,108.3,200,64.7,339,12/26/24 0:00
183,South Florida,Amer,-1.46,107.3,154,108.8,213,69.1,146,12/26/24 0:00
184,Winthrop,BSth,-1.56,105.9,181,107.5,186,74.4,5,12/26/24 0:00
185,Texas A&M Corpus Chris,Slnd,-1.59,107,161,108.6,211,69.8,115,12/26/24 0:00
186,Miami OH,MAC,-1.69,105.3,199,107,177,69.5,126,12/26/24 0:00
187,North Florida,ASun,-1.73,112.2,77,114,322,72.1,30,12/26/24 0:00
188,Jacksonville,ASun,-1.76,101.9,264,103.6,115,69.8,118,12/26/24 0:00
189,Lamar,Slnd,-1.81,103.7,225,105.5,139,67.2,237,12/26/24 0:00
190,Merrimack,MAAC,-1.83,102.2,258,104,122,65.6,320,12/26/24 0:00
191,Brown,Ivy,-1.88,106,178,107.9,191,65.8,305,12/26/24 0:00
192,Marshall,SB,-2.01,105.3,200,107.3,183,70.1,98,12/26/24 0:00
193,Fordham,A10,-2.04,104.5,216,106.5,163,71.7,43,12/26/24 0:00
194,Bryant,AE,-2.11,105.7,186,107.8,190,74.3,6,12/26/24 0:00
195,San Jose St.,MWC,-2.3,107.4,152,109.7,231,66.1,283,12/26/24 0:00
196,Southern Illinois,MVC,-2.36,104.1,219,106.5,161,70.4,80,12/26/24 0:00
197,Radford,BSth,-2.57,106.8,167,109.3,222,65.3,328,12/26/24 0:00
198,Montana,BSky,-2.58,108,144,110.6,255,69.4,131,12/26/24 0:00
199,Oakland,Horz,-2.84,106.4,172,109.2,220,63.1,359,12/26/24 0:00
200,Northern Kentucky,Horz,-3.08,100.7,288,103.7,118,66.3,270,12/26/24 0:00
,,,,,Strength of Schedule,NCSOS,,,,12/26/24 0:00
Rk,Team,Conf,NetRtg,ORtg,DRtg,AdjT,Luck,NetRtg,ORtg,12/26/24 0:00
201,New Mexico St.,CUSA,-3.11,103.4,232,106.5,162,67.9,210,12/26/24 0:00
202,Youngstown St.,Horz,-3.18,98.7,326,101.9,89,70,107,12/26/24 0:00
203,Tulane,Amer,-3.3,104.8,211,108.1,196,68.3,194,12/26/24 0:00
204,Illinois Chicago,MVC,-3.33,105.4,198,108.7,212,70.4,85,12/26/24 0:00
205,Charlotte,Amer,-3.4,108,145,111.4,276,65.5,322,12/26/24 0:00
206,Central Connecticut,NEC,-3.52,100.8,285,104.3,126,65.8,296,12/26/24 0:00
207,Massachusetts,A10,-3.64,103.9,222,107.5,187,72,35,12/26/24 0:00
208,Pepperdine,WCC,-3.81,103.6,229,107.4,185,70.1,101,12/26/24 0:00
209,Kennesaw St.,CUSA,-3.84,104.3,217,108.2,199,72.7,16,12/26/24 0:00
210,Cleveland St.,Horz,-3.84,102.2,259,106,152,67.5,227,12/26/24 0:00
211,Saint Peter's,MAAC,-3.84,102.3,256,106.2,155,63.2,358,12/26/24 0:00
212,Abilene Christian,WAC,-4.12,102.5,251,106.6,167,68.8,162,12/26/24 0:00
213,Southern Utah,WAC,-4.23,105,205,109.2,219,70.1,102,12/26/24 0:00
214,Toledo,MAC,-4.4,109.8,122,114.2,327,70.9,64,12/26/24 0:00
215,Maine,AE,-4.45,101.6,274,106,151,68.1,200,12/26/24 0:00
216,Southeastern Louisiana,Slnd,-4.45,99.5,310,104,120,68.7,164,12/26/24 0:00
217,William & Mary,CAA,-4.46,110.8,102,115.3,343,72,34,12/26/24 0:00
218,Little Rock,OVC,-4.48,99.1,319,103.6,113,67.8,215,12/26/24 0:00
219,Valparaiso,MVC,-4.55,106.8,165,111.4,274,70.4,86,12/26/24 0:00
220,Stephen F. Austin,Slnd,-4.55,96.1,346,100.6,70,66.3,276,12/26/24 0:00
221,Richmond,A10,-4.61,104.7,213,109.3,221,67.2,239,12/26/24 0:00
222,Weber St.,BSky,-4.62,106.3,173,110.9,264,65.7,316,12/26/24 0:00
223,Central Michigan,MAC,-4.67,102,262,106.7,171,69.2,141,12/26/24 0:00
224,Gardner Webb,BSth,-4.74,105.8,182,110.6,253,70.4,82,12/26/24 0:00
225,Towson,CAA,-4.92,101.6,270,106.6,165,63.6,354,12/26/24 0:00
226,UT Rio Grande Valley,Slnd,-5.06,105.7,188,110.7,258,71.3,52,12/26/24 0:00
227,Eastern Kentucky,ASun,-5.07,107.3,155,112.4,296,69.5,127,12/26/24 0:00
228,Albany,AE,-5.12,105.5,196,110.6,256,70.5,78,12/26/24 0:00
229,UC Davis,BW,-5.17,97.1,340,102.3,95,71.4,49,12/26/24 0:00
230,UTSA,Amer,-5.18,105.5,195,110.7,257,72.2,27,12/26/24 0:00
231,Kansas City,Sum,-5.26,103.3,235,108.6,210,66.2,281,12/26/24 0:00
232,American,PL,-5.31,105.1,204,110.4,248,64.4,344,12/26/24 0:00
233,South Dakota,Sum,-5.57,111.6,88,117.1,355,74.6,2,12/26/24 0:00
234,Marist,MAAC,-5.62,102.8,245,108.5,208,64.1,348,12/26/24 0:00
235,Mount St. Mary's,MAAC,-5.77,101.2,284,107,176,69.3,138,12/26/24 0:00
236,Nicholls,Slnd,-5.85,102.4,252,108.3,202,69.2,142,12/26/24 0:00
237,UMBC,AE,-5.87,106.4,171,112.3,294,72.5,20,12/26/24 0:00
238,Mercer,SC,-6.04,104.9,210,110.9,265,72,32,12/26/24 0:00
239,Vermont,AE,-6.11,98.9,321,105,134,64.3,346,12/26/24 0:00
240,Delaware,CAA,-6.12,107,160,113.1,314,70.8,67,12/26/24 0:00
,,,,,Strength of Schedule,NCSOS,,,,12/26/24 0:00
Rk,Team,Conf,NetRtg,ORtg,DRtg,AdjT,Luck,NetRtg,ORtg,12/26/24 0:00
241,Southern,SWAC,-6.12,99.7,306,105.8,146,69.4,129,12/26/24 0:00
242,Hampton,CAA,-6.35,103.3,236,109.6,227,65.6,317,12/26/24 0:00
243,Georgia Southern,SB,-6.42,100.7,287,107.1,180,72.8,15,12/26/24 0:00
244,Robert Morris,Horz,-6.5,99.4,314,105.9,147,70.1,100,12/26/24 0:00
245,Idaho St.,BSky,-6.58,101.5,276,108.1,197,65.8,306,12/26/24 0:00
246,Cal Poly,BW,-6.61,105.2,201,111.8,282,76.3,1,12/26/24 0:00
247,South Carolina St.,MEAC,-6.69,100.3,293,107,175,68.3,191,12/26/24 0:00
248,Portland St.,BSky,-6.89,103.3,233,110.2,244,71.2,54,12/26/24 0:00
249,Lehigh,PL,-7.01,105.6,193,112.6,300,67.8,213,12/26/24 0:00
250,Boston University,PL,-7.01,103.4,231,110.4,247,63.7,353,12/26/24 0:00
251,Quinnipiac,MAAC,-7.24,101.3,282,108.5,209,71,61,12/26/24 0:00
252,Tulsa,Amer,-7.29,102.6,248,109.9,237,68.6,171,12/26/24 0:00
253,Howard,MEAC,-7.34,105.6,191,112.9,307,68.6,173,12/26/24 0:00
254,Presbyterian,BSth,-7.37,104.3,218,111.7,280,65.8,303,12/26/24 0:00
255,Cal St. Bakersfield,BW,-7.5,102.5,250,110,240,65.4,323,12/26/24 0:00
256,FIU,CUSA,-7.65,98.9,322,106.5,164,70.3,90,12/26/24 0:00
257,Eastern Washington,BSky,-7.7,106.5,170,114.2,325,68.4,184,12/26/24 0:00
258,Northern Arizona,BSky,-7.79,105.6,189,113.4,316,67.6,220,12/26/24 0:00
259,Bucknell,PL,-7.8,98.1,335,105.9,148,68.7,168,12/26/24 0:00
260,Iona,MAAC,-7.86,100.2,296,108,195,69.9,111,12/26/24 0:00
261,Idaho,BSky,-7.87,108.1,143,116,350,66.3,273,12/26/24 0:00
262,Queens,ASun,-8.05,101.7,269,109.7,229,70.3,88,12/26/24 0:00
263,Northwestern St.,Slnd,-8.1,101.8,265,109.9,236,65.4,324,12/26/24 0:00
264,Manhattan,MAAC,-8.12,106.2,175,114.3,330,70,104,12/26/24 0:00
265,Ball St.,MAC,-8.19,102.7,247,110.9,263,67,243,12/26/24 0:00
266,Bethune Cookman,SWAC,-8.21,97.9,336,106.1,153,69.8,113,12/26/24 0:00
267,Colgate,PL,-8.27,102.8,246,111,268,66.3,274,12/26/24 0:00
268,Southeast Missouri,OVC,-8.41,100,297,108.4,206,70.8,69,12/26/24 0:00
269,SIUE,OVC,-8.63,99.4,315,108,194,66.8,252,12/26/24 0:00
270,Harvard,Ivy,-8.79,100.3,291,109.1,216,67.7,219,12/26/24 0:00
271,Georgia St.,SB,-9.03,101.4,280,110.4,246,70.3,87,12/26/24 0:00
272,Alabama St.,SWAC,-9.06,104.9,207,114,323,70.2,96,12/26/24 0:00
273,Incarnate Word,Slnd,-9.15,106.1,176,115.3,342,66.6,260,12/26/24 0:00
274,Monmouth,CAA,-9.23,103,239,112.3,295,68.4,185,12/26/24 0:00
275,Coastal Carolina,SB,-9.42,101.5,277,110.9,266,63.8,352,12/26/24 0:00
276,Air Force,MWC,-9.42,101.7,266,111.2,270,63.5,355,12/26/24 0:00
277,Lafayette,PL,-9.44,99.6,308,109.1,215,66.9,250,12/26/24 0:00
278,Fresno St.,MWC,-9.48,96.9,342,106.4,160,74.4,4,12/26/24 0:00
279,Austin Peay,ASun,-9.54,96.2,344,105.7,144,64.7,340,12/26/24 0:00
280,Dartmouth,Ivy,-9.65,99.6,309,109.2,218,71.1,59,12/26/24 0:00
,,,,,Strength of Schedule,NCSOS,,,,12/26/24 0:00
Rk,Team,Conf,NetRtg,ORtg,DRtg,AdjT,Luck,NetRtg,ORtg,12/26/24 0:00
281,Long Beach St.,BW,-9.66,102.9,243,112.6,302,65.2,330,12/26/24 0:00
282,Southern Miss,SB,-9.7,99.8,304,109.5,225,69.3,137,12/26/24 0:00
283,North Dakota,Sum,-9.77,105.7,185,115.5,347,68.9,159,12/26/24 0:00
284,Sacred Heart,MAAC,-9.79,102.4,255,112.2,292,70,103,12/26/24 0:00
285,Bowling Green,MAC,-9.85,103.3,237,113.1,313,70.9,63,12/26/24 0:00
286,Western Michigan,MAC,-10.11,103,242,113.1,311,67.1,242,12/26/24 0:00
287,Siena,MAAC,-10.11,99.7,307,109.8,233,64.8,336,12/26/24 0:00
288,North Carolina Central,MEAC,-10.12,103.8,223,113.9,320,67,245,12/26/24 0:00
289,Tennessee Martin,OVC,-10.2,98.2,333,108.4,205,68.3,190,12/26/24 0:00
290,Utah Tech,WAC,-10.25,102.4,254,112.7,303,67.7,216,12/26/24 0:00
291,Pacific,WCC,-10.39,99.9,302,110.2,245,68.8,163,12/26/24 0:00
292,Charleston Southern,BSth,-10.41,102.3,257,112.7,304,69.4,130,12/26/24 0:00
293,Army,PL,-10.59,104,220,114.6,335,67.7,218,12/26/24 0:00
294,Cal St. Fullerton,BW,-10.6,99.9,301,110.5,250,65,332,12/26/24 0:00
295,Morehead St.,OVC,-10.62,101.5,275,112.1,290,66.9,248,12/26/24 0:00
296,Tarleton St.,WAC,-10.72,95.7,352,106.4,158,66.1,285,12/26/24 0:00
297,Campbell,CAA,-10.77,98.7,324,109.5,226,67.3,234,12/26/24 0:00
298,Louisiana,SB,-10.88,102.1,261,113,309,68.2,195,12/26/24 0:00
299,Oral Roberts,Sum,-11.12,103.9,221,115,338,69,151,12/26/24 0:00
300,Nebraska Omaha,Sum,-11.18,101.7,268,112.9,305,67.6,222,12/26/24 0:00
301,San Diego,WCC,-11.19,95.9,351,107,179,72,31,12/26/24 0:00
302,Loyola MD,PL,-11.38,99.8,303,111.2,272,68.3,193,12/26/24 0:00
303,Binghamton,AE,-11.47,99.9,300,111.4,275,65.9,294,12/26/24 0:00
304,Jackson St.,SWAC,-11.58,95.1,354,106.7,169,69.7,122,12/26/24 0:00
305,Grambling St.,SWAC,-11.65,100.3,292,112,286,66.5,263,12/26/24 0:00
306,Stonehill,NEC,-11.77,101.6,271,113.4,315,65.8,304,12/26/24 0:00
307,Texas Southern,SWAC,-12.06,97.7,338,109.7,230,71.4,51,12/26/24 0:00
308,Holy Cross,PL,-12.06,103.6,228,115.7,348,65.7,314,12/26/24 0:00
309,Fairfield,MAAC,-12.09,103.7,224,115.8,349,67.3,233,12/26/24 0:00
310,Eastern Michigan,MAC,-12.11,101.6,273,113.7,318,67.8,211,12/26/24 0:00
311,Penn,Ivy,-12.29,102,263,114.3,329,65.8,302,12/26/24 0:00
312,Wagner,NEC,-12.63,93,361,105.7,142,61.9,363,12/26/24 0:00
313,Stony Brook,CAA,-12.75,101.5,278,114.2,326,67.2,236,12/26/24 0:00
314,Delaware St.,MEAC,-12.87,99.2,318,112.1,289,70.1,97,12/26/24 0:00
315,Detroit Mercy,Horz,-12.95,98.4,330,111.3,273,68,205,12/26/24 0:00
316,Western Carolina,SC,-12.99,96.1,347,109.1,214,72.2,23,12/26/24 0:00
317,North Carolina A&T,CAA,-13.09,100.7,286,113.8,319,74.2,8,12/26/24 0:00
318,Tennessee St.,OVC,-13.1,99.4,312,112.5,298,72.2,25,12/26/24 0:00
319,Portland,WCC,-13.12,98.8,323,111.9,284,70.3,91,12/26/24 0:00
320,Old Dominion,SB,-13.15,99.8,305,112.9,306,68.9,161,12/26/24 0:00
,,,,,Strength of Schedule,NCSOS,,,,12/26/24 0:00
Rk,Team,Conf,NetRtg,ORtg,DRtg,AdjT,Luck,NetRtg,ORtg,12/26/24 0:00
321,Tennessee Tech,OVC,-13.24,101.3,281,114.5,333,68.5,179,12/26/24 0:00
322,Green Bay,Horz,-13.44,103.7,227,117.1,356,70.9,62,12/26/24 0:00
323,Rider,MAAC,-13.48,100.2,295,113.7,317,64.6,341,12/26/24 0:00
324,Evansville,MVC,-13.54,98.5,328,112,288,68.1,204,12/26/24 0:00
325,Southern Indiana,OVC,-13.58,99,320,112.6,301,67,244,12/26/24 0:00
326,Niagara,MAAC,-13.79,101.4,279,115.2,341,64.4,343,12/26/24 0:00
327,Denver,Sum,-13.79,101.6,272,115.4,345,66.9,249,12/26/24 0:00
328,Eastern Illinois,OVC,-14.01,97.5,339,111.5,278,66.8,251,12/26/24 0:00
329,Navy,PL,-14.17,101.2,283,115.4,344,69,153,12/26/24 0:00
330,Fairleigh Dickinson,NEC,-14.25,102.2,260,116.4,352,71.2,56,12/26/24 0:00
331,Saint Francis,NEC,-14.31,99.9,299,114.2,328,69.4,132,12/26/24 0:00
332,Buffalo,MAC,-14.48,100.3,294,114.7,336,69.9,109,12/26/24 0:00
333,Le Moyne,NEC,-14.78,98.3,331,113.1,312,69.9,110,12/26/24 0:00
334,Western Illinois,OVC,-15.02,99.4,313,114.4,332,64,349,12/26/24 0:00
335,LIU,NEC,-15.12,95.1,355,110.2,242,68.3,188,12/26/24 0:00
336,VMI,SC,-15.47,99.4,311,114.9,337,68.4,183,12/26/24 0:00
337,Central Arkansas,ASun,-15.53,97,341,112.5,299,68.5,180,12/26/24 0:00
338,West Georgia,ASun,-15.58,98.4,329,114,321,67.6,224,12/26/24 0:00
339,Lindenwood,OVC,-16.06,96.2,345,112.2,293,69.1,150,12/26/24 0:00
340,Louisiana Monroe,SB,-16.09,95.9,349,112,287,68.4,182,12/26/24 0:00
341,Prairie View A&M,SWAC,-16.14,103,240,119.2,360,72.2,28,12/26/24 0:00
342,New Orleans,Slnd,-16.19,98.2,334,114.4,331,70.2,92,12/26/24 0:00
343,Sacramento St.,BSky,-16.24,95.2,353,111.5,277,66,291,12/26/24 0:00
344,USC Upstate,BSth,-16.85,97.7,337,114.6,334,74.1,10,12/26/24 0:00
345,Houston Christian,Slnd,-16.91,98.5,327,115.4,346,65.6,318,12/26/24 0:00
346,Morgan St.,MEAC,-16.94,100.6,289,117.6,357,71.6,47,12/26/24 0:00
347,IU Indy,Horz,-17.04,101.7,267,118.7,358,66.5,262,12/26/24 0:00
348,Alcorn St.,SWAC,-17.05,99.2,317,116.3,351,66.3,271,12/26/24 0:00
349,Bellarmine,ASun,-17.42,103,241,120.4,362,67.5,225,12/26/24 0:00
350,Florida A&M,SWAC,-17.75,93.8,358,111.6,279,69.9,108,12/26/24 0:00
351,Stetson,ASun,-17.82,99.3,316,117.1,354,69,156,12/26/24 0:00
352,East Texas A&M,Slnd,-17.98,94.2,357,112.2,291,69.5,124,12/26/24 0:00
353,Northern Illinois,MAC,-18.04,95,356,113,310,70.2,93,12/26/24 0:00
354,Mercyhurst,NEC,-18.59,96.5,343,115.1,339,64.9,334,12/26/24 0:00
355,NJIT,AE,-18.63,93,360,111.7,281,66,288,12/26/24 0:00
356,The Citadel,SC,-19.31,95.9,350,115.2,340,65.8,298,12/26/24 0:00
357,Canisius,MAAC,-20,100.4,290,120.4,363,65.8,308,12/26/24 0:00
358,Alabama A&M,SWAC,-20.64,96.1,348,116.7,353,71.7,44,12/26/24 0:00
359,Maryland Eastern Shore,MEAC,-20.69,98.3,332,118.9,359,68,206,12/26/24 0:00
360,New Hampshire,AE,-20.84,93.3,359,114.2,324,68.3,187,12/26/24 0:00
,,,,,Strength of Schedule,NCSOS,,,,12/26/24 0:00
Rk,Team,Conf,NetRtg,ORtg,DRtg,AdjT,Luck,NetRtg,ORtg,12/26/24 0:00
361,Chicago St.,NEC,-22.21,90.7,362,113,308,70.4,83,12/26/24 0:00
362,Coppin St.,MEAC,-24.21,88.3,363,112.5,297,67.6,223,12/26/24 0:00
363,Arkansas Pine Bluff,SWAC,-24.61,98.7,325,123.3,364,72.9,14,12/26/24 0:00
364,Mississippi Valley St.,SWAC,-33.11,87,364,120.1,361,65.7,315,12/26/24 0:00
1,Auburn,SEC,36.32,131,1,94.7,10,68.5,177,12/27/24 0:00
2,Duke,ACC,32.71,120.8,10,88.1,1,66.4,265,12/27/24 0:00
3,Tennessee,SEC,31.22,119.8,14,88.6,2,66.7,257,12/27/24 0:00
4,Houston,B12,30.98,120.8,12,89.8,3,62.7,361,12/27/24 0:00
5,Iowa St.,B12,29.13,124.2,4,95,14,70.6,75,12/27/24 0:00
6,Gonzaga,WCC,28.47,124.6,3,96.1,24,71.2,55,12/27/24 0:00
7,Florida,SEC,27.37,122.8,6,95.4,16,70.4,84,12/27/24 0:00
8,Kansas,B12,24.65,118.1,26,93.5,8,70,106,12/27/24 0:00
9,Alabama,SEC,24.45,122.8,7,98.3,42,74.3,7,12/27/24 0:00
10,Marquette,BE,23.95,119.6,16,95.6,20,68.7,165,12/27/24 0:00
11,Maryland,B10,23.59,117,35,93.4,6,70.6,72,12/27/24 0:00
12,St. John's,BE,22.7,117.6,29,94.9,12,70.9,65,12/27/24 0:00
13,Texas Tech,B12,22.62,120.2,13,97.6,34,67.2,241,12/27/24 0:00
14,Oregon,B10,22.31,118.6,22,96.3,25,69,155,12/27/24 0:00
15,Connecticut,BE,22.3,124.7,2,102.4,98,65.5,321,12/27/24 0:00
16,Michigan St.,B10,22.29,117.5,32,95.2,15,68.5,178,12/27/24 0:00
17,UCLA,B10,22.12,113.7,60,91.6,4,66.8,253,12/27/24 0:00
18,Baylor,B12,22.03,123.5,5,101.4,83,66.3,278,12/27/24 0:00
19,Mississippi St.,SEC,22.01,119.5,17,97.4,33,68.6,174,12/27/24 0:00
20,Texas A&M,SEC,21.99,115.4,43,93.5,7,67.3,231,12/27/24 0:00
21,Cincinnati,B12,21.97,114.9,52,92.9,5,66.4,268,12/27/24 0:00
22,Michigan,B10,21.93,117.6,30,95.7,23,70.6,76,12/27/24 0:00
23,Illinois,B10,21.82,116.6,37,94.8,11,71.9,37,12/27/24 0:00
24,Arizona,B12,21.77,117.4,33,95.6,21,71.7,42,12/27/24 0:00
25,Pittsburgh,ACC,21.3,119.2,19,97.9,37,69,157,12/27/24 0:00
26,Kentucky,SEC,20.68,120.8,11,100.1,62,71.9,36,12/27/24 0:00
27,Purdue,B10,20.62,121.4,9,100.8,73,65.9,295,12/27/24 0:00
28,North Carolina,ACC,20.12,118.6,21,98.5,46,74.5,3,12/27/24 0:00
29,Ohio St.,B10,20.09,118.2,25,98.2,40,68.2,198,12/27/24 0:00
30,Mississippi,SEC,19.82,118.3,24,98.5,47,68.1,202,12/27/24 0:00
31,Clemson,ACC,19.04,116.1,40,97,28,66.1,286,12/27/24 0:00
32,Dayton,A10,18.89,119.4,18,100.5,68,65.7,312,12/27/24 0:00
33,Wisconsin,B10,18.55,119.8,15,101.2,79,68.6,175,12/27/24 0:00
34,Penn St.,B10,18.23,116.7,36,98.5,45,72.2,26,12/27/24 0:00
35,Texas,SEC,17.99,115.1,48,97.1,29,67.9,209,12/27/24 0:00
36,San Diego St.,MWC,17.68,112.6,72,95,13,66.4,266,12/27/24 0:00
37,Oklahoma,SEC,17.64,117.9,27,100.3,65,68.5,181,12/27/24 0:00
38,Georgia,SEC,17.33,114.5,55,97.2,31,67.2,238,12/27/24 0:00
39,Nebraska,B10,17.22,112.7,70,95.5,19,69,152,12/27/24 0:00
40,SMU,ACC,16.97,118.5,23,101.5,84,70.4,81,12/27/24 0:00
,,,,,Strength of Schedule,NCSOS,,,,12/27/24 0:00
Rk,Team,Conf,NetRtg,ORtg,DRtg,AdjT,Luck,NetRtg,ORtg,12/27/24 0:00
41,BYU,B12,16.94,117.7,28,100.8,74,69.1,148,12/27/24 0:00
42,Memphis,Amer,16.86,116.4,39,99.5,54,70.6,73,12/27/24 0:00
43,Arkansas,SEC,16.85,113.7,59,96.9,27,70.3,89,12/27/24 0:00
44,Iowa,B10,16.52,118.7,20,102.2,91,71.8,39,12/27/24 0:00
45,Saint Mary's,WCC,16.35,115.6,42,99.2,51,63.9,351,12/27/24 0:00
46,Utah St.,MWC,15.96,115.2,46,99.2,50,70.6,77,12/27/24 0:00
47,VCU,A10,15.79,110.4,110,94.6,9,68,207,12/27/24 0:00
48,West Virginia,B12,15.73,112.1,80,96.4,26,66.7,256,12/27/24 0:00
49,Northwestern,B10,15.43,110.9,101,95.4,17,65.9,293,12/27/24 0:00
50,Louisville,ACC,15.05,115.3,45,100.3,63,68.9,160,12/27/24 0:00
51,Creighton,BE,14.98,114.9,50,100,60,69.8,116,12/27/24 0:00
52,Missouri,SEC,14.93,117.5,31,102.6,100,69.1,149,12/27/24 0:00
53,Vanderbilt,SEC,14.87,117.2,34,102.3,97,72,33,12/27/24 0:00
54,Villanova,BE,14.75,122.6,8,107.9,192,64.5,342,12/27/24 0:00
55,Indiana,B10,14.63,114.7,53,100.1,61,71.1,58,12/27/24 0:00
56,Nevada,MWC,14.35,115.7,41,101.3,82,64.1,347,12/27/24 0:00
57,Xavier,BE,14.31,114.6,54,100.3,64,69.4,128,12/27/24 0:00
58,Boise St.,MWC,14.29,114,57,99.7,57,68.6,172,12/27/24 0:00
59,Arizona St.,B12,14.11,112.4,75,98.2,41,69.1,144,12/27/24 0:00
60,LSU,SEC,13.49,111.9,83,98.4,44,69.8,114,12/27/24 0:00
61,San Francisco,WCC,13.29,110.4,109,97.1,30,68.2,199,12/27/24 0:00
62,Liberty,CUSA,12.57,111,99,98.4,43,64,350,12/27/24 0:00
63,Utah,B12,12.47,113.1,64,100.6,69,71.8,41,12/27/24 0:00
64,South Carolina,SEC,12.44,112.1,81,99.7,56,66.8,254,12/27/24 0:00
65,Oregon St.,WCC,12.27,111.7,87,99.4,52,65.9,292,12/27/24 0:00
66,Georgetown,BE,11.91,110.5,107,98.6,48,69.3,135,12/27/24 0:00
67,New Mexico,MWC,11.42,113.3,62,101.9,90,74.2,9,12/27/24 0:00
68,Butler,BE,11.31,113.9,58,102.6,101,67.8,212,12/27/24 0:00
69,UC Irvine,BW,11.19,106.9,164,95.7,22,70.2,94,12/27/24 0:00
70,Florida St.,ACC,11.03,111.4,89,100.4,66,70.8,66,12/27/24 0:00
71,Bradley,MVC,10.9,115.4,44,104.5,131,66.4,264,12/27/24 0:00
72,North Texas,Amer,10.84,108.2,139,97.4,32,63.4,356,12/27/24 0:00
73,Santa Clara,WCC,10.78,113.6,61,102.8,103,69.1,145,12/27/24 0:00
74,TCU,B12,10.65,106.1,177,95.4,18,68.6,176,12/27/24 0:00
75,UCF,B12,10.57,111.3,94,100.7,72,70,105,12/27/24 0:00
76,Colorado,B12,10.39,109.8,121,99.4,53,68.3,189,12/27/24 0:00
77,Providence,BE,10.34,110.1,118,99.7,58,64.9,335,12/27/24 0:00
78,Drake,MVC,10.32,110.2,115,99.9,59,62.5,362,12/27/24 0:00
79,Washington St.,WCC,10.32,111.3,92,101,76,71.8,40,12/27/24 0:00
80,St. Bonaventure,A10,10.3,108.2,141,97.9,36,66.2,280,12/27/24 0:00
,,,,,Strength of Schedule,NCSOS,,,,12/27/24 0:00
Rk,Team,Conf,NetRtg,ORtg,DRtg,AdjT,Luck,NetRtg,ORtg,12/27/24 0:00
81,UC San Diego,BW,10.26,111.9,84,101.7,87,67.4,230,12/27/24 0:00
82,USC,B10,10.17,111,97,100.9,75,68.7,166,12/27/24 0:00
83,George Mason,A10,10.03,108,146,98,38,67,247,12/27/24 0:00
84,Rutgers,B10,9.82,112.9,66,103.1,107,71.1,57,12/27/24 0:00
85,N.C. State,ACC,9.52,111.4,91,101.8,88,66.3,275,12/27/24 0:00
86,Notre Dame,ACC,9.51,112.7,71,103.2,108,66.4,269,12/27/24 0:00
87,Saint Joseph's,A10,9.1,110.1,117,101,77,70.2,95,12/27/24 0:00
88,McNeese,Slnd,8.92,110.2,116,101.3,80,65.8,307,12/27/24 0:00
89,Rhode Island,A10,8.59,111,98,102.4,99,72.6,17,12/27/24 0:00
90,Kansas St.,B12,8.46,110.7,103,102.2,94,68.7,167,12/27/24 0:00
91,Florida Atlantic,Amer,8.09,115,49,106.9,173,72.5,19,12/27/24 0:00
92,Stanford,ACC,7.92,112.8,69,104.9,133,67.7,217,12/27/24 0:00
93,Yale,Ivy,7.85,113.2,63,105.4,137,68.4,186,12/27/24 0:00
94,Lipscomb,ASun,7.51,108.8,132,101.3,81,67.9,208,12/27/24 0:00
95,Northern Iowa,MVC,7.34,112.9,68,105.6,140,65.4,325,12/27/24 0:00
96,Colorado St.,MWC,7.31,108.5,135,101.2,78,68.2,197,12/27/24 0:00
97,Arkansas St.,SB,7.14,108.8,133,101.6,86,71.4,50,12/27/24 0:00
98,Wake Forest,ACC,6.91,105.5,194,98.6,49,66.6,259,12/27/24 0:00
99,Louisiana Tech,CUSA,6.78,110.4,111,103.6,114,65.7,310,12/27/24 0:00
100,Virginia,ACC,6.72,104.9,209,98.1,39,61.3,364,12/27/24 0:00
101,UNLV,MWC,6.66,110.6,105,104,121,65.8,299,12/27/24 0:00
102,DePaul,BE,6.6,110.5,106,103.9,119,68.9,158,12/27/24 0:00
103,Washington,B10,6.58,107.3,156,100.7,71,69.7,121,12/27/24 0:00
104,Oklahoma St.,B12,6.55,109.5,124,103,105,72.1,29,12/27/24 0:00
105,Wichita St.,Amer,6.47,109.2,129,102.8,102,71.5,48,12/27/24 0:00
106,Grand Canyon,WAC,6.11,108.3,137,102.2,92,72.3,21,12/27/24 0:00
107,Miami FL,ACC,5.68,116.6,38,110.9,267,66.7,258,12/27/24 0:00
108,Syracuse,ACC,5.58,112.2,79,106.6,168,70.5,79,12/27/24 0:00
109,Princeton,Ivy,5.33,112.2,78,106.9,174,68.1,201,12/27/24 0:00
110,Western Kentucky,CUSA,5.28,105.7,187,100.4,67,73.5,11,12/27/24 0:00
111,Davidson,A10,5.03,112,82,107,178,67,246,12/27/24 0:00
112,North Dakota St.,Sum,4.99,114.9,51,109.9,238,65.7,313,12/27/24 0:00
113,Furman,SC,4.69,107.7,150,103,104,65.8,300,12/27/24 0:00
114,Georgia Tech,ACC,4.66,108.2,140,103.5,112,70.6,74,12/27/24 0:00
115,Minnesota,B10,4.6,106.2,174,101.6,85,63,360,12/27/24 0:00
116,Troy,SB,4.39,106.6,168,102.2,93,67.3,232,12/27/24 0:00
117,High Point,BSth,4.31,114.5,56,110.1,241,66.6,261,12/27/24 0:00
118,Loyola Chicago,A10,4.23,106.5,169,102.3,96,69.3,136,12/27/24 0:00
119,South Dakota St.,Sum,4.13,109.5,125,105.3,136,69.8,112,12/27/24 0:00
120,Texas St.,SB,4,110,120,106,150,65.6,319,12/27/24 0:00
,,,,,Strength of Schedule,NCSOS,,,,12/27/24 0:00
Rk,Team,Conf,NetRtg,ORtg,DRtg,AdjT,Luck,NetRtg,ORtg,12/27/24 0:00
121,Samford,SC,3.92,115.1,47,111.2,271,72.2,24,12/27/24 0:00
122,Kent St.,MAC,3.85,103.4,230,99.6,55,65.7,311,12/27/24 0:00
123,Murray St.,MVC,3.73,108.1,142,104.4,128,66,289,12/27/24 0:00
124,St. Thomas,Sum,3.55,111.8,86,108.3,201,69.3,139,12/27/24 0:00
125,Temple,Amer,3.47,107.6,151,104.1,123,69.1,147,12/27/24 0:00
126,Charleston,CAA,3.38,107.1,157,103.7,116,72.3,22,12/27/24 0:00
127,Milwaukee,Horz,2.67,110,119,107.3,184,70.1,99,12/27/24 0:00
128,Middle Tennessee,CUSA,2.6,107.1,158,104.5,129,69.2,143,12/27/24 0:00
129,Cornell,Ivy,2.6,112.3,76,109.7,232,71.6,46,12/27/24 0:00
130,East Tennessee St.,SC,2.4,109,131,106.6,166,67.5,228,12/27/24 0:00
131,Belmont,MVC,2.4,112.6,73,110.2,243,72.5,18,12/27/24 0:00
132,George Washington,A10,2.3,108.3,138,106,149,69.2,140,12/27/24 0:00
133,UNC Wilmington,CAA,2.29,110.2,114,107.9,193,67.8,214,12/27/24 0:00
134,UMass Lowell,AE,2.22,111.9,85,109.7,228,71.8,38,12/27/24 0:00
135,California,ACC,2.22,111.4,90,109.2,217,69.7,119,12/27/24 0:00
136,Seton Hall,BE,2.13,100,298,97.8,35,63.4,357,12/27/24 0:00
137,Sam Houston St.,CUSA,1.9,112.5,74,110.6,254,69.8,117,12/27/24 0:00
138,UAB,Amer,1.85,112.9,67,111.1,269,70.8,68,12/27/24 0:00
139,Akron,MAC,1.62,108,147,106.4,159,71.6,45,12/27/24 0:00
140,UC Santa Barbara,BW,1.62,107.9,149,106.2,156,65.7,309,12/27/24 0:00
141,Seattle,WAC,1.57,108.7,134,107.1,181,67.5,226,12/27/24 0:00
142,UTEP,CUSA,1.37,104.9,208,103.5,111,69.5,125,12/27/24 0:00
143,Wofford,SC,1.33,111.1,95,109.8,234,64.8,337,12/27/24 0:00
144,Purdue Fort Wayne,Horz,1.08,113,65,111.9,285,69.4,133,12/27/24 0:00
145,UNC Greensboro,SC,0.82,105.2,202,104.4,127,65,333,12/27/24 0:00
146,Illinois St.,MVC,0.79,110.3,113,109.5,224,66.1,287,12/27/24 0:00
147,Loyola Marymount,WCC,0.68,105.2,203,104.5,130,68.3,192,12/27/24 0:00
148,Columbia,Ivy,0.67,110.6,104,110,239,69,154,12/27/24 0:00
149,Cal Baptist,WAC,0.49,111.3,93,110.8,262,65.8,301,12/27/24 0:00
150,South Alabama,SB,0.44,105.7,184,105.3,135,64.7,338,12/27/24 0:00
151,Saint Louis,A10,0.31,111.1,96,110.8,259,68.6,170,12/27/24 0:00
152,Virginia Tech,ACC,0.2,105.8,183,105.6,141,65.1,331,12/27/24 0:00
153,Jacksonville St.,CUSA,0.09,110.9,100,110.8,260,66.3,277,12/27/24 0:00
154,James Madison,SB,0.01,108.3,136,108.3,203,66.4,267,12/27/24 0:00
155,Northeastern,CAA,-0.02,103.7,226,103.7,117,69.7,120,12/27/24 0:00
156,Utah Valley,WAC,-0.04,103.2,238,103.2,109,69.6,123,12/27/24 0:00
157,Northern Colorado,BSky,-0.09,109.3,128,109.4,223,71.3,53,12/27/24 0:00
158,Ohio,MAC,-0.14,109.7,123,109.8,235,70.7,70,12/27/24 0:00
159,La Salle,A10,-0.16,105.9,180,106.1,154,71,60,12/27/24 0:00
160,CSUN,BW,-0.18,104.6,215,104.7,132,73.1,13,12/27/24 0:00
,,,,,Strength of Schedule,NCSOS,,,,12/27/24 0:00
Rk,Team,Conf,NetRtg,ORtg,DRtg,AdjT,Luck,NetRtg,ORtg,12/27/24 0:00
161,Wright St.,Horz,-0.49,110.3,112,110.8,261,68.2,196,12/27/24 0:00
162,Montana St.,BSky,-0.58,107.9,148,108.5,207,67.6,221,12/27/24 0:00
163,Elon,CAA,-0.6,107.1,159,107.7,188,66.2,282,12/27/24 0:00
164,Hofstra,CAA,-0.6,102.4,253,103,106,65.4,326,12/27/24 0:00
165,Wyoming,MWC,-0.66,105.6,190,106.3,157,65.8,297,12/27/24 0:00
166,Longwood,BSth,-0.77,104.6,214,105.4,138,69.3,134,12/27/24 0:00
167,Hawaii,BW,-0.78,105,206,105.7,145,66.2,279,12/27/24 0:00
168,Duquesne,A10,-0.81,103.3,234,104.1,124,65.3,327,12/27/24 0:00
169,Boston College,ACC,-0.83,106.9,163,107.8,189,67.4,229,12/27/24 0:00
170,Appalachian St.,SB,-0.94,102.5,249,103.4,110,65.2,329,12/27/24 0:00
171,Norfolk St.,MEAC,-1,107.4,153,108.4,204,66.7,255,12/27/24 0:00
172,Missouri St.,MVC,-1.01,104.7,212,105.7,143,66,290,12/27/24 0:00
173,UNC Asheville,BSth,-1.12,109.4,126,110.5,251,67.2,240,12/27/24 0:00
174,UC Riverside,BW,-1.12,105.6,192,106.7,170,68.1,203,12/27/24 0:00
175,North Alabama,ASun,-1.17,107,162,108.1,198,68.7,169,12/27/24 0:00
176,East Carolina,Amer,-1.21,105.9,179,107.1,182,66.1,284,12/27/24 0:00
177,UT Arlington,WAC,-1.21,109.3,127,110.6,252,70.7,71,12/27/24 0:00
178,Chattanooga,SC,-1.27,109.2,130,110.5,249,67.3,235,12/27/24 0:00
179,Drexel,CAA,-1.37,105.5,197,106.8,172,64.4,345,12/27/24 0:00
180,Indiana St.,MVC,-1.41,110.4,108,111.8,283,73.3,12,12/27/24 0:00
181,Rice,Amer,-1.42,102.9,244,104.3,125,66.3,272,12/27/24 0:00
182,Florida Gulf Coast,ASun,-1.43,106.8,166,108.3,200,64.7,339,12/27/24 0:00
183,South Florida,Amer,-1.46,107.3,154,108.8,213,69.1,146,12/27/24 0:00
184,Winthrop,BSth,-1.56,105.9,181,107.5,186,74.4,5,12/27/24 0:00
185,Texas A&M Corpus Chris,Slnd,-1.59,107,161,108.6,211,69.8,115,12/27/24 0:00
186,Miami OH,MAC,-1.69,105.3,199,107,177,69.5,126,12/27/24 0:00
187,North Florida,ASun,-1.73,112.2,77,114,322,72.1,30,12/27/24 0:00
188,Jacksonville,ASun,-1.76,101.9,264,103.6,115,69.8,118,12/27/24 0:00
189,Lamar,Slnd,-1.81,103.7,225,105.5,139,67.2,237,12/27/24 0:00
190,Merrimack,MAAC,-1.83,102.2,258,104,122,65.6,320,12/27/24 0:00
191,Brown,Ivy,-1.88,106,178,107.9,191,65.8,305,12/27/24 0:00
192,Marshall,SB,-2.01,105.3,200,107.3,183,70.1,98,12/27/24 0:00
193,Fordham,A10,-2.04,104.5,216,106.5,163,71.7,43,12/27/24 0:00
194,Bryant,AE,-2.11,105.7,186,107.8,190,74.3,6,12/27/24 0:00
195,San Jose St.,MWC,-2.3,107.4,152,109.7,231,66.1,283,12/27/24 0:00
196,Southern Illinois,MVC,-2.36,104.1,219,106.5,161,70.4,80,12/27/24 0:00
197,Radford,BSth,-2.57,106.8,167,109.3,222,65.3,328,12/27/24 0:00
198,Montana,BSky,-2.58,108,144,110.6,255,69.4,131,12/27/24 0:00
199,Oakland,Horz,-2.84,106.4,172,109.2,220,63.1,359,12/27/24 0:00
200,Northern Kentucky,Horz,-3.08,100.7,288,103.7,118,66.3,270,12/27/24 0:00
,,,,,Strength of Schedule,NCSOS,,,,12/27/24 0:00
Rk,Team,Conf,NetRtg,ORtg,DRtg,AdjT,Luck,NetRtg,ORtg,12/27/24 0:00
201,New Mexico St.,CUSA,-3.11,103.4,232,106.5,162,67.9,210,12/27/24 0:00
202,Youngstown St.,Horz,-3.18,98.7,326,101.9,89,70,107,12/27/24 0:00
203,Tulane,Amer,-3.3,104.8,211,108.1,196,68.3,194,12/27/24 0:00
204,Illinois Chicago,MVC,-3.33,105.4,198,108.7,212,70.4,85,12/27/24 0:00
205,Charlotte,Amer,-3.4,108,145,111.4,276,65.5,322,12/27/24 0:00
206,Central Connecticut,NEC,-3.52,100.8,285,104.3,126,65.8,296,12/27/24 0:00
207,Massachusetts,A10,-3.64,103.9,222,107.5,187,72,35,12/27/24 0:00
208,Pepperdine,WCC,-3.81,103.6,229,107.4,185,70.1,101,12/27/24 0:00
209,Kennesaw St.,CUSA,-3.84,104.3,217,108.2,199,72.7,16,12/27/24 0:00
210,Cleveland St.,Horz,-3.84,102.2,259,106,152,67.5,227,12/27/24 0:00
211,Saint Peter's,MAAC,-3.84,102.3,256,106.2,155,63.2,358,12/27/24 0:00
212,Abilene Christian,WAC,-4.12,102.5,251,106.6,167,68.8,162,12/27/24 0:00
213,Southern Utah,WAC,-4.23,105,205,109.2,219,70.1,102,12/27/24 0:00
214,Toledo,MAC,-4.4,109.8,122,114.2,327,70.9,64,12/27/24 0:00
215,Maine,AE,-4.45,101.6,274,106,151,68.1,200,12/27/24 0:00
216,Southeastern Louisiana,Slnd,-4.45,99.5,310,104,120,68.7,164,12/27/24 0:00
217,William & Mary,CAA,-4.46,110.8,102,115.3,343,72,34,12/27/24 0:00
218,Little Rock,OVC,-4.48,99.1,319,103.6,113,67.8,215,12/27/24 0:00
219,Valparaiso,MVC,-4.55,106.8,165,111.4,274,70.4,86,12/27/24 0:00
220,Stephen F. Austin,Slnd,-4.55,96.1,346,100.6,70,66.3,276,12/27/24 0:00
221,Richmond,A10,-4.61,104.7,213,109.3,221,67.2,239,12/27/24 0:00
222,Weber St.,BSky,-4.62,106.3,173,110.9,264,65.7,316,12/27/24 0:00
223,Central Michigan,MAC,-4.67,102,262,106.7,171,69.2,141,12/27/24 0:00
224,Gardner Webb,BSth,-4.74,105.8,182,110.6,253,70.4,82,12/27/24 0:00
225,Towson,CAA,-4.92,101.6,270,106.6,165,63.6,354,12/27/24 0:00
226,UT Rio Grande Valley,Slnd,-5.06,105.7,188,110.7,258,71.3,52,12/27/24 0:00
227,Eastern Kentucky,ASun,-5.07,107.3,155,112.4,296,69.5,127,12/27/24 0:00
228,Albany,AE,-5.12,105.5,196,110.6,256,70.5,78,12/27/24 0:00
229,UC Davis,BW,-5.17,97.1,340,102.3,95,71.4,49,12/27/24 0:00
230,UTSA,Amer,-5.18,105.5,195,110.7,257,72.2,27,12/27/24 0:00
231,Kansas City,Sum,-5.26,103.3,235,108.6,210,66.2,281,12/27/24 0:00
232,American,PL,-5.31,105.1,204,110.4,248,64.4,344,12/27/24 0:00
233,South Dakota,Sum,-5.57,111.6,88,117.1,355,74.6,2,12/27/24 0:00
234,Marist,MAAC,-5.62,102.8,245,108.5,208,64.1,348,12/27/24 0:00
235,Mount St. Mary's,MAAC,-5.77,101.2,284,107,176,69.3,138,12/27/24 0:00
236,Nicholls,Slnd,-5.85,102.4,252,108.3,202,69.2,142,12/27/24 0:00
237,UMBC,AE,-5.87,106.4,171,112.3,294,72.5,20,12/27/24 0:00
238,Mercer,SC,-6.04,104.9,210,110.9,265,72,32,12/27/24 0:00
239,Vermont,AE,-6.11,98.9,321,105,134,64.3,346,12/27/24 0:00
240,Delaware,CAA,-6.12,107,160,113.1,314,70.8,67,12/27/24 0:00
,,,,,Strength of Schedule,NCSOS,,,,12/27/24 0:00
Rk,Team,Conf,NetRtg,ORtg,DRtg,AdjT,Luck,NetRtg,ORtg,12/27/24 0:00
241,Southern,SWAC,-6.12,99.7,306,105.8,146,69.4,129,12/27/24 0:00
242,Hampton,CAA,-6.35,103.3,236,109.6,227,65.6,317,12/27/24 0:00
243,Georgia Southern,SB,-6.42,100.7,287,107.1,180,72.8,15,12/27/24 0:00
244,Robert Morris,Horz,-6.5,99.4,314,105.9,147,70.1,100,12/27/24 0:00
245,Idaho St.,BSky,-6.58,101.5,276,108.1,197,65.8,306,12/27/24 0:00
246,Cal Poly,BW,-6.61,105.2,201,111.8,282,76.3,1,12/27/24 0:00
247,South Carolina St.,MEAC,-6.69,100.3,293,107,175,68.3,191,12/27/24 0:00
248,Portland St.,BSky,-6.89,103.3,233,110.2,244,71.2,54,12/27/24 0:00
249,Lehigh,PL,-7.01,105.6,193,112.6,300,67.8,213,12/27/24 0:00
250,Boston University,PL,-7.01,103.4,231,110.4,247,63.7,353,12/27/24 0:00
251,Quinnipiac,MAAC,-7.24,101.3,282,108.5,209,71,61,12/27/24 0:00
252,Tulsa,Amer,-7.29,102.6,248,109.9,237,68.6,171,12/27/24 0:00
253,Howard,MEAC,-7.34,105.6,191,112.9,307,68.6,173,12/27/24 0:00
254,Presbyterian,BSth,-7.37,104.3,218,111.7,280,65.8,303,12/27/24 0:00
255,Cal St. Bakersfield,BW,-7.5,102.5,250,110,240,65.4,323,12/27/24 0:00
256,FIU,CUSA,-7.65,98.9,322,106.5,164,70.3,90,12/27/24 0:00
257,Eastern Washington,BSky,-7.7,106.5,170,114.2,325,68.4,184,12/27/24 0:00
258,Northern Arizona,BSky,-7.79,105.6,189,113.4,316,67.6,220,12/27/24 0:00
259,Bucknell,PL,-7.8,98.1,335,105.9,148,68.7,168,12/27/24 0:00
260,Iona,MAAC,-7.86,100.2,296,108,195,69.9,111,12/27/24 0:00
261,Idaho,BSky,-7.87,108.1,143,116,350,66.3,273,12/27/24 0:00
262,Queens,ASun,-8.05,101.7,269,109.7,229,70.3,88,12/27/24 0:00
263,Northwestern St.,Slnd,-8.1,101.8,265,109.9,236,65.4,324,12/27/24 0:00
264,Manhattan,MAAC,-8.12,106.2,175,114.3,330,70,104,12/27/24 0:00
265,Ball St.,MAC,-8.19,102.7,247,110.9,263,67,243,12/27/24 0:00
266,Bethune Cookman,SWAC,-8.21,97.9,336,106.1,153,69.8,113,12/27/24 0:00
267,Colgate,PL,-8.27,102.8,246,111,268,66.3,274,12/27/24 0:00
268,Southeast Missouri,OVC,-8.41,100,297,108.4,206,70.8,69,12/27/24 0:00
269,SIUE,OVC,-8.63,99.4,315,108,194,66.8,252,12/27/24 0:00
270,Harvard,Ivy,-8.79,100.3,291,109.1,216,67.7,219,12/27/24 0:00
271,Georgia St.,SB,-9.03,101.4,280,110.4,246,70.3,87,12/27/24 0:00
272,Alabama St.,SWAC,-9.06,104.9,207,114,323,70.2,96,12/27/24 0:00
273,Incarnate Word,Slnd,-9.15,106.1,176,115.3,342,66.6,260,12/27/24 0:00
274,Monmouth,CAA,-9.23,103,239,112.3,295,68.4,185,12/27/24 0:00
275,Coastal Carolina,SB,-9.42,101.5,277,110.9,266,63.8,352,12/27/24 0:00
276,Air Force,MWC,-9.42,101.7,266,111.2,270,63.5,355,12/27/24 0:00
277,Lafayette,PL,-9.44,99.6,308,109.1,215,66.9,250,12/27/24 0:00
278,Fresno St.,MWC,-9.48,96.9,342,106.4,160,74.4,4,12/27/24 0:00
279,Austin Peay,ASun,-9.54,96.2,344,105.7,144,64.7,340,12/27/24 0:00
280,Dartmouth,Ivy,-9.65,99.6,309,109.2,218,71.1,59,12/27/24 0:00
,,,,,Strength of Schedule,NCSOS,,,,12/27/24 0:00
Rk,Team,Conf,NetRtg,ORtg,DRtg,AdjT,Luck,NetRtg,ORtg,12/27/24 0:00
281,Long Beach St.,BW,-9.66,102.9,243,112.6,302,65.2,330,12/27/24 0:00
282,Southern Miss,SB,-9.7,99.8,304,109.5,225,69.3,137,12/27/24 0:00
283,North Dakota,Sum,-9.77,105.7,185,115.5,347,68.9,159,12/27/24 0:00
284,Sacred Heart,MAAC,-9.79,102.4,255,112.2,292,70,103,12/27/24 0:00
285,Bowling Green,MAC,-9.85,103.3,237,113.1,313,70.9,63,12/27/24 0:00
286,Western Michigan,MAC,-10.11,103,242,113.1,311,67.1,242,12/27/24 0:00
287,Siena,MAAC,-10.11,99.7,307,109.8,233,64.8,336,12/27/24 0:00
288,North Carolina Central,MEAC,-10.12,103.8,223,113.9,320,67,245,12/27/24 0:00
289,Tennessee Martin,OVC,-10.2,98.2,333,108.4,205,68.3,190,12/27/24 0:00
290,Utah Tech,WAC,-10.25,102.4,254,112.7,303,67.7,216,12/27/24 0:00
291,Pacific,WCC,-10.39,99.9,302,110.2,245,68.8,163,12/27/24 0:00
292,Charleston Southern,BSth,-10.41,102.3,257,112.7,304,69.4,130,12/27/24 0:00
293,Army,PL,-10.59,104,220,114.6,335,67.7,218,12/27/24 0:00
294,Cal St. Fullerton,BW,-10.6,99.9,301,110.5,250,65,332,12/27/24 0:00
295,Morehead St.,OVC,-10.62,101.5,275,112.1,290,66.9,248,12/27/24 0:00
296,Tarleton St.,WAC,-10.72,95.7,352,106.4,158,66.1,285,12/27/24 0:00
297,Campbell,CAA,-10.77,98.7,324,109.5,226,67.3,234,12/27/24 0:00
298,Louisiana,SB,-10.88,102.1,261,113,309,68.2,195,12/27/24 0:00
299,Oral Roberts,Sum,-11.12,103.9,221,115,338,69,151,12/27/24 0:00
300,Nebraska Omaha,Sum,-11.18,101.7,268,112.9,305,67.6,222,12/27/24 0:00
301,San Diego,WCC,-11.19,95.9,351,107,179,72,31,12/27/24 0:00
302,Loyola MD,PL,-11.38,99.8,303,111.2,272,68.3,193,12/27/24 0:00
303,Binghamton,AE,-11.47,99.9,300,111.4,275,65.9,294,12/27/24 0:00
304,Jackson St.,SWAC,-11.58,95.1,354,106.7,169,69.7,122,12/27/24 0:00
305,Grambling St.,SWAC,-11.65,100.3,292,112,286,66.5,263,12/27/24 0:00
306,Stonehill,NEC,-11.77,101.6,271,113.4,315,65.8,304,12/27/24 0:00
307,Texas Southern,SWAC,-12.06,97.7,338,109.7,230,71.4,51,12/27/24 0:00
308,Holy Cross,PL,-12.06,103.6,228,115.7,348,65.7,314,12/27/24 0:00
309,Fairfield,MAAC,-12.09,103.7,224,115.8,349,67.3,233,12/27/24 0:00
310,Eastern Michigan,MAC,-12.11,101.6,273,113.7,318,67.8,211,12/27/24 0:00
311,Penn,Ivy,-12.29,102,263,114.3,329,65.8,302,12/27/24 0:00
312,Wagner,NEC,-12.63,93,361,105.7,142,61.9,363,12/27/24 0:00
313,Stony Brook,CAA,-12.75,101.5,278,114.2,326,67.2,236,12/27/24 0:00
314,Delaware St.,MEAC,-12.87,99.2,318,112.1,289,70.1,97,12/27/24 0:00
315,Detroit Mercy,Horz,-12.95,98.4,330,111.3,273,68,205,12/27/24 0:00
316,Western Carolina,SC,-12.99,96.1,347,109.1,214,72.2,23,12/27/24 0:00
317,North Carolina A&T,CAA,-13.09,100.7,286,113.8,319,74.2,8,12/27/24 0:00
318,Tennessee St.,OVC,-13.1,99.4,312,112.5,298,72.2,25,12/27/24 0:00
319,Portland,WCC,-13.12,98.8,323,111.9,284,70.3,91,12/27/24 0:00
320,Old Dominion,SB,-13.15,99.8,305,112.9,306,68.9,161,12/27/24 0:00
,,,,,Strength of Schedule,NCSOS,,,,12/27/24 0:00
Rk,Team,Conf,NetRtg,ORtg,DRtg,AdjT,Luck,NetRtg,ORtg,12/27/24 0:00
321,Tennessee Tech,OVC,-13.24,101.3,281,114.5,333,68.5,179,12/27/24 0:00
322,Green Bay,Horz,-13.44,103.7,227,117.1,356,70.9,62,12/27/24 0:00
323,Rider,MAAC,-13.48,100.2,295,113.7,317,64.6,341,12/27/24 0:00
324,Evansville,MVC,-13.54,98.5,328,112,288,68.1,204,12/27/24 0:00
325,Southern Indiana,OVC,-13.58,99,320,112.6,301,67,244,12/27/24 0:00
326,Niagara,MAAC,-13.79,101.4,279,115.2,341,64.4,343,12/27/24 0:00
327,Denver,Sum,-13.79,101.6,272,115.4,345,66.9,249,12/27/24 0:00
328,Eastern Illinois,OVC,-14.01,97.5,339,111.5,278,66.8,251,12/27/24 0:00
329,Navy,PL,-14.17,101.2,283,115.4,344,69,153,12/27/24 0:00
330,Fairleigh Dickinson,NEC,-14.25,102.2,260,116.4,352,71.2,56,12/27/24 0:00
331,Saint Francis,NEC,-14.31,99.9,299,114.2,328,69.4,132,12/27/24 0:00
332,Buffalo,MAC,-14.48,100.3,294,114.7,336,69.9,109,12/27/24 0:00
333,Le Moyne,NEC,-14.78,98.3,331,113.1,312,69.9,110,12/27/24 0:00
334,Western Illinois,OVC,-15.02,99.4,313,114.4,332,64,349,12/27/24 0:00
335,LIU,NEC,-15.12,95.1,355,110.2,242,68.3,188,12/27/24 0:00
336,VMI,SC,-15.47,99.4,311,114.9,337,68.4,183,12/27/24 0:00
337,Central Arkansas,ASun,-15.53,97,341,112.5,299,68.5,180,12/27/24 0:00
338,West Georgia,ASun,-15.58,98.4,329,114,321,67.6,224,12/27/24 0:00
339,Lindenwood,OVC,-16.06,96.2,345,112.2,293,69.1,150,12/27/24 0:00
340,Louisiana Monroe,SB,-16.09,95.9,349,112,287,68.4,182,12/27/24 0:00
341,Prairie View A&M,SWAC,-16.14,103,240,119.2,360,72.2,28,12/27/24 0:00
342,New Orleans,Slnd,-16.19,98.2,334,114.4,331,70.2,92,12/27/24 0:00
343,Sacramento St.,BSky,-16.24,95.2,353,111.5,277,66,291,12/27/24 0:00
344,USC Upstate,BSth,-16.85,97.7,337,114.6,334,74.1,10,12/27/24 0:00
345,Houston Christian,Slnd,-16.91,98.5,327,115.4,346,65.6,318,12/27/24 0:00
346,Morgan St.,MEAC,-16.94,100.6,289,117.6,357,71.6,47,12/27/24 0:00
347,IU Indy,Horz,-17.04,101.7,267,118.7,358,66.5,262,12/27/24 0:00
348,Alcorn St.,SWAC,-17.05,99.2,317,116.3,351,66.3,271,12/27/24 0:00
349,Bellarmine,ASun,-17.42,103,241,120.4,362,67.5,225,12/27/24 0:00
350,Florida A&M,SWAC,-17.75,93.8,358,111.6,279,69.9,108,12/27/24 0:00
351,Stetson,ASun,-17.82,99.3,316,117.1,354,69,156,12/27/24 0:00
352,East Texas A&M,Slnd,-17.98,94.2,357,112.2,291,69.5,124,12/27/24 0:00
353,Northern Illinois,MAC,-18.04,95,356,113,310,70.2,93,12/27/24 0:00
354,Mercyhurst,NEC,-18.59,96.5,343,115.1,339,64.9,334,12/27/24 0:00
355,NJIT,AE,-18.63,93,360,111.7,281,66,288,12/27/24 0:00
356,The Citadel,SC,-19.31,95.9,350,115.2,340,65.8,298,12/27/24 0:00
357,Canisius,MAAC,-20,100.4,290,120.4,363,65.8,308,12/27/24 0:00
358,Alabama A&M,SWAC,-20.64,96.1,348,116.7,353,71.7,44,12/27/24 0:00
359,Maryland Eastern Shore,MEAC,-20.69,98.3,332,118.9,359,68,206,12/27/24 0:00
360,New Hampshire,AE,-20.84,93.3,359,114.2,324,68.3,187,12/27/24 0:00
,,,,,Strength of Schedule,NCSOS,,,,12/27/24 0:00
Rk,Team,Conf,NetRtg,ORtg,DRtg,AdjT,Luck,NetRtg,ORtg,12/27/24 0:00
361,Chicago St.,NEC,-22.21,90.7,362,113,308,70.4,83,12/27/24 0:00
362,Coppin St.,MEAC,-24.21,88.3,363,112.5,297,67.6,223,12/27/24 0:00
363,Arkansas Pine Bluff,SWAC,-24.61,98.7,325,123.3,364,72.9,14,12/27/24 0:00
364,Mississippi Valley St.,SWAC,-33.11,87,364,120.1,361,65.7,315,12/27/24 0:00
1,Auburn,SEC,36.32,131,1,94.7,10,68.5,177,12/28/24 0:00
2,Duke,ACC,32.71,120.8,10,88.1,1,66.4,265,12/28/24 0:00
3,Tennessee,SEC,31.22,119.8,14,88.6,2,66.7,257,12/28/24 0:00
4,Houston,B12,30.98,120.8,12,89.8,3,62.7,361,12/28/24 0:00
5,Iowa St.,B12,29.13,124.2,4,95,14,70.6,75,12/28/24 0:00
6,Gonzaga,WCC,28.47,124.6,3,96.1,24,71.2,55,12/28/24 0:00
7,Florida,SEC,27.37,122.8,6,95.4,16,70.4,84,12/28/24 0:00
8,Kansas,B12,24.65,118.1,26,93.5,8,70,106,12/28/24 0:00
9,Alabama,SEC,24.45,122.8,7,98.3,42,74.3,7,12/28/24 0:00
10,Marquette,BE,23.95,119.6,16,95.6,20,68.7,165,12/28/24 0:00
11,Maryland,B10,23.59,117,35,93.4,6,70.6,72,12/28/24 0:00
12,St. John's,BE,22.7,117.6,29,94.9,12,70.9,65,12/28/24 0:00
13,Texas Tech,B12,22.62,120.2,13,97.6,34,67.2,241,12/28/24 0:00
14,Oregon,B10,22.31,118.6,22,96.3,25,69,155,12/28/24 0:00
15,Connecticut,BE,22.3,124.7,2,102.4,98,65.5,321,12/28/24 0:00
16,Michigan St.,B10,22.29,117.5,32,95.2,15,68.5,178,12/28/24 0:00
17,UCLA,B10,22.12,113.7,60,91.6,4,66.8,253,12/28/24 0:00
18,Baylor,B12,22.03,123.5,5,101.4,83,66.3,278,12/28/24 0:00
19,Mississippi St.,SEC,22.01,119.5,17,97.4,33,68.6,174,12/28/24 0:00
20,Texas A&M,SEC,21.99,115.4,43,93.5,7,67.3,231,12/28/24 0:00
21,Cincinnati,B12,21.97,114.9,52,92.9,5,66.4,268,12/28/24 0:00
22,Michigan,B10,21.93,117.6,30,95.7,23,70.6,76,12/28/24 0:00
23,Illinois,B10,21.82,116.6,37,94.8,11,71.9,37,12/28/24 0:00
24,Arizona,B12,21.77,117.4,33,95.6,21,71.7,42,12/28/24 0:00
25,Pittsburgh,ACC,21.3,119.2,19,97.9,37,69,157,12/28/24 0:00
26,Kentucky,SEC,20.68,120.8,11,100.1,62,71.9,36,12/28/24 0:00
27,Purdue,B10,20.62,121.4,9,100.8,73,65.9,295,12/28/24 0:00
28,North Carolina,ACC,20.12,118.6,21,98.5,46,74.5,3,12/28/24 0:00
29,Ohio St.,B10,20.09,118.2,25,98.2,40,68.2,198,12/28/24 0:00
30,Mississippi,SEC,19.82,118.3,24,98.5,47,68.1,202,12/28/24 0:00
31,Clemson,ACC,19.04,116.1,40,97,28,66.1,286,12/28/24 0:00
32,Dayton,A10,18.89,119.4,18,100.5,68,65.7,312,12/28/24 0:00
33,Wisconsin,B10,18.55,119.8,15,101.2,79,68.6,175,12/28/24 0:00
34,Penn St.,B10,18.23,116.7,36,98.5,45,72.2,26,12/28/24 0:00
35,Texas,SEC,17.99,115.1,48,97.1,29,67.9,209,12/28/24 0:00
36,San Diego St.,MWC,17.68,112.6,72,95,13,66.4,266,12/28/24 0:00
37,Oklahoma,SEC,17.64,117.9,27,100.3,65,68.5,181,12/28/24 0:00
38,Georgia,SEC,17.33,114.5,55,97.2,31,67.2,238,12/28/24 0:00
39,Nebraska,B10,17.22,112.7,70,95.5,19,69,152,12/28/24 0:00
40,SMU,ACC,16.97,118.5,23,101.5,84,70.4,81,12/28/24 0:00
,,,,,Strength of Schedule,NCSOS,,,,12/28/24 0:00
Rk,Team,Conf,NetRtg,ORtg,DRtg,AdjT,Luck,NetRtg,ORtg,12/28/24 0:00
41,BYU,B12,16.94,117.7,28,100.8,74,69.1,148,12/28/24 0:00
42,Memphis,Amer,16.86,116.4,39,99.5,54,70.6,73,12/28/24 0:00
43,Arkansas,SEC,16.85,113.7,59,96.9,27,70.3,89,12/28/24 0:00
44,Iowa,B10,16.52,118.7,20,102.2,91,71.8,39,12/28/24 0:00
45,Saint Mary's,WCC,16.35,115.6,42,99.2,51,63.9,351,12/28/24 0:00
46,Utah St.,MWC,15.96,115.2,46,99.2,50,70.6,77,12/28/24 0:00
47,VCU,A10,15.79,110.4,110,94.6,9,68,207,12/28/24 0:00
48,West Virginia,B12,15.73,112.1,80,96.4,26,66.7,256,12/28/24 0:00
49,Northwestern,B10,15.43,110.9,101,95.4,17,65.9,293,12/28/24 0:00
50,Louisville,ACC,15.05,115.3,45,100.3,63,68.9,160,12/28/24 0:00
51,Creighton,BE,14.98,114.9,50,100,60,69.8,116,12/28/24 0:00
52,Missouri,SEC,14.93,117.5,31,102.6,100,69.1,149,12/28/24 0:00
53,Vanderbilt,SEC,14.87,117.2,34,102.3,97,72,33,12/28/24 0:00
54,Villanova,BE,14.75,122.6,8,107.9,192,64.5,342,12/28/24 0:00
55,Indiana,B10,14.63,114.7,53,100.1,61,71.1,58,12/28/24 0:00
56,Nevada,MWC,14.35,115.7,41,101.3,82,64.1,347,12/28/24 0:00
57,Xavier,BE,14.31,114.6,54,100.3,64,69.4,128,12/28/24 0:00
58,Boise St.,MWC,14.29,114,57,99.7,57,68.6,172,12/28/24 0:00
59,Arizona St.,B12,14.11,112.4,75,98.2,41,69.1,144,12/28/24 0:00
60,LSU,SEC,13.49,111.9,83,98.4,44,69.8,114,12/28/24 0:00
61,San Francisco,WCC,13.29,110.4,109,97.1,30,68.2,199,12/28/24 0:00
62,Liberty,CUSA,12.57,111,99,98.4,43,64,350,12/28/24 0:00
63,Utah,B12,12.47,113.1,64,100.6,69,71.8,41,12/28/24 0:00
64,South Carolina,SEC,12.44,112.1,81,99.7,56,66.8,254,12/28/24 0:00
65,Oregon St.,WCC,12.27,111.7,87,99.4,52,65.9,292,12/28/24 0:00
66,Georgetown,BE,11.91,110.5,107,98.6,48,69.3,135,12/28/24 0:00
67,New Mexico,MWC,11.42,113.3,62,101.9,90,74.2,9,12/28/24 0:00
68,Butler,BE,11.31,113.9,58,102.6,101,67.8,212,12/28/24 0:00
69,UC Irvine,BW,11.19,106.9,164,95.7,22,70.2,94,12/28/24 0:00
70,Florida St.,ACC,11.03,111.4,89,100.4,66,70.8,66,12/28/24 0:00
71,Bradley,MVC,10.9,115.4,44,104.5,131,66.4,264,12/28/24 0:00
72,North Texas,Amer,10.84,108.2,139,97.4,32,63.4,356,12/28/24 0:00
73,Santa Clara,WCC,10.78,113.6,61,102.8,103,69.1,145,12/28/24 0:00
74,TCU,B12,10.65,106.1,177,95.4,18,68.6,176,12/28/24 0:00
75,UCF,B12,10.57,111.3,94,100.7,72,70,105,12/28/24 0:00
76,Colorado,B12,10.39,109.8,121,99.4,53,68.3,189,12/28/24 0:00
77,Providence,BE,10.34,110.1,118,99.7,58,64.9,335,12/28/24 0:00
78,Drake,MVC,10.32,110.2,115,99.9,59,62.5,362,12/28/24 0:00
79,Washington St.,WCC,10.32,111.3,92,101,76,71.8,40,12/28/24 0:00
80,St. Bonaventure,A10,10.3,108.2,141,97.9,36,66.2,280,12/28/24 0:00
,,,,,Strength of Schedule,NCSOS,,,,12/28/24 0:00
Rk,Team,Conf,NetRtg,ORtg,DRtg,AdjT,Luck,NetRtg,ORtg,12/28/24 0:00
81,UC San Diego,BW,10.26,111.9,84,101.7,87,67.4,230,12/28/24 0:00
82,USC,B10,10.17,111,97,100.9,75,68.7,166,12/28/24 0:00
83,George Mason,A10,10.03,108,146,98,38,67,247,12/28/24 0:00
84,Rutgers,B10,9.82,112.9,66,103.1,107,71.1,57,12/28/24 0:00
85,N.C. State,ACC,9.52,111.4,91,101.8,88,66.3,275,12/28/24 0:00
86,Notre Dame,ACC,9.51,112.7,71,103.2,108,66.4,269,12/28/24 0:00
87,Saint Joseph's,A10,9.1,110.1,117,101,77,70.2,95,12/28/24 0:00
88,McNeese,Slnd,8.92,110.2,116,101.3,80,65.8,307,12/28/24 0:00
89,Rhode Island,A10,8.59,111,98,102.4,99,72.6,17,12/28/24 0:00
90,Kansas St.,B12,8.46,110.7,103,102.2,94,68.7,167,12/28/24 0:00
91,Florida Atlantic,Amer,8.09,115,49,106.9,173,72.5,19,12/28/24 0:00
92,Stanford,ACC,7.92,112.8,69,104.9,133,67.7,217,12/28/24 0:00
93,Yale,Ivy,7.85,113.2,63,105.4,137,68.4,186,12/28/24 0:00
94,Lipscomb,ASun,7.51,108.8,132,101.3,81,67.9,208,12/28/24 0:00
95,Northern Iowa,MVC,7.34,112.9,68,105.6,140,65.4,325,12/28/24 0:00
96,Colorado St.,MWC,7.31,108.5,135,101.2,78,68.2,197,12/28/24 0:00
97,Arkansas St.,SB,7.14,108.8,133,101.6,86,71.4,50,12/28/24 0:00
98,Wake Forest,ACC,6.91,105.5,194,98.6,49,66.6,259,12/28/24 0:00
99,Louisiana Tech,CUSA,6.78,110.4,111,103.6,114,65.7,310,12/28/24 0:00
100,Virginia,ACC,6.72,104.9,209,98.1,39,61.3,364,12/28/24 0:00
101,UNLV,MWC,6.66,110.6,105,104,121,65.8,299,12/28/24 0:00
102,DePaul,BE,6.6,110.5,106,103.9,119,68.9,158,12/28/24 0:00
103,Washington,B10,6.58,107.3,156,100.7,71,69.7,121,12/28/24 0:00
104,Oklahoma St.,B12,6.55,109.5,124,103,105,72.1,29,12/28/24 0:00
105,Wichita St.,Amer,6.47,109.2,129,102.8,102,71.5,48,12/28/24 0:00
106,Grand Canyon,WAC,6.11,108.3,137,102.2,92,72.3,21,12/28/24 0:00
107,Miami FL,ACC,5.68,116.6,38,110.9,267,66.7,258,12/28/24 0:00
108,Syracuse,ACC,5.58,112.2,79,106.6,168,70.5,79,12/28/24 0:00
109,Princeton,Ivy,5.33,112.2,78,106.9,174,68.1,201,12/28/24 0:00
110,Western Kentucky,CUSA,5.28,105.7,187,100.4,67,73.5,11,12/28/24 0:00
111,Davidson,A10,5.03,112,82,107,178,67,246,12/28/24 0:00
112,North Dakota St.,Sum,4.99,114.9,51,109.9,238,65.7,313,12/28/24 0:00
113,Furman,SC,4.69,107.7,150,103,104,65.8,300,12/28/24 0:00
114,Georgia Tech,ACC,4.66,108.2,140,103.5,112,70.6,74,12/28/24 0:00
115,Minnesota,B10,4.6,106.2,174,101.6,85,63,360,12/28/24 0:00
116,Troy,SB,4.39,106.6,168,102.2,93,67.3,232,12/28/24 0:00
117,High Point,BSth,4.31,114.5,56,110.1,241,66.6,261,12/28/24 0:00
118,Loyola Chicago,A10,4.23,106.5,169,102.3,96,69.3,136,12/28/24 0:00
119,South Dakota St.,Sum,4.13,109.5,125,105.3,136,69.8,112,12/28/24 0:00
120,Texas St.,SB,4,110,120,106,150,65.6,319,12/28/24 0:00
,,,,,Strength of Schedule,NCSOS,,,,12/28/24 0:00
Rk,Team,Conf,NetRtg,ORtg,DRtg,AdjT,Luck,NetRtg,ORtg,12/28/24 0:00
121,Samford,SC,3.92,115.1,47,111.2,271,72.2,24,12/28/24 0:00
122,Kent St.,MAC,3.85,103.4,230,99.6,55,65.7,311,12/28/24 0:00
123,Murray St.,MVC,3.73,108.1,142,104.4,128,66,289,12/28/24 0:00
124,St. Thomas,Sum,3.55,111.8,86,108.3,201,69.3,139,12/28/24 0:00
125,Temple,Amer,3.47,107.6,151,104.1,123,69.1,147,12/28/24 0:00
126,Charleston,CAA,3.38,107.1,157,103.7,116,72.3,22,12/28/24 0:00
127,Milwaukee,Horz,2.67,110,119,107.3,184,70.1,99,12/28/24 0:00
128,Middle Tennessee,CUSA,2.6,107.1,158,104.5,129,69.2,143,12/28/24 0:00
129,Cornell,Ivy,2.6,112.3,76,109.7,232,71.6,46,12/28/24 0:00
130,East Tennessee St.,SC,2.4,109,131,106.6,166,67.5,228,12/28/24 0:00
131,Belmont,MVC,2.4,112.6,73,110.2,243,72.5,18,12/28/24 0:00
132,George Washington,A10,2.3,108.3,138,106,149,69.2,140,12/28/24 0:00
133,UNC Wilmington,CAA,2.29,110.2,114,107.9,193,67.8,214,12/28/24 0:00
134,UMass Lowell,AE,2.22,111.9,85,109.7,228,71.8,38,12/28/24 0:00
135,California,ACC,2.22,111.4,90,109.2,217,69.7,119,12/28/24 0:00
136,Seton Hall,BE,2.13,100,298,97.8,35,63.4,357,12/28/24 0:00
137,Sam Houston St.,CUSA,1.9,112.5,74,110.6,254,69.8,117,12/28/24 0:00
138,UAB,Amer,1.85,112.9,67,111.1,269,70.8,68,12/28/24 0:00
139,Akron,MAC,1.62,108,147,106.4,159,71.6,45,12/28/24 0:00
140,UC Santa Barbara,BW,1.62,107.9,149,106.2,156,65.7,309,12/28/24 0:00
141,Seattle,WAC,1.57,108.7,134,107.1,181,67.5,226,12/28/24 0:00
142,UTEP,CUSA,1.37,104.9,208,103.5,111,69.5,125,12/28/24 0:00
143,Wofford,SC,1.33,111.1,95,109.8,234,64.8,337,12/28/24 0:00
144,Purdue Fort Wayne,Horz,1.08,113,65,111.9,285,69.4,133,12/28/24 0:00
145,UNC Greensboro,SC,0.82,105.2,202,104.4,127,65,333,12/28/24 0:00
146,Illinois St.,MVC,0.79,110.3,113,109.5,224,66.1,287,12/28/24 0:00
147,Loyola Marymount,WCC,0.68,105.2,203,104.5,130,68.3,192,12/28/24 0:00
148,Columbia,Ivy,0.67,110.6,104,110,239,69,154,12/28/24 0:00
149,Cal Baptist,WAC,0.49,111.3,93,110.8,262,65.8,301,12/28/24 0:00
150,South Alabama,SB,0.44,105.7,184,105.3,135,64.7,338,12/28/24 0:00
151,Saint Louis,A10,0.31,111.1,96,110.8,259,68.6,170,12/28/24 0:00
152,Virginia Tech,ACC,0.2,105.8,183,105.6,141,65.1,331,12/28/24 0:00
153,Jacksonville St.,CUSA,0.09,110.9,100,110.8,260,66.3,277,12/28/24 0:00
154,James Madison,SB,0.01,108.3,136,108.3,203,66.4,267,12/28/24 0:00
155,Northeastern,CAA,-0.02,103.7,226,103.7,117,69.7,120,12/28/24 0:00
156,Utah Valley,WAC,-0.04,103.2,238,103.2,109,69.6,123,12/28/24 0:00
157,Northern Colorado,BSky,-0.09,109.3,128,109.4,223,71.3,53,12/28/24 0:00
158,Ohio,MAC,-0.14,109.7,123,109.8,235,70.7,70,12/28/24 0:00
159,La Salle,A10,-0.16,105.9,180,106.1,154,71,60,12/28/24 0:00
160,CSUN,BW,-0.18,104.6,215,104.7,132,73.1,13,12/28/24 0:00
,,,,,Strength of Schedule,NCSOS,,,,12/28/24 0:00
Rk,Team,Conf,NetRtg,ORtg,DRtg,AdjT,Luck,NetRtg,ORtg,12/28/24 0:00
161,Wright St.,Horz,-0.49,110.3,112,110.8,261,68.2,196,12/28/24 0:00
162,Montana St.,BSky,-0.58,107.9,148,108.5,207,67.6,221,12/28/24 0:00
163,Elon,CAA,-0.6,107.1,159,107.7,188,66.2,282,12/28/24 0:00
164,Hofstra,CAA,-0.6,102.4,253,103,106,65.4,326,12/28/24 0:00
165,Wyoming,MWC,-0.66,105.6,190,106.3,157,65.8,297,12/28/24 0:00
166,Longwood,BSth,-0.77,104.6,214,105.4,138,69.3,134,12/28/24 0:00
167,Hawaii,BW,-0.78,105,206,105.7,145,66.2,279,12/28/24 0:00
168,Duquesne,A10,-0.81,103.3,234,104.1,124,65.3,327,12/28/24 0:00
169,Boston College,ACC,-0.83,106.9,163,107.8,189,67.4,229,12/28/24 0:00
170,Appalachian St.,SB,-0.94,102.5,249,103.4,110,65.2,329,12/28/24 0:00
171,Norfolk St.,MEAC,-1,107.4,153,108.4,204,66.7,255,12/28/24 0:00
172,Missouri St.,MVC,-1.01,104.7,212,105.7,143,66,290,12/28/24 0:00
173,UNC Asheville,BSth,-1.12,109.4,126,110.5,251,67.2,240,12/28/24 0:00
174,UC Riverside,BW,-1.12,105.6,192,106.7,170,68.1,203,12/28/24 0:00
175,North Alabama,ASun,-1.17,107,162,108.1,198,68.7,169,12/28/24 0:00
176,East Carolina,Amer,-1.21,105.9,179,107.1,182,66.1,284,12/28/24 0:00
177,UT Arlington,WAC,-1.21,109.3,127,110.6,252,70.7,71,12/28/24 0:00
178,Chattanooga,SC,-1.27,109.2,130,110.5,249,67.3,235,12/28/24 0:00
179,Drexel,CAA,-1.37,105.5,197,106.8,172,64.4,345,12/28/24 0:00
180,Indiana St.,MVC,-1.41,110.4,108,111.8,283,73.3,12,12/28/24 0:00
181,Rice,Amer,-1.42,102.9,244,104.3,125,66.3,272,12/28/24 0:00
182,Florida Gulf Coast,ASun,-1.43,106.8,166,108.3,200,64.7,339,12/28/24 0:00
183,South Florida,Amer,-1.46,107.3,154,108.8,213,69.1,146,12/28/24 0:00
184,Winthrop,BSth,-1.56,105.9,181,107.5,186,74.4,5,12/28/24 0:00
185,Texas A&M Corpus Chris,Slnd,-1.59,107,161,108.6,211,69.8,115,12/28/24 0:00
186,Miami OH,MAC,-1.69,105.3,199,107,177,69.5,126,12/28/24 0:00
187,North Florida,ASun,-1.73,112.2,77,114,322,72.1,30,12/28/24 0:00
188,Jacksonville,ASun,-1.76,101.9,264,103.6,115,69.8,118,12/28/24 0:00
189,Lamar,Slnd,-1.81,103.7,225,105.5,139,67.2,237,12/28/24 0:00
190,Merrimack,MAAC,-1.83,102.2,258,104,122,65.6,320,12/28/24 0:00
191,Brown,Ivy,-1.88,106,178,107.9,191,65.8,305,12/28/24 0:00
192,Marshall,SB,-2.01,105.3,200,107.3,183,70.1,98,12/28/24 0:00
193,Fordham,A10,-2.04,104.5,216,106.5,163,71.7,43,12/28/24 0:00
194,Bryant,AE,-2.11,105.7,186,107.8,190,74.3,6,12/28/24 0:00
195,San Jose St.,MWC,-2.3,107.4,152,109.7,231,66.1,283,12/28/24 0:00
196,Southern Illinois,MVC,-2.36,104.1,219,106.5,161,70.4,80,12/28/24 0:00
197,Radford,BSth,-2.57,106.8,167,109.3,222,65.3,328,12/28/24 0:00
198,Montana,BSky,-2.58,108,144,110.6,255,69.4,131,12/28/24 0:00
199,Oakland,Horz,-2.84,106.4,172,109.2,220,63.1,359,12/28/24 0:00
200,Northern Kentucky,Horz,-3.08,100.7,288,103.7,118,66.3,270,12/28/24 0:00
,,,,,Strength of Schedule,NCSOS,,,,12/28/24 0:00
Rk,Team,Conf,NetRtg,ORtg,DRtg,AdjT,Luck,NetRtg,ORtg,12/28/24 0:00
201,New Mexico St.,CUSA,-3.11,103.4,232,106.5,162,67.9,210,12/28/24 0:00
202,Youngstown St.,Horz,-3.18,98.7,326,101.9,89,70,107,12/28/24 0:00
203,Tulane,Amer,-3.3,104.8,211,108.1,196,68.3,194,12/28/24 0:00
204,Illinois Chicago,MVC,-3.33,105.4,198,108.7,212,70.4,85,12/28/24 0:00
205,Charlotte,Amer,-3.4,108,145,111.4,276,65.5,322,12/28/24 0:00
206,Central Connecticut,NEC,-3.52,100.8,285,104.3,126,65.8,296,12/28/24 0:00
207,Massachusetts,A10,-3.64,103.9,222,107.5,187,72,35,12/28/24 0:00
208,Pepperdine,WCC,-3.81,103.6,229,107.4,185,70.1,101,12/28/24 0:00
209,Kennesaw St.,CUSA,-3.84,104.3,217,108.2,199,72.7,16,12/28/24 0:00
210,Cleveland St.,Horz,-3.84,102.2,259,106,152,67.5,227,12/28/24 0:00
211,Saint Peter's,MAAC,-3.84,102.3,256,106.2,155,63.2,358,12/28/24 0:00
212,Abilene Christian,WAC,-4.12,102.5,251,106.6,167,68.8,162,12/28/24 0:00
213,Southern Utah,WAC,-4.23,105,205,109.2,219,70.1,102,12/28/24 0:00
214,Toledo,MAC,-4.4,109.8,122,114.2,327,70.9,64,12/28/24 0:00
215,Maine,AE,-4.45,101.6,274,106,151,68.1,200,12/28/24 0:00
216,Southeastern Louisiana,Slnd,-4.45,99.5,310,104,120,68.7,164,12/28/24 0:00
217,William & Mary,CAA,-4.46,110.8,102,115.3,343,72,34,12/28/24 0:00
218,Little Rock,OVC,-4.48,99.1,319,103.6,113,67.8,215,12/28/24 0:00
219,Valparaiso,MVC,-4.55,106.8,165,111.4,274,70.4,86,12/28/24 0:00
220,Stephen F. Austin,Slnd,-4.55,96.1,346,100.6,70,66.3,276,12/28/24 0:00
221,Richmond,A10,-4.61,104.7,213,109.3,221,67.2,239,12/28/24 0:00
222,Weber St.,BSky,-4.62,106.3,173,110.9,264,65.7,316,12/28/24 0:00
223,Central Michigan,MAC,-4.67,102,262,106.7,171,69.2,141,12/28/24 0:00
224,Gardner Webb,BSth,-4.74,105.8,182,110.6,253,70.4,82,12/28/24 0:00
225,Towson,CAA,-4.92,101.6,270,106.6,165,63.6,354,12/28/24 0:00
226,UT Rio Grande Valley,Slnd,-5.06,105.7,188,110.7,258,71.3,52,12/28/24 0:00
227,Eastern Kentucky,ASun,-5.07,107.3,155,112.4,296,69.5,127,12/28/24 0:00
228,Albany,AE,-5.12,105.5,196,110.6,256,70.5,78,12/28/24 0:00
229,UC Davis,BW,-5.17,97.1,340,102.3,95,71.4,49,12/28/24 0:00
230,UTSA,Amer,-5.18,105.5,195,110.7,257,72.2,27,12/28/24 0:00
231,Kansas City,Sum,-5.26,103.3,235,108.6,210,66.2,281,12/28/24 0:00
232,American,PL,-5.31,105.1,204,110.4,248,64.4,344,12/28/24 0:00
233,South Dakota,Sum,-5.57,111.6,88,117.1,355,74.6,2,12/28/24 0:00
234,Marist,MAAC,-5.62,102.8,245,108.5,208,64.1,348,12/28/24 0:00
235,Mount St. Mary's,MAAC,-5.77,101.2,284,107,176,69.3,138,12/28/24 0:00
236,Nicholls,Slnd,-5.85,102.4,252,108.3,202,69.2,142,12/28/24 0:00
237,UMBC,AE,-5.87,106.4,171,112.3,294,72.5,20,12/28/24 0:00
238,Mercer,SC,-6.04,104.9,210,110.9,265,72,32,12/28/24 0:00
239,Vermont,AE,-6.11,98.9,321,105,134,64.3,346,12/28/24 0:00
240,Delaware,CAA,-6.12,107,160,113.1,314,70.8,67,12/28/24 0:00
,,,,,Strength of Schedule,NCSOS,,,,12/28/24 0:00
Rk,Team,Conf,NetRtg,ORtg,DRtg,AdjT,Luck,NetRtg,ORtg,12/28/24 0:00
241,Southern,SWAC,-6.12,99.7,306,105.8,146,69.4,129,12/28/24 0:00
242,Hampton,CAA,-6.35,103.3,236,109.6,227,65.6,317,12/28/24 0:00
243,Georgia Southern,SB,-6.42,100.7,287,107.1,180,72.8,15,12/28/24 0:00
244,Robert Morris,Horz,-6.5,99.4,314,105.9,147,70.1,100,12/28/24 0:00
245,Idaho St.,BSky,-6.58,101.5,276,108.1,197,65.8,306,12/28/24 0:00
246,Cal Poly,BW,-6.61,105.2,201,111.8,282,76.3,1,12/28/24 0:00
247,South Carolina St.,MEAC,-6.69,100.3,293,107,175,68.3,191,12/28/24 0:00
248,Portland St.,BSky,-6.89,103.3,233,110.2,244,71.2,54,12/28/24 0:00
249,Lehigh,PL,-7.01,105.6,193,112.6,300,67.8,213,12/28/24 0:00
250,Boston University,PL,-7.01,103.4,231,110.4,247,63.7,353,12/28/24 0:00
251,Quinnipiac,MAAC,-7.24,101.3,282,108.5,209,71,61,12/28/24 0:00
252,Tulsa,Amer,-7.29,102.6,248,109.9,237,68.6,171,12/28/24 0:00
253,Howard,MEAC,-7.34,105.6,191,112.9,307,68.6,173,12/28/24 0:00
254,Presbyterian,BSth,-7.37,104.3,218,111.7,280,65.8,303,12/28/24 0:00
255,Cal St. Bakersfield,BW,-7.5,102.5,250,110,240,65.4,323,12/28/24 0:00
256,FIU,CUSA,-7.65,98.9,322,106.5,164,70.3,90,12/28/24 0:00
257,Eastern Washington,BSky,-7.7,106.5,170,114.2,325,68.4,184,12/28/24 0:00
258,Northern Arizona,BSky,-7.79,105.6,189,113.4,316,67.6,220,12/28/24 0:00
259,Bucknell,PL,-7.8,98.1,335,105.9,148,68.7,168,12/28/24 0:00
260,Iona,MAAC,-7.86,100.2,296,108,195,69.9,111,12/28/24 0:00
261,Idaho,BSky,-7.87,108.1,143,116,350,66.3,273,12/28/24 0:00
262,Queens,ASun,-8.05,101.7,269,109.7,229,70.3,88,12/28/24 0:00
263,Northwestern St.,Slnd,-8.1,101.8,265,109.9,236,65.4,324,12/28/24 0:00
264,Manhattan,MAAC,-8.12,106.2,175,114.3,330,70,104,12/28/24 0:00
265,Ball St.,MAC,-8.19,102.7,247,110.9,263,67,243,12/28/24 0:00
266,Bethune Cookman,SWAC,-8.21,97.9,336,106.1,153,69.8,113,12/28/24 0:00
267,Colgate,PL,-8.27,102.8,246,111,268,66.3,274,12/28/24 0:00
268,Southeast Missouri,OVC,-8.41,100,297,108.4,206,70.8,69,12/28/24 0:00
269,SIUE,OVC,-8.63,99.4,315,108,194,66.8,252,12/28/24 0:00
270,Harvard,Ivy,-8.79,100.3,291,109.1,216,67.7,219,12/28/24 0:00
271,Georgia St.,SB,-9.03,101.4,280,110.4,246,70.3,87,12/28/24 0:00
272,Alabama St.,SWAC,-9.06,104.9,207,114,323,70.2,96,12/28/24 0:00
273,Incarnate Word,Slnd,-9.15,106.1,176,115.3,342,66.6,260,12/28/24 0:00
274,Monmouth,CAA,-9.23,103,239,112.3,295,68.4,185,12/28/24 0:00
275,Coastal Carolina,SB,-9.42,101.5,277,110.9,266,63.8,352,12/28/24 0:00
276,Air Force,MWC,-9.42,101.7,266,111.2,270,63.5,355,12/28/24 0:00
277,Lafayette,PL,-9.44,99.6,308,109.1,215,66.9,250,12/28/24 0:00
278,Fresno St.,MWC,-9.48,96.9,342,106.4,160,74.4,4,12/28/24 0:00
279,Austin Peay,ASun,-9.54,96.2,344,105.7,144,64.7,340,12/28/24 0:00
280,Dartmouth,Ivy,-9.65,99.6,309,109.2,218,71.1,59,12/28/24 0:00
,,,,,Strength of Schedule,NCSOS,,,,12/28/24 0:00
Rk,Team,Conf,NetRtg,ORtg,DRtg,AdjT,Luck,NetRtg,ORtg,12/28/24 0:00
281,Long Beach St.,BW,-9.66,102.9,243,112.6,302,65.2,330,12/28/24 0:00
282,Southern Miss,SB,-9.7,99.8,304,109.5,225,69.3,137,12/28/24 0:00
283,North Dakota,Sum,-9.77,105.7,185,115.5,347,68.9,159,12/28/24 0:00
284,Sacred Heart,MAAC,-9.79,102.4,255,112.2,292,70,103,12/28/24 0:00
285,Bowling Green,MAC,-9.85,103.3,237,113.1,313,70.9,63,12/28/24 0:00
286,Western Michigan,MAC,-10.11,103,242,113.1,311,67.1,242,12/28/24 0:00
287,Siena,MAAC,-10.11,99.7,307,109.8,233,64.8,336,12/28/24 0:00
288,North Carolina Central,MEAC,-10.12,103.8,223,113.9,320,67,245,12/28/24 0:00
289,Tennessee Martin,OVC,-10.2,98.2,333,108.4,205,68.3,190,12/28/24 0:00
290,Utah Tech,WAC,-10.25,102.4,254,112.7,303,67.7,216,12/28/24 0:00
291,Pacific,WCC,-10.39,99.9,302,110.2,245,68.8,163,12/28/24 0:00
292,Charleston Southern,BSth,-10.41,102.3,257,112.7,304,69.4,130,12/28/24 0:00
293,Army,PL,-10.59,104,220,114.6,335,67.7,218,12/28/24 0:00
294,Cal St. Fullerton,BW,-10.6,99.9,301,110.5,250,65,332,12/28/24 0:00
295,Morehead St.,OVC,-10.62,101.5,275,112.1,290,66.9,248,12/28/24 0:00
296,Tarleton St.,WAC,-10.72,95.7,352,106.4,158,66.1,285,12/28/24 0:00
297,Campbell,CAA,-10.77,98.7,324,109.5,226,67.3,234,12/28/24 0:00
298,Louisiana,SB,-10.88,102.1,261,113,309,68.2,195,12/28/24 0:00
299,Oral Roberts,Sum,-11.12,103.9,221,115,338,69,151,12/28/24 0:00
300,Nebraska Omaha,Sum,-11.18,101.7,268,112.9,305,67.6,222,12/28/24 0:00
301,San Diego,WCC,-11.19,95.9,351,107,179,72,31,12/28/24 0:00
302,Loyola MD,PL,-11.38,99.8,303,111.2,272,68.3,193,12/28/24 0:00
303,Binghamton,AE,-11.47,99.9,300,111.4,275,65.9,294,12/28/24 0:00
304,Jackson St.,SWAC,-11.58,95.1,354,106.7,169,69.7,122,12/28/24 0:00
305,Grambling St.,SWAC,-11.65,100.3,292,112,286,66.5,263,12/28/24 0:00
306,Stonehill,NEC,-11.77,101.6,271,113.4,315,65.8,304,12/28/24 0:00
307,Texas Southern,SWAC,-12.06,97.7,338,109.7,230,71.4,51,12/28/24 0:00
308,Holy Cross,PL,-12.06,103.6,228,115.7,348,65.7,314,12/28/24 0:00
309,Fairfield,MAAC,-12.09,103.7,224,115.8,349,67.3,233,12/28/24 0:00
310,Eastern Michigan,MAC,-12.11,101.6,273,113.7,318,67.8,211,12/28/24 0:00
311,Penn,Ivy,-12.29,102,263,114.3,329,65.8,302,12/28/24 0:00
312,Wagner,NEC,-12.63,93,361,105.7,142,61.9,363,12/28/24 0:00
313,Stony Brook,CAA,-12.75,101.5,278,114.2,326,67.2,236,12/28/24 0:00
314,Delaware St.,MEAC,-12.87,99.2,318,112.1,289,70.1,97,12/28/24 0:00
315,Detroit Mercy,Horz,-12.95,98.4,330,111.3,273,68,205,12/28/24 0:00
316,Western Carolina,SC,-12.99,96.1,347,109.1,214,72.2,23,12/28/24 0:00
317,North Carolina A&T,CAA,-13.09,100.7,286,113.8,319,74.2,8,12/28/24 0:00
318,Tennessee St.,OVC,-13.1,99.4,312,112.5,298,72.2,25,12/28/24 0:00
319,Portland,WCC,-13.12,98.8,323,111.9,284,70.3,91,12/28/24 0:00
320,Old Dominion,SB,-13.15,99.8,305,112.9,306,68.9,161,12/28/24 0:00
,,,,,Strength of Schedule,NCSOS,,,,12/28/24 0:00
Rk,Team,Conf,NetRtg,ORtg,DRtg,AdjT,Luck,NetRtg,ORtg,12/28/24 0:00
321,Tennessee Tech,OVC,-13.24,101.3,281,114.5,333,68.5,179,12/28/24 0:00
322,Green Bay,Horz,-13.44,103.7,227,117.1,356,70.9,62,12/28/24 0:00
323,Rider,MAAC,-13.48,100.2,295,113.7,317,64.6,341,12/28/24 0:00
324,Evansville,MVC,-13.54,98.5,328,112,288,68.1,204,12/28/24 0:00
325,Southern Indiana,OVC,-13.58,99,320,112.6,301,67,244,12/28/24 0:00
326,Niagara,MAAC,-13.79,101.4,279,115.2,341,64.4,343,12/28/24 0:00
327,Denver,Sum,-13.79,101.6,272,115.4,345,66.9,249,12/28/24 0:00
328,Eastern Illinois,OVC,-14.01,97.5,339,111.5,278,66.8,251,12/28/24 0:00
329,Navy,PL,-14.17,101.2,283,115.4,344,69,153,12/28/24 0:00
330,Fairleigh Dickinson,NEC,-14.25,102.2,260,116.4,352,71.2,56,12/28/24 0:00
331,Saint Francis,NEC,-14.31,99.9,299,114.2,328,69.4,132,12/28/24 0:00
332,Buffalo,MAC,-14.48,100.3,294,114.7,336,69.9,109,12/28/24 0:00
333,Le Moyne,NEC,-14.78,98.3,331,113.1,312,69.9,110,12/28/24 0:00
334,Western Illinois,OVC,-15.02,99.4,313,114.4,332,64,349,12/28/24 0:00
335,LIU,NEC,-15.12,95.1,355,110.2,242,68.3,188,12/28/24 0:00
336,VMI,SC,-15.47,99.4,311,114.9,337,68.4,183,12/28/24 0:00
337,Central Arkansas,ASun,-15.53,97,341,112.5,299,68.5,180,12/28/24 0:00
338,West Georgia,ASun,-15.58,98.4,329,114,321,67.6,224,12/28/24 0:00
339,Lindenwood,OVC,-16.06,96.2,345,112.2,293,69.1,150,12/28/24 0:00
340,Louisiana Monroe,SB,-16.09,95.9,349,112,287,68.4,182,12/28/24 0:00
341,Prairie View A&M,SWAC,-16.14,103,240,119.2,360,72.2,28,12/28/24 0:00
342,New Orleans,Slnd,-16.19,98.2,334,114.4,331,70.2,92,12/28/24 0:00
343,Sacramento St.,BSky,-16.24,95.2,353,111.5,277,66,291,12/28/24 0:00
344,USC Upstate,BSth,-16.85,97.7,337,114.6,334,74.1,10,12/28/24 0:00
345,Houston Christian,Slnd,-16.91,98.5,327,115.4,346,65.6,318,12/28/24 0:00
346,Morgan St.,MEAC,-16.94,100.6,289,117.6,357,71.6,47,12/28/24 0:00
347,IU Indy,Horz,-17.04,101.7,267,118.7,358,66.5,262,12/28/24 0:00
348,Alcorn St.,SWAC,-17.05,99.2,317,116.3,351,66.3,271,12/28/24 0:00
349,Bellarmine,ASun,-17.42,103,241,120.4,362,67.5,225,12/28/24 0:00
350,Florida A&M,SWAC,-17.75,93.8,358,111.6,279,69.9,108,12/28/24 0:00
351,Stetson,ASun,-17.82,99.3,316,117.1,354,69,156,12/28/24 0:00
352,East Texas A&M,Slnd,-17.98,94.2,357,112.2,291,69.5,124,12/28/24 0:00
353,Northern Illinois,MAC,-18.04,95,356,113,310,70.2,93,12/28/24 0:00
354,Mercyhurst,NEC,-18.59,96.5,343,115.1,339,64.9,334,12/28/24 0:00
355,NJIT,AE,-18.63,93,360,111.7,281,66,288,12/28/24 0:00
356,The Citadel,SC,-19.31,95.9,350,115.2,340,65.8,298,12/28/24 0:00
357,Canisius,MAAC,-20,100.4,290,120.4,363,65.8,308,12/28/24 0:00
358,Alabama A&M,SWAC,-20.64,96.1,348,116.7,353,71.7,44,12/28/24 0:00
359,Maryland Eastern Shore,MEAC,-20.69,98.3,332,118.9,359,68,206,12/28/24 0:00
360,New Hampshire,AE,-20.84,93.3,359,114.2,324,68.3,187,12/28/24 0:00
,,,,,Strength of Schedule,NCSOS,,,,12/28/24 0:00
Rk,Team,Conf,NetRtg,ORtg,DRtg,AdjT,Luck,NetRtg,ORtg,12/28/24 0:00
361,Chicago St.,NEC,-22.21,90.7,362,113,308,70.4,83,12/28/24 0:00
362,Coppin St.,MEAC,-24.21,88.3,363,112.5,297,67.6,223,12/28/24 0:00
363,Arkansas Pine Bluff,SWAC,-24.61,98.7,325,123.3,364,72.9,14,12/28/24 0:00
364,Mississippi Valley St.,SWAC,-33.11,87,364,120.1,361,65.7,315,12/28/24 0:00
1,Auburn,SEC,36.31,131,1,94.7,11,68.5,179,12/29/24 0:00
2,Duke,ACC,32.6,120.8,11,88.2,1,66.4,267,12/29/24 0:00
3,Tennessee,SEC,31.07,119.7,14,88.6,2,66.7,257,12/29/24 0:00
4,Houston,B12,30.95,120.8,10,89.9,3,62.6,361,12/29/24 0:00
5,Iowa St.,B12,29.12,124.1,3,95,13,70.5,78,12/29/24 0:00
6,Gonzaga,WCC,28.03,123.7,4,95.6,21,70.9,67,12/29/24 0:00
7,Florida,SEC,27.39,122.7,6,95.3,18,70.4,84,12/29/24 0:00
8,Kansas,B12,24.63,118.1,25,93.4,7,70,106,12/29/24 0:00
9,Alabama,SEC,24.48,122.7,7,98.2,42,74.4,5,12/29/24 0:00
10,Marquette,BE,23.8,119.5,16,95.7,24,68.7,166,12/29/24 0:00
11,UCLA,B10,22.9,113.2,62,90.3,4,66.6,259,12/29/24 0:00
12,Texas A&M,SEC,22.76,115.8,41,93,6,67.5,226,12/29/24 0:00
13,Texas Tech,B12,22.75,120.4,13,97.6,35,67.1,239,12/29/24 0:00
14,St. John's,BE,22.66,117.9,26,95.3,15,71,61,12/29/24 0:00
15,Michigan St.,B10,22.38,117.5,31,95.1,14,68.5,180,12/29/24 0:00
16,Oregon,B10,22.38,118.7,22,96.3,26,69,157,12/29/24 0:00
17,Connecticut,BE,22.38,124.7,2,102.4,98,65.5,320,12/29/24 0:00
18,Maryland,B10,22.27,116.3,39,94,8,70.7,74,12/29/24 0:00
19,Mississippi St.,SEC,22.1,119.4,17,97.3,33,68.6,173,12/29/24 0:00
20,Michigan,B10,21.95,117.6,29,95.7,23,70.6,77,12/29/24 0:00
21,Cincinnati,B12,21.95,114.9,48,92.9,5,66.3,275,12/29/24 0:00
22,Baylor,B12,21.92,123.3,5,101.4,84,66.3,279,12/29/24 0:00
23,Illinois,B10,21.88,116.6,36,94.7,12,71.9,38,12/29/24 0:00
24,Arizona,B12,21.83,117.5,32,95.6,20,71.7,44,12/29/24 0:00
25,Pittsburgh,ACC,21.36,119.2,19,97.9,37,68.9,159,12/29/24 0:00
26,Kentucky,SEC,20.51,120.8,12,100.3,62,71.9,35,12/29/24 0:00
27,Purdue,B10,20.41,121.3,9,100.9,75,65.8,300,12/29/24 0:00
28,North Carolina,ACC,20.28,118.8,20,98.5,49,74.5,3,12/29/24 0:00
29,Ohio St.,B10,20.03,118.1,24,98.1,41,68.2,198,12/29/24 0:00
30,Clemson,ACC,19.18,116.1,40,96.9,29,66.1,287,12/29/24 0:00
31,Dayton,A10,18.88,119.3,18,100.4,66,65.8,308,12/29/24 0:00
32,Wisconsin,B10,18.56,119.7,15,101.1,79,68.6,175,12/29/24 0:00
33,Mississippi,SEC,18.33,117,34,98.6,51,68.7,170,12/29/24 0:00
34,Penn St.,B10,18.23,116.7,35,98.4,46,72.2,25,12/29/24 0:00
35,Memphis,Amer,18.08,116.5,38,98.5,47,71.1,57,12/29/24 0:00
36,Texas,SEC,17.95,115.2,43,97.2,30,67.9,209,12/29/24 0:00
37,Oklahoma,SEC,17.57,117.9,27,100.3,63,68.5,181,12/29/24 0:00
38,Georgia,SEC,17.33,114.6,53,97.3,31,67.1,240,12/29/24 0:00
39,Nebraska,B10,17.19,112.6,71,95.4,19,69.1,149,12/29/24 0:00
40,San Diego St.,MWC,17.09,111.7,85,94.6,9,66.6,260,12/29/24 0:00
,,,,,Strength of Schedule,NCSOS,,,,12/29/24 0:00
Rk,Team,Conf,NetRtg,ORtg,DRtg,AdjT,Luck,NetRtg,ORtg,12/29/24 0:00
41,Arkansas,SEC,16.99,113.7,60,96.7,28,70.3,88,12/29/24 0:00
42,SMU,ACC,16.94,118.4,23,101.5,85,70.4,85,12/29/24 0:00
43,BYU,B12,16.89,117.7,28,100.8,74,69,150,12/29/24 0:00
44,Utah St.,MWC,16.67,114.8,51,98.1,40,70.8,70,12/29/24 0:00
45,Iowa,B10,16.56,118.7,21,102.1,93,71.9,40,12/29/24 0:00
46,VCU,A10,15.68,110.3,112,94.6,10,68,205,12/29/24 0:00
47,Saint Mary's,WCC,15.57,115,45,99.4,54,63.8,351,12/29/24 0:00
48,West Virginia,B12,15.54,112,81,96.5,27,66.8,253,12/29/24 0:00
49,Northwestern,B10,15.5,110.8,102,95.3,16,65.9,297,12/29/24 0:00
50,Missouri,SEC,15.01,117.6,30,102.6,100,69,153,12/29/24 0:00
51,Creighton,BE,15,114.9,50,99.9,59,69.8,116,12/29/24 0:00
52,Vanderbilt,SEC,14.91,117.2,33,102.3,97,71.9,37,12/29/24 0:00
53,Villanova,BE,14.7,122.5,8,107.8,190,64.6,342,12/29/24 0:00
54,Indiana,B10,14.51,114.6,52,100.1,60,71.1,56,12/29/24 0:00
55,Xavier,BE,14.32,114.6,54,100.2,61,69.4,133,12/29/24 0:00
56,Arizona St.,B12,14.08,112.4,74,98.3,44,69.2,145,12/29/24 0:00
57,San Francisco,WCC,13.74,110,117,96.3,25,68,204,12/29/24 0:00
58,Boise St.,MWC,13.72,114.5,57,100.7,72,68.2,197,12/29/24 0:00
59,Louisville,ACC,13.6,114.6,55,100.9,76,68.8,163,12/29/24 0:00
60,LSU,SEC,13.59,112,82,98.4,45,69.9,115,12/29/24 0:00
61,Nevada,MWC,13.47,114.9,47,101.4,83,64.2,347,12/29/24 0:00
62,Liberty,CUSA,12.69,111,98,98.3,43,64.1,349,12/29/24 0:00
63,South Carolina,SEC,12.42,112,79,99.6,56,66.8,250,12/29/24 0:00
64,Utah,B12,12.39,113,64,100.6,69,71.8,41,12/29/24 0:00
65,New Mexico,MWC,12.3,113.7,61,101.4,82,73.9,9,12/29/24 0:00
66,Oregon St.,WCC,12.28,111.6,86,99.3,52,65.9,294,12/29/24 0:00
67,Georgetown,BE,12.11,110.6,105,98.5,50,69.2,143,12/29/24 0:00
68,Butler,BE,11.31,113.9,59,102.6,101,67.8,212,12/29/24 0:00
69,UC Irvine,BW,11.16,106.8,164,95.6,22,70.2,98,12/29/24 0:00
70,North Texas,Amer,10.95,108.2,139,97.3,32,63.5,356,12/29/24 0:00
71,Florida St.,ACC,10.92,111.3,93,100.4,65,70.8,68,12/29/24 0:00
72,Bradley,MVC,10.9,115.3,42,104.4,129,66.5,265,12/29/24 0:00
73,TCU,B12,10.65,106,177,95.3,17,68.6,174,12/29/24 0:00
74,Santa Clara,WCC,10.6,114.1,58,103.5,113,69.2,144,12/29/24 0:00
75,UCF,B12,10.6,111.3,94,100.7,70,69.9,111,12/29/24 0:00
76,St. Bonaventure,A10,10.48,108.3,136,97.9,38,66.2,283,12/29/24 0:00
77,Drake,MVC,10.48,110.3,111,99.8,58,62.5,362,12/29/24 0:00
78,Providence,BE,10.46,110.1,116,99.6,57,64.8,336,12/29/24 0:00
79,Washington St.,WCC,10.38,111.5,88,101.1,78,71.9,36,12/29/24 0:00
80,Colorado,B12,10.36,109.8,120,99.4,53,68.4,185,12/29/24 0:00
,,,,,Strength of Schedule,NCSOS,,,,12/29/24 0:00
Rk,Team,Conf,NetRtg,ORtg,DRtg,AdjT,Luck,NetRtg,ORtg,12/29/24 0:00
81,UC San Diego,BW,10.29,112,80,101.7,89,67.4,232,12/29/24 0:00
82,USC,B10,10.15,110.9,101,100.8,73,68.8,162,12/29/24 0:00
83,Rutgers,B10,9.88,112.9,66,103,107,71.1,58,12/29/24 0:00
84,Notre Dame,ACC,9.58,112.8,70,103.2,108,66.3,271,12/29/24 0:00
85,N.C. State,ACC,9.46,111.2,95,101.8,90,66.3,274,12/29/24 0:00
86,George Mason,A10,9.42,106.8,166,97.3,34,67.1,243,12/29/24 0:00
87,McNeese,Slnd,9.39,110.7,103,101.3,81,65.5,324,12/29/24 0:00
88,Saint Joseph's,A10,9.04,109.4,124,100.3,64,70.3,93,12/29/24 0:00
89,Rhode Island,A10,8.59,110.9,99,102.4,99,72.6,17,12/29/24 0:00
90,Kansas St.,B12,8.47,110.6,106,102.1,94,68.7,169,12/29/24 0:00
91,Florida Atlantic,Amer,8.23,115,46,106.8,174,72.5,19,12/29/24 0:00
92,Stanford,ACC,7.91,112.8,69,104.9,132,67.7,218,12/29/24 0:00
93,Yale,Ivy,7.83,113.1,63,105.3,137,68.4,187,12/29/24 0:00
94,Lipscomb,ASun,7.46,108.8,133,101.3,80,67.8,211,12/29/24 0:00
95,Northern Iowa,MVC,7.38,112.8,68,105.5,142,65.4,325,12/29/24 0:00
96,Arkansas St.,SB,7.27,108.9,132,101.6,87,71.3,52,12/29/24 0:00
97,DePaul,BE,7,110.6,108,103.6,115,69.2,142,12/29/24 0:00
98,Wake Forest,ACC,6.97,105.5,194,98.5,48,66.7,255,12/29/24 0:00
99,Louisiana Tech,CUSA,6.81,110.5,109,103.7,119,65.7,314,12/29/24 0:00
100,Virginia,ACC,6.79,104.9,205,98.1,39,61.3,364,12/29/24 0:00
101,Wichita St.,Amer,6.51,109.2,129,102.7,103,71.4,48,12/29/24 0:00
102,Oklahoma St.,B12,6.5,109.5,123,103,105,72.1,30,12/29/24 0:00
103,Washington,B10,6.47,107.2,156,100.7,71,69.7,120,12/29/24 0:00
104,UNLV,MWC,6.43,111.5,89,105.1,134,65.5,319,12/29/24 0:00
105,Colorado St.,MWC,6.27,107.9,146,101.7,88,67.8,216,12/29/24 0:00
106,Grand Canyon,WAC,5.98,107,161,101,77,72.4,20,12/29/24 0:00
107,Miami FL,ACC,5.74,116.6,37,110.9,265,66.7,254,12/29/24 0:00
108,Davidson,A10,5.57,112.2,77,106.7,172,67.2,238,12/29/24 0:00
109,Princeton,Ivy,5.33,112.2,78,106.9,177,68.1,199,12/29/24 0:00
110,Syracuse,ACC,5.31,111.4,92,106.1,161,70.6,75,12/29/24 0:00
111,Georgia Tech,ACC,5.23,107.9,147,102.6,102,71,60,12/29/24 0:00
112,Western Kentucky,CUSA,5.22,105.8,182,100.6,68,73.4,11,12/29/24 0:00
113,North Dakota St.,Sum,5.01,114.9,49,109.9,237,65.7,310,12/29/24 0:00
114,Furman,SC,4.81,107.7,150,102.9,104,65.8,301,12/29/24 0:00
115,Minnesota,B10,4.61,106.1,174,101.5,86,63,360,12/29/24 0:00
116,Troy,SB,4.44,106.5,168,102.1,92,67.4,231,12/29/24 0:00
117,High Point,BSth,4.4,114.5,56,110.1,241,66.5,261,12/29/24 0:00
118,Loyola Chicago,A10,4.22,106.5,169,102.3,96,69.3,137,12/29/24 0:00
119,South Dakota St.,Sum,4.05,109.3,126,105.3,135,69.9,109,12/29/24 0:00
120,Texas St.,SB,3.9,109.9,119,106,153,65.6,317,12/29/24 0:00
,,,,,Strength of Schedule,NCSOS,,,,12/29/24 0:00
Rk,Team,Conf,NetRtg,ORtg,DRtg,AdjT,Luck,NetRtg,ORtg,12/29/24 0:00
121,Samford,SC,3.85,115,44,111.2,272,72.2,29,12/29/24 0:00
122,Kent St.,MAC,3.84,103.4,232,99.5,55,65.7,309,12/29/24 0:00
123,Murray St.,MVC,3.78,108.1,142,104.3,127,66,289,12/29/24 0:00
124,St. Thomas,Sum,3.56,111.7,84,108.2,200,69.3,136,12/29/24 0:00
125,Temple,Amer,3.47,107.5,152,104,123,69.1,148,12/29/24 0:00
126,Charleston,CAA,3.4,107.1,158,103.7,118,72.2,22,12/29/24 0:00
127,Milwaukee,Horz,2.67,109.9,118,107.3,185,70.1,100,12/29/24 0:00
128,East Tennessee St.,SC,2.63,109.1,131,106.4,167,67.4,228,12/29/24 0:00
129,Cornell,Ivy,2.58,112.3,75,109.8,232,71.6,46,12/29/24 0:00
130,George Washington,A10,2.47,108.3,138,105.8,150,69.3,138,12/29/24 0:00
131,Middle Tennessee,CUSA,2.47,107,159,104.5,130,69.1,146,12/29/24 0:00
132,UNC Wilmington,CAA,2.26,110.2,114,108,195,67.8,215,12/29/24 0:00
133,Belmont,MVC,2.21,112.5,72,110.3,246,72.5,18,12/29/24 0:00
134,California,ACC,2.19,111.4,90,109.2,220,69.7,121,12/29/24 0:00
135,UMass Lowell,AE,2.18,111.8,83,109.7,228,71.9,39,12/29/24 0:00
136,Seton Hall,BE,2.16,99.9,300,97.8,36,63.4,357,12/29/24 0:00
137,Sam Houston St.,CUSA,1.82,112.4,73,110.6,256,69.8,119,12/29/24 0:00
138,UAB,Amer,1.81,112.9,67,111.1,270,70.8,71,12/29/24 0:00
139,UC Santa Barbara,BW,1.64,107.7,149,106.1,159,65.8,299,12/29/24 0:00
140,Akron,MAC,1.62,108,145,106.4,166,71.5,47,12/29/24 0:00
141,Seattle,WAC,1.58,108.6,134,107.1,183,67.5,224,12/29/24 0:00
142,Wofford,SC,1.42,111.2,97,109.7,230,64.8,337,12/29/24 0:00
143,UTEP,CUSA,1.39,104.9,207,103.5,112,69.4,127,12/29/24 0:00
144,UNC Greensboro,SC,1.17,105.3,199,104.1,124,65,332,12/29/24 0:00
145,Columbia,Ivy,1.05,111.4,91,110.4,247,68.7,171,12/29/24 0:00
146,Purdue Fort Wayne,Horz,0.99,112.9,65,111.9,286,69.4,131,12/29/24 0:00
147,Illinois St.,MVC,0.88,110.2,115,109.3,222,66.1,286,12/29/24 0:00
148,Elon,CAA,0.48,106.9,163,106.4,165,66.2,281,12/29/24 0:00
149,Florida Gulf Coast,ASun,0.42,107.2,157,106.8,173,64.9,335,12/29/24 0:00
150,South Alabama,SB,0.37,105.7,185,105.3,138,64.6,340,12/29/24 0:00
151,Saint Louis,A10,0.35,111.2,96,110.9,263,68.6,177,12/29/24 0:00
152,Wyoming,MWC,0.33,105.7,184,105.4,140,66,290,12/29/24 0:00
153,Virginia Tech,ACC,0.28,105.9,181,105.6,144,65.1,331,12/29/24 0:00
154,Loyola Marymount,WCC,0.28,104.5,211,104.2,125,68.3,194,12/29/24 0:00
155,Jacksonville St.,CUSA,0.15,110.9,100,110.8,261,66.3,278,12/29/24 0:00
156,Northeastern,CAA,0.11,103.8,226,103.7,116,69.7,122,12/29/24 0:00
157,James Madison,SB,-0.01,108.3,137,108.3,202,66.4,268,12/29/24 0:00
158,Cal Baptist,WAC,-0.05,110.6,107,110.6,258,66.6,258,12/29/24 0:00
159,Utah Valley,WAC,-0.05,103.1,238,103.2,109,69.6,123,12/29/24 0:00
160,La Salle,A10,-0.13,105.9,180,106,154,71.1,59,12/29/24 0:00
,,,,,Strength of Schedule,NCSOS,,,,12/29/24 0:00
Rk,Team,Conf,NetRtg,ORtg,DRtg,AdjT,Luck,NetRtg,ORtg,12/29/24 0:00
161,Northern Colorado,BSky,-0.14,109.3,128,109.4,224,71.2,54,12/29/24 0:00
162,CSUN,BW,-0.17,104.5,210,104.7,131,73.1,13,12/29/24 0:00
163,Ohio,MAC,-0.19,109.7,122,109.9,238,70.7,73,12/29/24 0:00
164,Hofstra,CAA,-0.6,102.4,254,103,106,65.4,326,12/29/24 0:00
165,Wright St.,Horz,-0.61,110.3,113,110.9,266,68.2,196,12/29/24 0:00
166,Montana St.,BSky,-0.66,107.8,148,108.5,206,67.6,220,12/29/24 0:00
167,Hawaii,BW,-0.68,105,204,105.7,147,66.2,280,12/29/24 0:00
168,Duquesne,A10,-0.69,103.3,233,104,121,65.3,328,12/29/24 0:00
169,Longwood,BSth,-0.81,104.4,213,105.3,136,69.5,126,12/29/24 0:00
170,Appalachian St.,SB,-0.95,102.4,251,103.4,110,65.2,330,12/29/24 0:00
171,Norfolk St.,MEAC,-0.96,107.4,153,108.4,203,66.7,256,12/29/24 0:00
172,Missouri St.,MVC,-1.04,104.6,209,105.6,146,66,288,12/29/24 0:00
173,UNC Asheville,BSth,-1.17,109.4,125,110.5,254,67.2,237,12/29/24 0:00
174,East Carolina,Amer,-1.17,106,178,107.1,184,66.1,284,12/29/24 0:00
175,UT Arlington,WAC,-1.19,109.3,127,110.5,250,70.7,72,12/29/24 0:00
176,North Alabama,ASun,-1.2,106.9,162,108.1,197,68.7,168,12/29/24 0:00
177,Boston College,ACC,-1.2,107.3,155,108.5,208,66.8,252,12/29/24 0:00
178,UC Riverside,BW,-1.25,105.4,196,106.6,171,68.1,202,12/29/24 0:00
179,Indiana St.,MVC,-1.39,110.4,110,111.8,285,73.3,12,12/29/24 0:00
180,Chattanooga,SC,-1.41,109.1,130,110.5,252,67.2,235,12/29/24 0:00
181,Rice,Amer,-1.42,102.8,246,104.3,126,66.4,270,12/29/24 0:00
182,South Florida,Amer,-1.44,107.3,154,108.8,213,69.1,147,12/29/24 0:00
183,Drexel,CAA,-1.45,105.3,198,106.8,176,64.3,345,12/29/24 0:00
184,Texas A&M Corpus Chris,Slnd,-1.55,107,160,108.5,210,69.9,114,12/29/24 0:00
185,Miami OH,MAC,-1.59,105.4,195,107,178,69.5,124,12/29/24 0:00
186,San Jose St.,MWC,-1.63,108.6,135,110.2,244,65.6,315,12/29/24 0:00
187,North Florida,ASun,-1.68,112.3,76,113.9,320,72.1,32,12/29/24 0:00
188,Jacksonville,ASun,-1.71,101.9,264,103.6,114,69.8,117,12/29/24 0:00
189,Winthrop,BSth,-1.72,105.8,183,107.5,187,74.4,4,12/29/24 0:00
190,Lamar,Slnd,-1.78,103.7,228,105.4,141,67.2,236,12/29/24 0:00
191,Merrimack,MAAC,-1.89,102.1,259,104,122,65.6,318,12/29/24 0:00
192,Brown,Ivy,-1.89,105.9,179,107.8,191,65.8,304,12/29/24 0:00
193,Fordham,A10,-2,104.4,212,106.4,168,71.7,42,12/29/24 0:00
194,Bryant,AE,-2.11,105.6,189,107.7,189,74.3,6,12/29/24 0:00
195,Southern Illinois,MVC,-2.25,104.1,219,106.3,163,70.5,80,12/29/24 0:00
196,Montana,BSky,-2.5,108.1,141,110.6,257,69.4,132,12/29/24 0:00
197,Radford,BSth,-2.71,106.7,167,109.4,223,65.3,327,12/29/24 0:00
198,Oakland,Horz,-2.93,106.2,172,109.2,219,63.1,359,12/29/24 0:00
199,Marshall,SB,-3.01,104,220,107,179,70.3,89,12/29/24 0:00
200,New Mexico St.,CUSA,-3.09,103.2,235,106.3,162,68,206,12/29/24 0:00
,,,,,Strength of Schedule,NCSOS,,,,12/29/24 0:00
Rk,Team,Conf,NetRtg,ORtg,DRtg,AdjT,Luck,NetRtg,ORtg,12/29/24 0:00
201,Northern Kentucky,Horz,-3.12,100.6,287,103.7,117,66.4,269,12/29/24 0:00
202,Youngstown St.,Horz,-3.21,98.7,326,101.9,91,70,107,12/29/24 0:00
203,Illinois Chicago,MVC,-3.32,105.4,197,108.7,212,70.4,86,12/29/24 0:00
204,Tulane,Amer,-3.34,104.7,208,108.1,196,68.3,191,12/29/24 0:00
205,Charlotte,Amer,-3.49,108.1,143,111.6,279,65.5,322,12/29/24 0:00
206,Central Connecticut,NEC,-3.54,100.8,284,104.3,128,65.9,296,12/29/24 0:00
207,Eastern Kentucky,ASun,-3.54,108.1,144,111.6,281,69.4,128,12/29/24 0:00
208,Pepperdine,WCC,-3.64,104.3,215,107.9,192,70.2,95,12/29/24 0:00
209,Massachusetts,A10,-3.65,103.8,225,107.5,188,72,34,12/29/24 0:00
210,Saint Peter's,MAAC,-3.79,102.2,257,106,158,63.3,358,12/29/24 0:00
211,Cleveland St.,Horz,-3.89,102.1,261,106,155,67.5,227,12/29/24 0:00
212,Kennesaw St.,CUSA,-3.92,104.2,216,108.2,198,72.7,16,12/29/24 0:00
213,Southern Utah,WAC,-4.17,105.1,203,109.3,221,70.1,102,12/29/24 0:00
214,Little Rock,OVC,-4.38,99.1,318,103.4,111,67.8,213,12/29/24 0:00
215,Southeastern Louisiana,Slnd,-4.4,99.5,309,103.9,120,68.7,167,12/29/24 0:00
216,Toledo,MAC,-4.48,109.8,121,114.2,328,70.9,65,12/29/24 0:00
217,Maine,AE,-4.49,101.6,272,106.1,160,68.1,200,12/29/24 0:00
218,Valparaiso,MVC,-4.5,106.8,165,111.3,275,70.4,87,12/29/24 0:00
219,Stephen F. Austin,Slnd,-4.53,96,346,100.6,67,66.3,277,12/29/24 0:00
220,Weber St.,BSky,-4.67,106.2,173,110.8,262,65.7,313,12/29/24 0:00
221,William & Mary,CAA,-4.72,110.7,104,115.4,345,72,33,12/29/24 0:00
222,Central Michigan,MAC,-4.73,102.1,263,106.8,175,69.2,140,12/29/24 0:00
223,Gardner Webb,BSth,-4.84,105.7,186,110.5,253,70.5,79,12/29/24 0:00
224,Abilene Christian,WAC,-4.92,102.1,260,107,181,69,158,12/29/24 0:00
225,Towson,CAA,-4.95,101.6,271,106.6,170,63.7,354,12/29/24 0:00
226,Hampton,CAA,-5.04,103.9,221,109,214,65.8,303,12/29/24 0:00
227,UT Rio Grande Valley,Slnd,-5.05,105.6,187,110.7,259,71.3,51,12/29/24 0:00
228,Albany,AE,-5.1,105.5,192,110.6,255,70.5,81,12/29/24 0:00
229,UC Davis,BW,-5.15,97.1,341,102.2,95,71.4,49,12/29/24 0:00
230,UTSA,Amer,-5.23,105.5,193,110.7,260,72.2,27,12/29/24 0:00
231,Kansas City,Sum,-5.24,103.2,236,108.5,209,66.2,282,12/29/24 0:00
232,American,PL,-5.27,105.1,202,110.4,248,64.4,344,12/29/24 0:00
233,Mount St. Mary's,MAAC,-5.35,100.7,285,106,156,69.3,139,12/29/24 0:00
234,South Dakota,Sum,-5.51,111.5,87,117,354,74.6,2,12/29/24 0:00
235,Mercer,SC,-5.7,104.4,214,110.1,242,71.7,43,12/29/24 0:00
236,Marist,MAAC,-5.72,102.9,244,108.6,211,64,350,12/29/24 0:00
237,UMBC,AE,-5.85,106.3,171,112.2,292,72.4,21,12/29/24 0:00
238,Nicholls,Slnd,-5.86,102.4,253,108.2,201,69.3,135,12/29/24 0:00
239,Delaware,CAA,-5.9,107.5,151,113.4,315,70.9,66,12/29/24 0:00
240,Vermont,AE,-6.11,98.8,323,104.9,133,64.3,346,12/29/24 0:00
,,,,,Strength of Schedule,NCSOS,,,,12/29/24 0:00
Rk,Team,Conf,NetRtg,ORtg,DRtg,AdjT,Luck,NetRtg,ORtg,12/29/24 0:00
241,Southern,SWAC,-6.2,99.7,306,105.9,152,69.4,134,12/29/24 0:00
242,Georgia Southern,SB,-6.53,100.5,288,107,180,72.8,15,12/29/24 0:00
243,Idaho St.,BSky,-6.54,101.6,268,108.2,199,65.8,302,12/29/24 0:00
244,Robert Morris,Horz,-6.55,99.2,316,105.8,149,70.1,101,12/29/24 0:00
245,Cal Poly,BW,-6.59,105.2,201,111.8,284,76.4,1,12/29/24 0:00
246,Richmond,A10,-6.61,103.2,237,109.8,233,67.4,230,12/29/24 0:00
247,Portland St.,BSky,-6.81,103.4,231,110.2,245,71.2,53,12/29/24 0:00
248,South Carolina St.,MEAC,-6.83,100.2,295,107,182,68.3,193,12/29/24 0:00
249,Lehigh,PL,-6.94,105.5,191,112.5,298,67.9,210,12/29/24 0:00
250,Boston University,PL,-7.06,103.5,230,110.5,251,63.7,353,12/29/24 0:00
251,Quinnipiac,MAAC,-7.25,101.2,282,108.5,207,71,62,12/29/24 0:00
252,Tulsa,Amer,-7.34,102.6,249,109.9,239,68.7,172,12/29/24 0:00
253,Cal St. Bakersfield,BW,-7.35,102.4,250,109.8,235,65.5,321,12/29/24 0:00
254,Presbyterian,BSth,-7.38,104.2,217,111.6,282,65.8,306,12/29/24 0:00
255,FIU,CUSA,-7.58,98.9,322,106.5,169,70.2,94,12/29/24 0:00
256,Eastern Washington,BSky,-7.75,106.4,170,114.2,325,68.3,190,12/29/24 0:00
257,Northern Arizona,BSky,-7.76,105.6,190,113.3,313,67.6,221,12/29/24 0:00
258,Idaho,BSky,-7.81,108.2,140,116,349,66.3,273,12/29/24 0:00
259,Iona,MAAC,-7.86,100.1,296,107.9,194,69.9,113,12/29/24 0:00
260,Bucknell,PL,-7.89,97.5,340,105.4,139,68.9,161,12/29/24 0:00
261,Northwestern St.,Slnd,-8.1,101.7,266,109.8,236,65.5,323,12/29/24 0:00
262,Queens,ASun,-8.12,101.7,267,109.8,234,70.3,90,12/29/24 0:00
263,Manhattan,MAAC,-8.13,106.1,176,114.2,326,70.1,103,12/29/24 0:00
264,Bethune Cookman,SWAC,-8.21,97.8,336,106,157,69.8,118,12/29/24 0:00
265,Ball St.,MAC,-8.3,102.7,248,111,267,67,244,12/29/24 0:00
266,Colgate,PL,-8.3,102.7,247,111,268,66.3,276,12/29/24 0:00
267,Southeast Missouri,OVC,-8.41,100,298,108.4,204,70.8,69,12/29/24 0:00
268,Howard,MEAC,-8.49,105.2,200,113.7,316,68.8,164,12/29/24 0:00
269,SIUE,OVC,-8.63,99.3,313,107.9,193,66.9,249,12/29/24 0:00
270,Harvard,Ivy,-8.79,100.3,292,109.1,217,67.6,219,12/29/24 0:00
271,Alabama St.,SWAC,-9.07,104.9,206,113.9,321,70.2,96,12/29/24 0:00
272,Incarnate Word,Slnd,-9.19,106.1,175,115.3,342,66.5,263,12/29/24 0:00
273,Monmouth,CAA,-9.22,103,242,112.2,293,68.4,184,12/29/24 0:00
274,Fresno St.,MWC,-9.24,98,335,107.3,186,74.1,8,12/29/24 0:00
275,Coastal Carolina,SB,-9.41,101.5,276,110.9,264,63.8,352,12/29/24 0:00
276,Lafayette,PL,-9.43,99.6,308,109,215,66.9,248,12/29/24 0:00
277,Air Force,MWC,-9.45,101.6,269,111.1,269,63.6,355,12/29/24 0:00
278,Pacific,WCC,-9.51,100,299,109.5,226,68.7,165,12/29/24 0:00
279,Long Beach St.,BW,-9.56,102.9,245,112.4,297,65.2,329,12/29/24 0:00
280,Austin Peay,ASun,-9.6,96.2,344,105.7,148,64.7,339,12/29/24 0:00
,,,,,Strength of Schedule,NCSOS,,,,12/29/24 0:00
Rk,Team,Conf,NetRtg,ORtg,DRtg,AdjT,Luck,NetRtg,ORtg,12/29/24 0:00
281,Georgia St.,SB,-9.64,100.3,291,109.9,240,70.1,99,12/29/24 0:00
282,Dartmouth,Ivy,-9.68,99.4,310,109.1,218,71.1,55,12/29/24 0:00
283,Sacred Heart,MAAC,-9.78,102.4,255,112.1,291,70,104,12/29/24 0:00
284,Bowling Green,MAC,-9.82,103.2,234,113.1,311,70.9,64,12/29/24 0:00
285,North Dakota,Sum,-9.85,105.6,188,115.5,347,69,156,12/29/24 0:00
286,Southern Miss,SB,-9.92,99.7,305,109.6,227,69.2,141,12/29/24 0:00
287,Siena,MAAC,-10.1,99.7,307,109.8,231,64.8,338,12/29/24 0:00
288,Western Michigan,MAC,-10.11,102.9,243,113,310,67.1,242,12/29/24 0:00
289,Utah Tech,WAC,-10.18,102.4,252,112.6,301,67.7,217,12/29/24 0:00
290,Tennessee Martin,OVC,-10.22,98.2,334,108.4,205,68.3,189,12/29/24 0:00
291,Charleston Southern,BSth,-10.35,102.3,256,112.7,303,69.4,129,12/29/24 0:00
292,Cal St. Fullerton,BW,-10.44,100,297,110.5,249,65,333,12/29/24 0:00
293,Army,PL,-10.56,103.9,222,114.5,332,67.8,214,12/29/24 0:00
294,Tarleton St.,WAC,-10.73,95.6,350,106.4,164,66.1,285,12/29/24 0:00
295,Campbell,CAA,-10.76,98.7,325,109.5,225,67.3,234,12/29/24 0:00
296,Morehead St.,OVC,-10.81,101.4,277,112.2,294,67,246,12/29/24 0:00
297,Louisiana,SB,-10.83,102.1,262,112.9,307,68.2,195,12/29/24 0:00
298,Jackson St.,SWAC,-10.95,94.7,355,105.6,145,70.6,76,12/29/24 0:00
299,Oral Roberts,Sum,-11.19,103.8,224,115,338,69,154,12/29/24 0:00
300,San Diego,WCC,-11.2,94.7,356,105.9,151,72.1,31,12/29/24 0:00
301,Nebraska Omaha,Sum,-11.25,101.5,273,112.8,305,67.6,222,12/29/24 0:00
302,North Carolina Central,MEAC,-11.32,103.8,223,115.2,341,66.5,262,12/29/24 0:00
303,Loyola MD,PL,-11.39,99.7,304,111.1,271,68.6,176,12/29/24 0:00
304,Binghamton,AE,-11.47,99.9,302,111.3,277,65.9,295,12/29/24 0:00
305,Grambling St.,SWAC,-11.68,100.3,290,112,288,66.4,266,12/29/24 0:00
306,Stonehill,NEC,-11.85,101.5,275,113.3,314,65.9,298,12/29/24 0:00
307,North Carolina A&T,CAA,-11.94,101.7,265,113.7,317,73.9,10,12/29/24 0:00
308,Holy Cross,PL,-12.06,103.6,229,115.6,348,65.7,311,12/29/24 0:00
309,Texas Southern,SWAC,-12.15,97.6,338,109.7,229,71.4,50,12/29/24 0:00
310,Penn,Ivy,-12.17,102.1,258,114.3,330,65.8,307,12/29/24 0:00
311,Fairfield,MAAC,-12.38,104.1,218,116.5,351,67.1,241,12/29/24 0:00
312,Wagner,NEC,-12.51,93,361,105.5,143,61.9,363,12/29/24 0:00
313,Delaware St.,MEAC,-12.69,98.6,327,111.3,273,70.3,92,12/29/24 0:00
314,Eastern Michigan,MAC,-12.73,101.2,283,113.9,319,68.1,203,12/29/24 0:00
315,Stony Brook,CAA,-12.78,101.4,278,114.1,324,67.3,233,12/29/24 0:00
316,Detroit Mercy,Horz,-12.98,98.3,333,111.3,274,67.9,207,12/29/24 0:00
317,Western Carolina,SC,-13.02,96,347,109,216,72.2,23,12/29/24 0:00
318,Old Dominion,SB,-13.07,99.7,303,112.8,306,68.9,160,12/29/24 0:00
319,Tennessee Tech,OVC,-13.25,101.2,281,114.5,331,68.5,178,12/29/24 0:00
320,Tennessee St.,OVC,-13.27,99.3,314,112.6,300,72.2,26,12/29/24 0:00
,,,,,Strength of Schedule,NCSOS,,,,12/29/24 0:00
Rk,Team,Conf,NetRtg,ORtg,DRtg,AdjT,Luck,NetRtg,ORtg,12/29/24 0:00
321,Portland,WCC,-13.28,98.9,321,112.2,295,70.3,91,12/29/24 0:00
322,Green Bay,Horz,-13.44,103.7,227,117.1,356,71,63,12/29/24 0:00
323,Rider,MAAC,-13.48,100.2,294,113.7,318,64.6,341,12/29/24 0:00
324,Evansville,MVC,-13.58,98.4,329,112,289,68.1,201,12/29/24 0:00
325,Southern Indiana,OVC,-13.63,99,319,112.7,302,67,247,12/29/24 0:00
326,Niagara,MAAC,-13.79,101.4,279,115.1,340,64.4,343,12/29/24 0:00
327,Denver,Sum,-13.82,101.5,274,115.3,343,67,245,12/29/24 0:00
328,Eastern Illinois,OVC,-13.85,97.5,339,111.3,278,66.8,251,12/29/24 0:00
329,Fairleigh Dickinson,NEC,-13.9,103,239,116.9,353,70.5,82,12/29/24 0:00
330,Navy,PL,-14.11,101.3,280,115.4,344,69,152,12/29/24 0:00
331,Saint Francis,NEC,-14.32,99.9,301,114.2,329,69.4,130,12/29/24 0:00
332,Buffalo,MAC,-14.36,100.2,293,114.6,334,69.9,110,12/29/24 0:00
333,Le Moyne,NEC,-14.78,98.3,332,113.1,312,69.9,112,12/29/24 0:00
334,Western Illinois,OVC,-14.96,99.3,315,114.2,327,64.1,348,12/29/24 0:00
335,LIU,NEC,-15.15,95.1,353,110.2,243,68.3,192,12/29/24 0:00
336,Central Arkansas,ASun,-15.48,97,342,112.5,299,68.4,183,12/29/24 0:00
337,West Georgia,ASun,-15.54,98.4,330,113.9,322,67.6,223,12/29/24 0:00
338,VMI,SC,-15.58,99.3,311,114.9,335,68.4,188,12/29/24 0:00
339,Louisiana Monroe,SB,-16.08,95.9,348,111.9,287,68.4,182,12/29/24 0:00
340,Prairie View A&M,SWAC,-16.11,103,241,119.1,360,72.2,24,12/29/24 0:00
341,Lindenwood,OVC,-16.17,96.1,345,112.2,296,69,151,12/29/24 0:00
342,Sacramento St.,BSky,-16.23,95.1,351,111.3,276,66,291,12/29/24 0:00
343,New Orleans,Slnd,-16.68,98.3,331,115,337,70,105,12/29/24 0:00
344,Morgan St.,MEAC,-16.85,100.6,286,117.5,357,71.6,45,12/29/24 0:00
345,USC Upstate,BSth,-16.85,97.7,337,114.5,333,74.1,7,12/29/24 0:00
346,Houston Christian,Slnd,-16.93,98.5,328,115.4,346,65.6,316,12/29/24 0:00
347,Alcorn St.,SWAC,-17.09,99.2,317,116.2,350,66.3,272,12/29/24 0:00
348,IU Indy,Horz,-17.17,101.6,270,118.8,359,66.5,264,12/29/24 0:00
349,Bellarmine,ASun,-17.49,103,240,120.5,363,67.5,225,12/29/24 0:00
350,Stetson,ASun,-17.78,99.3,312,117.1,355,69,155,12/29/24 0:00
351,Florida A&M,SWAC,-17.8,93.8,358,111.6,280,70,108,12/29/24 0:00
352,Northern Illinois,MAC,-17.89,95.1,352,113,309,70.2,97,12/29/24 0:00
353,East Texas A&M,Slnd,-18.05,94.1,357,112.1,290,69.5,125,12/29/24 0:00
354,Mercyhurst,NEC,-18.55,96.5,343,115,339,65,334,12/29/24 0:00
355,NJIT,AE,-18.61,93.1,360,111.7,283,66,292,12/29/24 0:00
356,Maryland Eastern Shore,MEAC,-19.21,99,320,118.2,358,67.9,208,12/29/24 0:00
357,The Citadel,SC,-19.22,95.8,349,115,336,66,293,12/29/24 0:00
358,Canisius,MAAC,-20.03,100.4,289,120.4,362,65.8,305,12/29/24 0:00
359,New Hampshire,AE,-20.85,93.2,359,114.1,323,68.4,186,12/29/24 0:00
360,Alabama A&M,SWAC,-21.57,95.1,354,116.6,352,72.2,28,12/29/24 0:00
,,,,,Strength of Schedule,NCSOS,,,,12/29/24 0:00
Rk,Team,Conf,NetRtg,ORtg,DRtg,AdjT,Luck,NetRtg,ORtg,12/29/24 0:00
361,Chicago St.,NEC,-22.07,90.9,362,112.9,308,70.4,83,12/29/24 0:00
362,Coppin St.,MEAC,-24.44,88.3,363,112.7,304,67.4,229,12/29/24 0:00
363,Arkansas Pine Bluff,SWAC,-24.53,98.7,324,123.3,364,72.9,14,12/29/24 0:00
364,Mississippi Valley St.,SWAC,-33.11,86.9,364,120,361,65.7,312,12/29/24 0:00
1,Auburn,SEC,36.27,130.8,1,94.5,13,68.5,182,12/30/24 0:00
2,Duke,ACC,32.57,120.6,10,88.1,1,66.4,271,12/30/24 0:00
3,Tennessee,SEC,31.1,119.5,15,88.4,2,66.6,258,12/30/24 0:00
4,Houston,B12,30.9,120.6,11,89.7,3,62.6,361,12/30/24 0:00
5,Iowa St.,B12,29.15,123.9,3,94.8,14,70.5,83,12/30/24 0:00
6,Gonzaga,WCC,28.01,123.5,4,95.5,23,70.9,63,12/30/24 0:00
7,Florida,SEC,27.59,122.1,8,94.5,12,70.7,78,12/30/24 0:00
8,Alabama,SEC,24.68,123.1,6,98.4,50,74.5,3,12/30/24 0:00
9,Kansas,B12,24.59,117.8,27,93.2,7,70,110,12/30/24 0:00
10,Marquette,BE,23.79,119.3,16,95.5,24,68.7,170,12/30/24 0:00
11,Michigan,B10,23.29,118.1,25,94.8,16,71.2,52,12/30/24 0:00
12,Oregon,B10,23.24,118.6,22,95.4,21,69.2,144,12/30/24 0:00
13,UCLA,B10,23.01,112.9,64,89.9,4,66.6,255,12/30/24 0:00
14,Texas A&M,SEC,22.83,115.7,41,92.8,6,67.4,228,12/30/24 0:00
15,Texas Tech,B12,22.73,120.1,13,97.4,34,67.2,238,12/30/24 0:00
16,St. John's,BE,22.65,117.8,28,95.1,17,71,62,12/30/24 0:00
17,Michigan St.,B10,22.39,117.2,32,94.8,15,68.5,179,12/30/24 0:00
18,Connecticut,BE,22.39,124.5,2,102.1,97,65.5,319,12/30/24 0:00
19,Illinois,B10,22.29,116.7,35,94.4,10,72.2,25,12/30/24 0:00
20,Maryland,B10,22.27,116.1,39,93.9,8,70.6,79,12/30/24 0:00
21,Mississippi St.,SEC,22.12,119.2,18,97.1,30,68.6,176,12/30/24 0:00
22,Cincinnati,B12,21.97,114.7,46,92.8,5,66.3,274,12/30/24 0:00
23,Baylor,B12,21.96,123.2,5,101.2,84,66.3,276,12/30/24 0:00
24,Arizona,B12,21.84,117.2,31,95.4,22,71.8,43,12/30/24 0:00
25,Pittsburgh,ACC,21.41,119,19,97.6,35,68.9,158,12/30/24 0:00
26,Kentucky,SEC,20.37,120.5,12,100.1,63,71.8,38,12/30/24 0:00
27,Purdue,B10,20.25,120.7,9,100.5,71,65.7,309,12/30/24 0:00
28,Ohio St.,B10,20.16,118.3,24,98.2,44,68.7,168,12/30/24 0:00
29,North Carolina,ACC,19.68,119.2,17,99.6,58,74.5,4,12/30/24 0:00
30,Clemson,ACC,19.16,115.9,40,96.8,29,66,286,12/30/24 0:00
31,Dayton,A10,18.95,119,20,100.1,62,65.8,304,12/30/24 0:00
32,Wisconsin,B10,18.68,119.6,14,100.9,77,68.4,184,12/30/24 0:00
33,Texas,SEC,18.35,115.4,42,97.1,31,67.4,230,12/30/24 0:00
34,Mississippi,SEC,18.32,116.8,34,98.5,51,68.7,173,12/30/24 0:00
35,Memphis,Amer,18.08,116.4,37,98.3,49,71.1,59,12/30/24 0:00
36,Penn St.,B10,17.95,116.2,38,98.2,47,72.5,18,12/30/24 0:00
37,Oklahoma,SEC,17.42,117.8,26,100.4,68,68.1,203,12/30/24 0:00
38,Nebraska,B10,17.16,112.4,71,95.3,20,69.1,149,12/30/24 0:00
39,San Diego St.,MWC,17.15,111.5,84,94.4,9,66.5,261,12/30/24 0:00
40,Arkansas,SEC,17.1,113.6,60,96.5,28,70.2,99,12/30/24 0:00
,,,,,Strength of Schedule,NCSOS,,,,12/30/24 0:00
Rk,Team,Conf,NetRtg,ORtg,DRtg,AdjT,Luck,NetRtg,ORtg,12/30/24 0:00
41,SMU,ACC,16.95,118.8,21,101.8,91,70.8,67,12/30/24 0:00
42,BYU,B12,16.89,117.5,29,100.7,74,69,154,12/30/24 0:00
43,Iowa,B10,16.76,118.5,23,101.8,90,71.8,39,12/30/24 0:00
44,Utah St.,MWC,16.68,114.6,50,97.9,40,70.8,72,12/30/24 0:00
45,Northwestern,B10,16.58,111.8,81,95.2,19,65.6,316,12/30/24 0:00
46,Georgia,SEC,16.16,113.9,57,97.7,38,67.6,221,12/30/24 0:00
47,VCU,A10,15.66,110.1,112,94.4,11,68,204,12/30/24 0:00
48,Saint Mary's,WCC,15.57,114.8,44,99.3,55,63.8,352,12/30/24 0:00
49,West Virginia,B12,15.5,111.8,80,96.3,27,66.8,253,12/30/24 0:00
50,Missouri,SEC,15.03,117.4,30,102.3,101,69,155,12/30/24 0:00
51,Vanderbilt,SEC,15.01,117.1,33,102.1,98,72,34,12/30/24 0:00
52,Creighton,BE,15,114.6,47,99.6,59,69.9,115,12/30/24 0:00
53,Villanova,BE,14.64,122.3,7,107.7,193,64.5,343,12/30/24 0:00
54,Xavier,BE,14.54,114.4,51,99.9,61,69.3,136,12/30/24 0:00
55,Arizona St.,B12,14.07,112.3,72,98.2,46,69.1,148,12/30/24 0:00
56,Indiana,B10,14.05,113.8,58,99.7,60,70.8,73,12/30/24 0:00
57,LSU,SEC,13.89,111.9,78,98,41,70,107,12/30/24 0:00
58,Boise St.,MWC,13.66,114.2,54,100.5,73,68.2,199,12/30/24 0:00
59,San Francisco,WCC,13.62,109.8,117,96.2,26,68.1,202,12/30/24 0:00
60,Louisville,ACC,13.57,114.4,52,100.8,75,68.9,161,12/30/24 0:00
61,Nevada,MWC,13.44,114.6,48,101.2,82,64.1,348,12/30/24 0:00
62,Liberty,CUSA,12.84,110.8,99,98,42,64.1,350,12/30/24 0:00
63,South Carolina,SEC,12.49,111.9,77,99.4,56,66.9,250,12/30/24 0:00
64,Utah,B12,12.39,112.8,66,100.4,66,71.8,41,12/30/24 0:00
65,New Mexico,MWC,12.32,113.5,61,101.2,83,73.9,10,12/30/24 0:00
66,Oregon St.,WCC,12.28,111.4,85,99.2,52,65.9,296,12/30/24 0:00
67,Georgetown,BE,12.15,110.4,106,98.3,48,69.2,142,12/30/24 0:00
68,Drake,MVC,11.75,109.9,116,98.2,43,61.7,363,12/30/24 0:00
69,Butler,BE,11.28,113.7,59,102.4,102,67.9,209,12/30/24 0:00
70,UC Irvine,BW,11.05,106.6,167,95.6,25,70.2,98,12/30/24 0:00
71,North Texas,Amer,10.97,108.1,139,97.1,33,63.5,356,12/30/24 0:00
72,Florida St.,ACC,10.91,111.2,89,100.3,65,70.7,77,12/30/24 0:00
73,TCU,B12,10.67,105.8,178,95.1,18,68.5,180,12/30/24 0:00
74,UCF,B12,10.63,111.1,93,100.4,70,70,111,12/30/24 0:00
75,Santa Clara,WCC,10.61,114,55,103.4,114,69.2,143,12/30/24 0:00
76,St. Bonaventure,A10,10.49,108.1,138,97.6,36,66,285,12/30/24 0:00
77,Providence,BE,10.46,109.9,115,99.5,57,64.9,336,12/30/24 0:00
78,Colorado,B12,10.39,109.6,120,99.2,54,68.4,187,12/30/24 0:00
79,USC,B10,10.34,110.8,101,100.4,69,68.8,165,12/30/24 0:00
80,UC San Diego,BW,10.28,111.8,79,101.6,88,67.4,231,12/30/24 0:00
,,,,,Strength of Schedule,NCSOS,,,,12/30/24 0:00
Rk,Team,Conf,NetRtg,ORtg,DRtg,AdjT,Luck,NetRtg,ORtg,12/30/24 0:00
81,Washington St.,WCC,10.27,111.3,87,101,79,72,32,12/30/24 0:00
82,Bradley,MVC,9.88,113.9,56,104,124,65.9,295,12/30/24 0:00
83,Rutgers,B10,9.85,112.7,67,102.8,106,71,60,12/30/24 0:00
84,N.C. State,ACC,9.47,111.1,94,101.6,89,66.4,269,12/30/24 0:00
85,Notre Dame,ACC,9.45,112.5,70,103.1,109,66.2,279,12/30/24 0:00
86,George Mason,A10,9.45,106.6,168,97.1,32,67.1,242,12/30/24 0:00
87,McNeese,Slnd,9.32,110.4,107,101.1,80,65.4,324,12/30/24 0:00
88,Saint Joseph's,A10,9.02,109.2,125,100.2,64,70.3,93,12/30/24 0:00
89,Rhode Island,A10,8.65,110.8,100,102.2,99,72.5,20,12/30/24 0:00
90,Kansas St.,B12,8.65,110.5,104,101.9,93,68.7,171,12/30/24 0:00
91,Florida Atlantic,Amer,8.22,114.8,45,106.6,176,72.5,19,12/30/24 0:00
92,Stanford,ACC,8.02,112.7,68,104.6,132,67.7,216,12/30/24 0:00
93,Yale,Ivy,7.96,113,63,105,136,68.4,186,12/30/24 0:00
94,Northern Iowa,MVC,7.6,112.9,65,105.3,142,65.3,326,12/30/24 0:00
95,Washington,B10,7.32,107.8,146,100.5,72,69.5,127,12/30/24 0:00
96,Lipscomb,ASun,7.31,108.5,133,101.2,85,67.8,211,12/30/24 0:00
97,Arkansas St.,SB,7.29,108.6,132,101.4,86,71.2,53,12/30/24 0:00
98,Wake Forest,ACC,7.14,105.3,191,98.2,45,66.6,256,12/30/24 0:00
99,DePaul,BE,7.13,110.4,105,103.3,112,69.3,140,12/30/24 0:00
100,Louisiana Tech,CUSA,6.88,110.3,109,103.4,116,65.6,312,12/30/24 0:00
101,Virginia,ACC,6.81,104.6,207,97.8,39,61.2,364,12/30/24 0:00
102,UNLV,MWC,6.53,111.3,86,104.8,135,65.6,318,12/30/24 0:00
103,Wichita St.,Amer,6.52,109,130,102.5,103,71.4,49,12/30/24 0:00
104,Oklahoma St.,B12,6.39,109.3,124,102.9,107,72.2,26,12/30/24 0:00
105,Colorado St.,MWC,6.34,107.8,148,101.4,87,67.8,213,12/30/24 0:00
106,Grand Canyon,WAC,5.9,106.7,165,100.8,76,72.3,21,12/30/24 0:00
107,Miami FL,ACC,5.77,116.5,36,110.7,267,66.8,252,12/30/24 0:00
108,Davidson,A10,5.59,112.1,75,106.5,172,67.1,240,12/30/24 0:00
109,Syracuse,ACC,5.22,111.2,92,105.9,161,70.6,80,12/30/24 0:00
110,Georgia Tech,ACC,5.21,107.5,152,102.3,100,71.1,58,12/30/24 0:00
111,Princeton,Ivy,5.04,111.8,83,106.8,179,68.2,198,12/30/24 0:00
112,Furman,SC,4.87,107.6,150,102.8,105,65.8,302,12/30/24 0:00
113,Minnesota,B10,4.86,106.7,163,101.9,92,62.9,360,12/30/24 0:00
114,North Dakota St.,Sum,4.85,114.6,49,109.7,236,65.7,308,12/30/24 0:00
115,Troy,SB,4.47,106.5,169,102,95,67.3,233,12/30/24 0:00
116,Western Kentucky,CUSA,4.26,105.3,193,101,78,74.1,8,12/30/24 0:00
117,Loyola Chicago,A10,4.18,106.3,171,102.1,96,69.2,145,12/30/24 0:00
118,Kent St.,MAC,4.02,103.2,227,99.2,53,65.7,310,12/30/24 0:00
119,Samford,SC,3.9,114.9,43,111,275,72.1,27,12/30/24 0:00
120,Murray St.,MVC,3.9,108,142,104.1,126,65.9,290,12/30/24 0:00
,,,,,Strength of Schedule,NCSOS,,,,12/30/24 0:00
Rk,Team,Conf,NetRtg,ORtg,DRtg,AdjT,Luck,NetRtg,ORtg,12/30/24 0:00
121,South Dakota St.,Sum,3.76,109.6,119,105.9,160,70,106,12/30/24 0:00
122,Temple,Amer,3.55,107.1,155,103.6,119,69.8,117,12/30/24 0:00
123,Charleston,CAA,3.38,106.9,159,103.5,118,72.3,24,12/30/24 0:00
124,High Point,BSth,3.3,114.3,53,111,273,66.4,268,12/30/24 0:00
125,St. Thomas,Sum,3.28,110.9,98,107.6,191,69.4,128,12/30/24 0:00
126,East Tennessee St.,SC,2.64,108.9,131,106.2,167,67.5,225,12/30/24 0:00
127,Texas St.,SB,2.53,109.2,127,106.6,177,65.6,317,12/30/24 0:00
128,Middle Tennessee,CUSA,2.39,106.9,158,104.6,131,69.3,139,12/30/24 0:00
129,Cornell,Ivy,2.39,112.1,74,109.8,238,71.5,47,12/30/24 0:00
130,UMass Lowell,AE,2.38,111.8,82,109.4,228,71.9,37,12/30/24 0:00
131,UNC Wilmington,CAA,2.26,110,114,107.8,196,67.8,214,12/30/24 0:00
132,George Washington,A10,2.25,108,141,105.7,154,69.3,141,12/30/24 0:00
133,California,ACC,2.16,111.2,91,109,220,69.8,120,12/30/24 0:00
134,Seton Hall,BE,2.06,99.7,300,97.6,37,63.4,357,12/30/24 0:00
135,Purdue Fort Wayne,Horz,1.92,113,62,111.1,279,68.9,160,12/30/24 0:00
136,Milwaukee,Horz,1.9,110.1,113,108.2,206,70.2,103,12/30/24 0:00
137,Sam Houston St.,CUSA,1.75,112.3,73,110.5,261,69.8,119,12/30/24 0:00
138,Seattle,WAC,1.67,108.4,134,106.8,180,67.5,223,12/30/24 0:00
139,UAB,Amer,1.66,112.5,69,110.9,269,70.8,71,12/30/24 0:00
140,Akron,MAC,1.57,107.8,147,106.2,165,71.5,46,12/30/24 0:00
141,UC Santa Barbara,BW,1.41,107.5,151,106.1,162,65.9,298,12/30/24 0:00
142,UTEP,CUSA,1.36,104.7,204,103.3,113,69.4,130,12/30/24 0:00
143,Wofford,SC,1.32,110.9,97,109.6,230,64.8,338,12/30/24 0:00
144,Belmont,MVC,1.15,111,95,109.9,241,71.9,36,12/30/24 0:00
145,Columbia,Ivy,1.06,111.2,90,110.1,251,68.7,167,12/30/24 0:00
146,UNC Greensboro,SC,1.04,105,199,103.9,123,65.1,331,12/30/24 0:00
147,Florida Gulf Coast,ASun,0.46,107,157,106.6,174,64.9,333,12/30/24 0:00
148,South Alabama,SB,0.41,105.5,182,105.1,137,64.6,341,12/30/24 0:00
149,Virginia Tech,ACC,0.4,105.8,179,105.4,144,65.1,330,12/30/24 0:00
150,Elon,CAA,0.4,106.6,166,106.2,168,66.2,281,12/30/24 0:00
151,Wyoming,MWC,0.31,105.5,183,105.2,140,66,287,12/30/24 0:00
152,Saint Louis,A10,0.27,111,96,110.7,266,68.6,178,12/30/24 0:00
153,Loyola Marymount,WCC,0.19,104.2,212,104,125,68.3,192,12/30/24 0:00
154,Jacksonville St.,CUSA,0.17,110.8,102,110.6,263,66.3,277,12/30/24 0:00
155,James Madison,SB,0.16,108.2,136,108,204,66.4,266,12/30/24 0:00
156,UT Arlington,WAC,0.11,110.1,110,110,247,70.8,69,12/30/24 0:00
157,Cal Baptist,WAC,-0.04,110.4,108,110.4,256,66.6,259,12/30/24 0:00
158,Norfolk St.,MEAC,-0.1,108.2,137,108.2,210,66.5,260,12/30/24 0:00
159,Utah Valley,WAC,-0.1,102.9,237,103,108,69.6,123,12/30/24 0:00
160,Northern Colorado,BSky,-0.2,109,129,109.2,223,71.2,54,12/30/24 0:00
,,,,,Strength of Schedule,NCSOS,,,,12/30/24 0:00
Rk,Team,Conf,NetRtg,ORtg,DRtg,AdjT,Luck,NetRtg,ORtg,12/30/24 0:00
161,La Salle,A10,-0.22,105.6,181,105.8,157,71,61,12/30/24 0:00
162,CSUN,BW,-0.25,104.3,209,104.5,130,73,13,12/30/24 0:00
163,Ohio,MAC,-0.35,109.4,122,109.7,234,70.7,76,12/30/24 0:00
164,Illinois St.,MVC,-0.36,109.6,121,109.9,242,65.8,299,12/30/24 0:00
165,Montana St.,BSky,-0.58,107.6,149,108.2,209,67.7,217,12/30/24 0:00
166,Northeastern,CAA,-0.63,103.9,218,104.5,129,69.5,126,12/30/24 0:00
167,Longwood,BSth,-0.79,104.6,206,105.4,145,69.9,114,12/30/24 0:00
168,Hawaii,BW,-0.8,104.7,203,105.5,149,66.2,280,12/30/24 0:00
169,Duquesne,A10,-0.83,103,235,103.8,121,65.3,327,12/30/24 0:00
170,UC Riverside,BW,-0.91,104.9,202,105.8,156,68.1,200,12/30/24 0:00
171,East Carolina,Amer,-1.05,105.8,176,106.9,184,66.1,284,12/30/24 0:00
172,Appalachian St.,SB,-1.06,102.1,255,103.2,110,65.2,328,12/30/24 0:00
173,UNC Asheville,BSth,-1.18,109.2,126,110.3,253,67.2,237,12/30/24 0:00
174,North Alabama,ASun,-1.24,106.7,164,107.9,199,68.7,166,12/30/24 0:00
175,Boston College,ACC,-1.26,107.2,154,108.4,213,66.7,254,12/30/24 0:00
176,Chattanooga,SC,-1.27,109.2,128,110.4,257,67.3,234,12/30/24 0:00
177,Winthrop,BSth,-1.27,105.4,189,106.6,178,74.2,6,12/30/24 0:00
178,Hofstra,CAA,-1.34,101.2,278,102.5,104,65.5,321,12/30/24 0:00
179,Drexel,CAA,-1.43,105.2,195,106.6,175,64.3,346,12/30/24 0:00
180,South Florida,Amer,-1.54,107.1,156,108.6,214,69.1,152,12/30/24 0:00
181,Indiana St.,MVC,-1.6,110.6,103,112.2,295,73.9,11,12/30/24 0:00
182,Rice,Amer,-1.62,102.6,247,104.2,128,66.5,264,12/30/24 0:00
183,Texas A&M Corpus Chris,Slnd,-1.64,106.7,162,108.4,212,69.9,116,12/30/24 0:00
184,San Jose St.,MWC,-1.66,108.4,135,110,248,65.6,313,12/30/24 0:00
185,Miami OH,MAC,-1.67,105.1,196,106.8,181,69.5,125,12/30/24 0:00
186,Jacksonville,ASun,-1.68,101.7,264,103.4,115,69.7,121,12/30/24 0:00
187,North Florida,ASun,-1.74,112.1,76,113.8,322,72,33,12/30/24 0:00
188,Merrimack,MAAC,-1.8,102.1,258,103.9,122,65.5,320,12/30/24 0:00
189,Lamar,Slnd,-1.81,103.5,226,105.3,141,67.2,236,12/30/24 0:00
190,Wright St.,Horz,-1.9,109.7,118,111.6,285,68,207,12/30/24 0:00
191,Brown,Ivy,-1.91,105.7,180,107.6,192,65.8,300,12/30/24 0:00
192,Illinois Chicago,MVC,-1.94,105.9,175,107.8,197,70.1,104,12/30/24 0:00
193,Bryant,AE,-2.06,105.5,187,107.5,190,74.3,5,12/30/24 0:00
194,Fordham,A10,-2.13,104.3,210,106.4,170,71.8,42,12/30/24 0:00
195,Montana,BSky,-2.5,107.9,143,110.4,258,69.4,132,12/30/24 0:00
196,Radford,BSth,-2.54,106.7,161,109.3,225,65.4,325,12/30/24 0:00
197,Southern Illinois,MVC,-2.62,103.9,219,106.5,171,70.4,85,12/30/24 0:00
198,Cleveland St.,Horz,-2.62,102.5,248,105.2,139,67.3,232,12/30/24 0:00
199,Oakland,Horz,-2.93,106.1,173,109,221,63.1,359,12/30/24 0:00
200,Marshall,SB,-3.08,103.8,220,106.8,182,70.2,95,12/30/24 0:00
,,,,,Strength of Schedule,NCSOS,,,,12/30/24 0:00
Rk,Team,Conf,NetRtg,ORtg,DRtg,AdjT,Luck,NetRtg,ORtg,12/30/24 0:00
201,New Mexico St.,CUSA,-3.08,103,233,106.1,163,68,205,12/30/24 0:00
202,Northern Kentucky,Horz,-3.18,100.3,289,103.5,117,66.5,263,12/30/24 0:00
203,Missouri St.,MVC,-3.25,101.5,266,104.8,134,65.6,314,12/30/24 0:00
204,Tulane,Amer,-3.41,104.6,208,108,201,68.3,191,12/30/24 0:00
205,Youngstown St.,Horz,-3.45,97.7,332,101.1,81,70.5,84,12/30/24 0:00
206,Valparaiso,MVC,-3.46,106.4,170,109.8,239,69.9,113,12/30/24 0:00
207,Charlotte,Amer,-3.49,107.8,144,111.3,281,65.5,323,12/30/24 0:00
208,Eastern Kentucky,ASun,-3.56,107.8,145,111.4,282,69.4,129,12/30/24 0:00
209,Central Connecticut,NEC,-3.59,100.6,284,104.2,127,65.9,297,12/30/24 0:00
210,Pepperdine,WCC,-3.62,104.1,215,107.7,194,70.2,100,12/30/24 0:00
211,Massachusetts,A10,-3.71,103.6,223,107.3,188,72,35,12/30/24 0:00
212,Saint Peter's,MAAC,-3.83,102,259,105.8,159,63.3,358,12/30/24 0:00
213,Kennesaw St.,CUSA,-3.92,104,216,108,202,72.7,17,12/30/24 0:00
214,Southern Utah,WAC,-4.18,104.9,200,109.1,222,70.1,105,12/30/24 0:00
215,Little Rock,OVC,-4.26,99,314,103.3,111,67.8,212,12/30/24 0:00
216,Stephen F. Austin,Slnd,-4.42,96,345,100.4,67,66.3,275,12/30/24 0:00
217,Southeastern Louisiana,Slnd,-4.42,99.3,309,103.7,120,68.7,169,12/30/24 0:00
218,Marist,MAAC,-4.52,102.6,245,107.1,187,64.3,344,12/30/24 0:00
219,Toledo,MAC,-4.57,109.3,123,113.8,324,70.8,68,12/30/24 0:00
220,Central Michigan,MAC,-4.59,101.9,260,106.5,173,69.3,137,12/30/24 0:00
221,Gardner Webb,BSth,-4.9,105.5,184,110.4,255,70.6,82,12/30/24 0:00
222,Towson,CAA,-4.91,101.4,271,106.3,169,63.7,353,12/30/24 0:00
223,William & Mary,CAA,-4.96,110.1,111,115.1,343,72,31,12/30/24 0:00
224,Abilene Christian,WAC,-5.01,101.8,262,106.9,183,68.9,156,12/30/24 0:00
225,Hampton,CAA,-5.04,103.6,222,108.7,215,65.8,303,12/30/24 0:00
226,UC Davis,BW,-5.05,96.9,341,101.9,94,71.5,48,12/30/24 0:00
227,Albany,AE,-5.09,105.4,188,110.5,262,70.3,94,12/30/24 0:00
228,Maine,AE,-5.11,100.4,287,105.5,150,68,206,12/30/24 0:00
229,UT Rio Grande Valley,Slnd,-5.14,105.3,192,110.5,260,71.3,51,12/30/24 0:00
230,Mount St. Mary's,MAAC,-5.25,100.6,285,105.8,158,69.2,146,12/30/24 0:00
231,UMBC,AE,-5.27,106.7,160,112,291,72.3,22,12/30/24 0:00
232,Kansas City,Sum,-5.28,103,236,108.3,211,66.2,282,12/30/24 0:00
233,Weber St.,BSky,-5.47,105.2,194,110.7,265,65.9,294,12/30/24 0:00
234,South Dakota,Sum,-5.5,111.3,88,116.8,355,74.5,2,12/30/24 0:00
235,Mercer,SC,-5.69,104.2,211,109.9,244,71.7,44,12/30/24 0:00
236,South Carolina St.,MEAC,-5.71,100.5,286,106.2,166,68.7,172,12/30/24 0:00
237,UTSA,Amer,-5.73,104.2,213,109.9,243,72.8,16,12/30/24 0:00
238,American,PL,-5.78,104.9,201,110.7,264,64.3,345,12/30/24 0:00
239,Nicholls,Slnd,-5.84,102.2,253,108,205,69.3,138,12/30/24 0:00
240,Delaware,CAA,-5.95,107.3,153,113.3,314,70.9,64,12/30/24 0:00
,,,,,Strength of Schedule,NCSOS,,,,12/30/24 0:00
Rk,Team,Conf,NetRtg,ORtg,DRtg,AdjT,Luck,NetRtg,ORtg,12/30/24 0:00
241,Robert Morris,Horz,-6.15,99.3,308,105.5,146,70.3,91,12/30/24 0:00
242,Southern,SWAC,-6.18,99.5,302,105.7,152,69.4,131,12/30/24 0:00
243,Vermont,AE,-6.22,98.6,322,104.8,133,64.3,347,12/30/24 0:00
244,Boston University,PL,-6.36,102.9,239,109.2,224,63.5,355,12/30/24 0:00
245,Quinnipiac,MAAC,-6.53,100.8,283,107.3,189,71.1,56,12/30/24 0:00
246,Idaho St.,BSky,-6.54,101.4,270,107.9,200,65.8,305,12/30/24 0:00
247,Georgia Southern,SB,-6.54,100.4,288,106.9,185,72.9,15,12/30/24 0:00
248,Cal Poly,BW,-6.58,105,198,111.6,284,76.4,1,12/30/24 0:00
249,Richmond,A10,-6.64,103.1,230,109.7,237,67.5,226,12/30/24 0:00
250,Lehigh,PL,-6.74,105.5,186,112.2,297,67.9,208,12/30/24 0:00
251,Portland St.,BSky,-6.9,103.2,229,110.1,249,71.2,55,12/30/24 0:00
252,Presbyterian,BSth,-7.42,104.1,214,111.5,283,65.7,311,12/30/24 0:00
253,Cal St. Bakersfield,BW,-7.43,102.2,254,109.6,232,65.5,322,12/30/24 0:00
254,Tulsa,Amer,-7.51,102.4,250,110,245,68.6,174,12/30/24 0:00
255,FIU,CUSA,-7.57,98.6,320,106.2,164,70.2,96,12/30/24 0:00
256,Eastern Washington,BSky,-7.74,106.2,172,113.9,327,68.3,189,12/30/24 0:00
257,Northern Arizona,BSky,-7.77,105.3,190,113.1,313,67.6,220,12/30/24 0:00
258,Idaho,BSky,-7.79,108,140,115.8,349,66.3,273,12/30/24 0:00
259,Harvard,Ivy,-7.93,100.1,293,108,203,67.5,227,12/30/24 0:00
260,Bucknell,PL,-7.94,97.2,340,105.1,138,68.9,157,12/30/24 0:00
261,Ball St.,MAC,-8.05,102.7,244,110.8,268,67,247,12/30/24 0:00
262,Bethune Cookman,SWAC,-8.08,97.6,333,105.7,153,69.8,118,12/30/24 0:00
263,Queens,ASun,-8.09,101.5,268,109.6,231,70.3,90,12/30/24 0:00
264,Manhattan,MAAC,-8.13,106,174,114.1,331,69.9,112,12/30/24 0:00
265,Howard,MEAC,-8.39,105.1,197,113.4,316,68.8,163,12/30/24 0:00
266,Colgate,PL,-8.41,102.5,249,110.9,270,66.4,272,12/30/24 0:00
267,Northwestern St.,Slnd,-8.41,101.6,265,110,246,64.9,335,12/30/24 0:00
268,Southeast Missouri,OVC,-8.44,99.8,297,108.2,207,70.8,66,12/30/24 0:00
269,SIUE,OVC,-8.66,99,313,107.7,195,66.8,251,12/30/24 0:00
270,Iona,MAAC,-8.86,99,315,107.9,198,69.6,122,12/30/24 0:00
271,Alabama St.,SWAC,-9.02,104.7,205,113.7,320,70.2,102,12/30/24 0:00
272,Incarnate Word,Slnd,-9.19,105.8,177,115,342,66.6,257,12/30/24 0:00
273,Coastal Carolina,SB,-9.22,101.2,276,110.5,259,63.9,351,12/30/24 0:00
274,Monmouth,CAA,-9.23,102.8,241,112,292,68.3,194,12/30/24 0:00
275,Fresno St.,MWC,-9.24,97.8,330,107.1,186,74.1,7,12/30/24 0:00
276,Austin Peay,ASun,-9.52,95.9,346,105.5,148,64.7,340,12/30/24 0:00
277,Dartmouth,Ivy,-9.54,99.4,307,108.9,218,71.1,57,12/30/24 0:00
278,Pacific,WCC,-9.59,99.7,299,109.3,226,68.8,164,12/30/24 0:00
279,Long Beach St.,BW,-9.6,102.6,246,112.2,296,65.2,329,12/30/24 0:00
280,Air Force,MWC,-9.63,101.4,272,111,274,63.7,354,12/30/24 0:00
,,,,,Strength of Schedule,NCSOS,,,,12/30/24 0:00
Rk,Team,Conf,NetRtg,ORtg,DRtg,AdjT,Luck,NetRtg,ORtg,12/30/24 0:00
281,Georgia St.,SB,-9.63,100.1,294,109.7,235,70.2,101,12/30/24 0:00
282,Sacred Heart,MAAC,-9.77,102.3,251,112.1,293,70,108,12/30/24 0:00
283,Bowling Green,MAC,-9.86,103,234,112.9,310,70.9,65,12/30/24 0:00
284,North Dakota,Sum,-9.97,105.5,185,115.4,347,68.8,162,12/30/24 0:00
285,Campbell,CAA,-9.99,99.9,295,109.9,240,67.1,241,12/30/24 0:00
286,Southern Miss,SB,-10,99.4,306,109.4,227,69.2,147,12/30/24 0:00
287,Siena,MAAC,-10.04,99.4,304,109.5,229,64.8,337,12/30/24 0:00
288,Western Michigan,MAC,-10.07,102.9,238,113,311,67,243,12/30/24 0:00
289,Utah Tech,WAC,-10.25,102.2,252,112.5,304,67.7,215,12/30/24 0:00
290,Army,PL,-10.29,103.1,231,113.4,315,68.3,193,12/30/24 0:00
291,Charleston Southern,BSth,-10.32,102.1,256,112.5,303,69.3,134,12/30/24 0:00
292,Lafayette,PL,-10.33,98.5,324,108.8,217,67.3,235,12/30/24 0:00
293,Tennessee Martin,OVC,-10.41,97.8,331,108.2,208,68.3,195,12/30/24 0:00
294,Cal St. Fullerton,BW,-10.42,99.9,296,110.3,252,65,332,12/30/24 0:00
295,Stonehill,NEC,-10.79,101.4,269,112.2,298,66.1,283,12/30/24 0:00
296,Tarleton St.,WAC,-10.8,95,350,105.8,155,66.3,278,12/30/24 0:00
297,Morehead St.,OVC,-10.8,101.2,277,112,290,67,245,12/30/24 0:00
298,Louisiana,SB,-10.86,101.9,261,112.7,308,68.2,196,12/30/24 0:00
299,Jackson St.,SWAC,-11.1,94.4,356,105.5,147,70.6,81,12/30/24 0:00
300,San Diego,WCC,-11.16,94.5,355,105.7,151,72.1,29,12/30/24 0:00
301,Nebraska Omaha,Sum,-11.24,101.3,274,112.6,306,67.6,219,12/30/24 0:00
302,North Carolina Central,MEAC,-11.36,103.6,224,114.9,340,66.4,265,12/30/24 0:00
303,Oral Roberts,Sum,-11.45,103.7,221,115.1,344,69.1,150,12/30/24 0:00
304,Loyola MD,PL,-11.46,99.5,303,110.9,271,68.6,175,12/30/24 0:00
305,Evansville,MVC,-11.59,97.3,338,108.9,219,67.7,218,12/30/24 0:00
306,Grambling St.,SWAC,-11.59,100.1,291,111.7,287,66.4,267,12/30/24 0:00
307,North Carolina A&T,CAA,-11.95,101.5,267,113.5,317,73.8,12,12/30/24 0:00
308,Holy Cross,PL,-11.98,103.5,225,115.5,348,65.8,306,12/30/24 0:00
309,Penn,Ivy,-12.15,101.8,263,114,328,65.9,291,12/30/24 0:00
310,Texas Southern,SWAC,-12.32,97.3,339,109.6,233,71.4,50,12/30/24 0:00
311,Fairfield,MAAC,-12.35,103.9,217,116.3,351,67.1,239,12/30/24 0:00
312,Wagner,NEC,-12.54,92.8,360,105.4,143,62,362,12/30/24 0:00
313,Niagara,MAAC,-12.56,102.1,257,114.6,335,64.8,339,12/30/24 0:00
314,Binghamton,AE,-12.6,98.3,325,110.9,272,65.9,293,12/30/24 0:00
315,Eastern Michigan,MAC,-12.66,101,280,113.6,319,68.1,201,12/30/24 0:00
316,Delaware St.,MEAC,-12.72,98.3,326,111.1,277,70.3,89,12/30/24 0:00
317,Stony Brook,CAA,-12.73,101.3,273,114.1,330,67,244,12/30/24 0:00
318,Detroit Mercy,Horz,-12.77,97.6,334,110.4,254,68.6,177,12/30/24 0:00
319,Western Carolina,SC,-13,95.8,347,108.8,216,72.3,23,12/30/24 0:00
320,Old Dominion,SB,-13.23,99.4,305,112.6,307,68.9,159,12/30/24 0:00
,,,,,Strength of Schedule,NCSOS,,,,12/30/24 0:00
Rk,Team,Conf,NetRtg,ORtg,DRtg,AdjT,Luck,NetRtg,ORtg,12/30/24 0:00
321,Tennessee St.,OVC,-13.3,99.1,312,112.3,301,72.1,28,12/30/24 0:00
322,Tennessee Tech,OVC,-13.3,101,279,114.3,333,68.5,181,12/30/24 0:00
323,Portland,WCC,-13.37,98.8,319,112.1,294,70.2,97,12/30/24 0:00
324,Rider,MAAC,-13.4,100.1,292,113.5,318,64.6,342,12/30/24 0:00
325,Southern Indiana,OVC,-13.63,98.8,317,112.4,302,67,248,12/30/24 0:00
326,Eastern Illinois,OVC,-13.68,97.4,337,111.1,278,66.9,249,12/30/24 0:00
327,Green Bay,Horz,-13.75,103.1,232,116.8,356,70.8,70,12/30/24 0:00
328,Denver,Sum,-13.84,101.3,275,115.1,345,67,246,12/30/24 0:00
329,Navy,PL,-13.84,101,281,114.8,339,69.1,151,12/30/24 0:00
330,Fairleigh Dickinson,NEC,-13.89,102.8,240,116.7,354,70.4,86,12/30/24 0:00
331,Saint Francis,NEC,-14.09,99.7,298,113.8,323,69.3,133,12/30/24 0:00
332,Buffalo,MAC,-14.65,99.6,301,114.2,332,70.7,74,12/30/24 0:00
333,Western Illinois,OVC,-14.96,99.1,311,114,329,64.1,349,12/30/24 0:00
334,LIU,NEC,-15.16,94.9,352,110.1,250,68.2,197,12/30/24 0:00
335,Central Arkansas,ASun,-15.47,96.8,342,112.3,300,68.5,183,12/30/24 0:00
336,West Georgia,ASun,-15.56,98.2,329,113.8,321,67.6,222,12/30/24 0:00
337,VMI,SC,-15.6,99.1,310,114.7,337,68.4,188,12/30/24 0:00
338,Prairie View A&M,SWAC,-15.87,103.2,228,119.1,360,71.8,40,12/30/24 0:00
339,Lindenwood,OVC,-15.87,96,344,111.9,288,69.1,153,12/30/24 0:00
340,Louisiana Monroe,SB,-15.95,95.7,348,111.6,286,68.4,185,12/30/24 0:00
341,IU Indy,Horz,-16.07,102.8,242,118.9,359,66.5,262,12/30/24 0:00
342,Le Moyne,NEC,-16.21,97.6,335,113.8,325,70.4,87,12/30/24 0:00
343,Sacramento St.,BSky,-16.26,94.9,353,111.2,280,66,288,12/30/24 0:00
344,New Orleans,Slnd,-16.48,98.3,328,114.8,338,70,109,12/30/24 0:00
345,USC Upstate,BSth,-16.73,97.6,336,114.3,334,74,9,12/30/24 0:00
346,Houston Christian,Slnd,-16.97,98.3,327,115.3,346,65.6,315,12/30/24 0:00
347,Alcorn St.,SWAC,-17.05,99,316,116,350,66.4,270,12/30/24 0:00
348,Morgan St.,MEAC,-17.3,100.9,282,118.2,358,71.5,45,12/30/24 0:00
349,Bellarmine,ASun,-17.48,102.8,243,120.2,361,67.5,224,12/30/24 0:00
350,Northern Illinois,MAC,-17.91,94.9,351,112.8,309,70.3,92,12/30/24 0:00
351,East Texas A&M,Slnd,-17.92,94,357,111.9,289,69.6,124,12/30/24 0:00
352,Stetson,ASun,-18,98.6,321,116.6,353,69.3,135,12/30/24 0:00
353,Florida A&M,SWAC,-18.07,92.9,359,111,276,70.3,88,12/30/24 0:00
354,Mercyhurst,NEC,-18.75,96.2,343,115,341,64.9,334,12/30/24 0:00
355,The Citadel,SC,-19.14,95.5,349,114.7,336,65.9,292,12/30/24 0:00
356,Maryland Eastern Shore,MEAC,-19.19,98.8,318,118,357,67.8,210,12/30/24 0:00
357,NJIT,AE,-19.47,92.8,361,112.3,299,65.7,307,12/30/24 0:00
358,Canisius,MAAC,-20.1,100.2,290,120.3,362,65.8,301,12/30/24 0:00
359,New Hampshire,AE,-20.63,93.2,358,113.9,326,68.3,190,12/30/24 0:00
360,Alabama A&M,SWAC,-21.43,94.8,354,116.3,352,72.1,30,12/30/24 0:00
,,,,,Strength of Schedule,NCSOS,,,,12/30/24 0:00
Rk,Team,Conf,NetRtg,ORtg,DRtg,AdjT,Luck,NetRtg,ORtg,12/30/24 0:00
361,Chicago St.,NEC,-22.46,90.7,362,113.1,312,70.7,75,12/30/24 0:00
362,Coppin St.,MEAC,-24.43,88.1,363,112.5,305,67.4,229,12/30/24 0:00
363,Arkansas Pine Bluff,SWAC,-24.53,98.5,323,123.1,364,72.9,14,12/30/24 0:00
364,Mississippi Valley St.,SWAC,-33.83,86.5,364,120.3,363,65.9,289,12/30/24 0:00
1,Auburn,SEC,36.22,130.6,1,94.4,13,68.6,183,12/31/24 0:00
2,Duke,ACC,32.48,120.3,10,87.8,2,66.6,269,12/31/24 0:00
3,Tennessee,SEC,31.09,119.4,13,88.3,3,66.8,256,12/31/24 0:00
4,Houston,B12,30.99,118.7,21,87.7,1,62.7,361,12/31/24 0:00
5,Iowa St.,B12,29.4,124.1,3,94.7,18,70.5,91,12/31/24 0:00
6,Florida,SEC,27.62,122,8,94.3,12,70.8,78,12/31/24 0:00
7,Gonzaga,WCC,27.08,123.2,4,96.2,25,71.2,58,12/31/24 0:00
8,Alabama,SEC,24.82,123.2,5,98.4,50,74.6,4,12/31/24 0:00
9,Kansas,B12,24.48,117.7,27,93.2,7,70,113,12/31/24 0:00
10,Marquette,BE,23.79,119.2,17,95.4,22,68.9,171,12/31/24 0:00
11,Michigan,B10,23.36,117.9,26,94.6,16,71.3,53,12/31/24 0:00
12,Oregon,B10,23.24,118.3,24,95,20,69.4,138,12/31/24 0:00
13,UCLA,B10,22.93,112.6,68,89.7,4,66.8,254,12/31/24 0:00
14,Texas A&M,SEC,22.88,115.6,41,92.7,5,67.6,229,12/31/24 0:00
15,Texas Tech,B12,22.75,120,12,97.2,32,67.3,239,12/31/24 0:00
16,St. John's,BE,22.63,117.6,28,95,19,71,63,12/31/24 0:00
17,Illinois,B10,22.31,116.6,33,94.3,11,72.3,29,12/31/24 0:00
18,Connecticut,BE,22.28,124.3,2,102,101,65.7,317,12/31/24 0:00
19,Maryland,B10,22.27,116,39,93.7,8,70.7,80,12/31/24 0:00
20,Michigan St.,B10,21.96,116.4,36,94.5,15,69.1,155,12/31/24 0:00
21,Baylor,B12,21.89,123,6,101.1,83,66.4,278,12/31/24 0:00
22,Arizona,B12,21.65,119.3,16,97.6,38,71.3,52,12/31/24 0:00
23,Mississippi St.,SEC,21.4,119.3,14,97.9,42,68.8,176,12/31/24 0:00
24,Pittsburgh,ACC,21.33,118.8,20,97.5,33,69,162,12/31/24 0:00
25,Cincinnati,B12,21.09,113.9,56,92.8,6,66.6,265,12/31/24 0:00
26,Kentucky,SEC,20.28,120.3,11,100,65,72,41,12/31/24 0:00
27,Purdue,B10,20.26,120.6,9,100.3,71,65.8,306,12/31/24 0:00
28,Ohio St.,B10,20.22,118.3,25,98,45,68.8,174,12/31/24 0:00
29,North Carolina,ACC,19.64,119.1,18,99.5,57,74.6,5,12/31/24 0:00
30,Clemson,ACC,19.11,115.7,40,96.6,26,66.2,285,12/31/24 0:00
31,Dayton,A10,18.93,118.9,19,100,63,65.9,303,12/31/24 0:00
32,Wisconsin,B10,18.67,119.3,15,100.6,77,68.6,182,12/31/24 0:00
33,Texas,SEC,18.31,115.3,42,97,29,67.5,231,12/31/24 0:00
34,Mississippi,SEC,18.26,116.7,32,98.4,51,68.8,173,12/31/24 0:00
35,Penn St.,B10,18.01,116.1,38,98.1,47,72.7,19,12/31/24 0:00
36,Memphis,Amer,17.96,116.2,37,98.2,49,71.2,61,12/31/24 0:00
37,Nebraska,B10,17.93,112.2,72,94.2,9,69,163,12/31/24 0:00
38,Arkansas,SEC,17.79,113.9,55,96.1,24,70.8,77,12/31/24 0:00
39,Oklahoma,SEC,17.39,117.6,29,100.2,68,68.2,200,12/31/24 0:00
40,San Diego St.,MWC,17.1,111.5,82,94.4,14,66.7,259,12/31/24 0:00
,,,,,Strength of Schedule,NCSOS,,,,12/31/24 0:00
Rk,Team,Conf,NetRtg,ORtg,DRtg,AdjT,Luck,NetRtg,ORtg,12/31/24 0:00
41,SMU,ACC,16.93,118.7,22,101.8,96,70.9,70,12/31/24 0:00
42,Iowa,B10,16.91,118.6,23,101.7,95,72.6,21,12/31/24 0:00
43,BYU,B12,16.87,117.4,30,100.5,76,69.1,154,12/31/24 0:00
44,Utah St.,MWC,16.66,114.4,50,97.8,39,70.8,76,12/31/24 0:00
45,Northwestern,B10,16.63,111.7,79,95,21,65.7,318,12/31/24 0:00
46,Georgia,SEC,16.27,113.8,57,97.6,35,67.6,224,12/31/24 0:00
47,VCU,A10,15.67,109.9,113,94.3,10,68.2,204,12/31/24 0:00
48,Vanderbilt,SEC,15.63,116.9,31,101.3,89,72.5,23,12/31/24 0:00
49,Saint Mary's,WCC,15.58,114.8,45,99.2,54,63.9,352,12/31/24 0:00
50,West Virginia,B12,15.43,111.4,83,96,23,66.9,250,12/31/24 0:00
51,Creighton,BE,15.05,114.5,48,99.5,56,70,115,12/31/24 0:00
52,Missouri,SEC,14.67,116.5,34,101.9,97,69.2,151,12/31/24 0:00
53,Xavier,BE,14.54,114.2,52,99.7,61,69.5,132,12/31/24 0:00
54,Villanova,BE,14.51,122.2,7,107.7,195,64.6,343,12/31/24 0:00
55,Arizona St.,B12,14.19,112.2,73,98,43,69.2,153,12/31/24 0:00
56,Indiana,B10,14.01,113.7,59,99.6,59,70.9,68,12/31/24 0:00
57,LSU,SEC,13.94,111.8,76,97.9,40,70.1,108,12/31/24 0:00
58,Boise St.,MWC,13.56,114,54,100.4,75,68.2,203,12/31/24 0:00
59,Louisville,ACC,13.54,114.3,51,100.7,78,69,164,12/31/24 0:00
60,Nevada,MWC,13.5,114.7,46,101.2,85,64.2,350,12/31/24 0:00
61,San Francisco,WCC,13.48,110.7,100,97.2,31,68.3,197,12/31/24 0:00
62,Liberty,CUSA,12.92,110.8,96,97.9,41,64.2,349,12/31/24 0:00
63,New Mexico,MWC,12.35,113.4,61,101.1,82,74,10,12/31/24 0:00
64,Utah,B12,12.3,112.6,67,100.3,70,71.8,44,12/31/24 0:00
65,Georgetown,BE,12.14,110.3,107,98.2,48,69.4,143,12/31/24 0:00
66,South Carolina,SEC,12.02,111.5,81,99.5,58,66.7,257,12/31/24 0:00
67,Drake,MVC,11.87,109.9,115,98,44,61.8,363,12/31/24 0:00
68,Oregon St.,WCC,11.75,112.6,66,100.9,79,65.7,315,12/31/24 0:00
69,UC Irvine,BW,11.45,106.2,171,94.7,17,70.3,102,12/31/24 0:00
70,Butler,BE,11.26,113.6,60,102.4,105,68,210,12/31/24 0:00
71,North Texas,Amer,11.03,107.9,139,96.9,28,63.7,356,12/31/24 0:00
72,Santa Clara,WCC,11,114.8,44,103.9,125,69.5,131,12/31/24 0:00
73,Rutgers,B10,10.94,112.9,62,102,100,71.3,57,12/31/24 0:00
74,Florida St.,ACC,10.91,111.1,87,100.2,67,70.8,75,12/31/24 0:00
75,TCU,B12,10.79,107.6,147,96.8,27,68.1,208,12/31/24 0:00
76,UCF,B12,10.62,111,93,100.3,72,70.1,110,12/31/24 0:00
77,Washington St.,WCC,10.58,110.4,104,99.9,62,72.3,27,12/31/24 0:00
78,St. Bonaventure,A10,10.52,108,136,97.5,34,66.1,290,12/31/24 0:00
79,McNeese,Slnd,10.49,110.5,103,100,64,65.6,323,12/31/24 0:00
80,Providence,BE,10.44,109.8,117,99.4,55,65,336,12/31/24 0:00
,,,,,Strength of Schedule,NCSOS,,,,12/31/24 0:00
Rk,Team,Conf,NetRtg,ORtg,DRtg,AdjT,Luck,NetRtg,ORtg,12/31/24 0:00
81,UC San Diego,BW,10.32,111.7,78,101.4,90,67.5,232,12/31/24 0:00
82,USC,B10,10.28,110.7,101,100.4,73,68.9,166,12/31/24 0:00
83,Colorado,B12,10.28,109.5,120,99.2,53,68.3,199,12/31/24 0:00
84,Bradley,MVC,9.94,113.7,58,103.8,121,66,295,12/31/24 0:00
85,Notre Dame,ACC,9.51,112.5,70,103,109,66.4,279,12/31/24 0:00
86,N.C. State,ACC,9.49,111,92,101.5,92,66.6,264,12/31/24 0:00
87,George Mason,A10,9.43,106.4,169,97,30,67.2,243,12/31/24 0:00
88,Kansas St.,B12,9.35,110.5,102,101.2,86,69,165,12/31/24 0:00
89,Saint Joseph's,A10,8.98,109.1,124,100.1,66,70.4,95,12/31/24 0:00
90,Rhode Island,A10,8.63,110.7,98,102.1,102,72.6,20,12/31/24 0:00
91,Florida Atlantic,Amer,8.26,114.9,43,106.6,180,72.5,22,12/31/24 0:00
92,Stanford,ACC,8.14,112.6,69,104.4,129,67.8,219,12/31/24 0:00
93,Yale,Ivy,7.96,112.9,64,104.9,137,68.5,188,12/31/24 0:00
94,Northern Iowa,MVC,7.65,112.9,63,105.2,143,65.4,326,12/31/24 0:00
95,Lipscomb,ASun,7.34,108.4,132,101.1,84,67.9,212,12/31/24 0:00
96,Grand Canyon,WAC,7.33,107,157,99.7,60,73.5,13,12/31/24 0:00
97,Arkansas St.,SB,7.32,108.6,131,101.2,88,71.3,54,12/31/24 0:00
98,Washington,B10,7.3,107.7,144,100.4,74,69.6,126,12/31/24 0:00
99,Wake Forest,ACC,7.14,105.2,189,98.1,46,66.8,255,12/31/24 0:00
100,DePaul,BE,7.14,110.3,106,103.2,112,69.4,139,12/31/24 0:00
101,Louisiana Tech,CUSA,6.92,110.3,108,103.3,117,65.7,314,12/31/24 0:00
102,Virginia,ACC,6.86,104.4,206,97.6,36,61.4,364,12/31/24 0:00
103,Wichita St.,Amer,6.61,108.9,129,102.3,104,71.5,47,12/31/24 0:00
104,UNLV,MWC,6.52,111.2,86,104.6,133,65.7,316,12/31/24 0:00
105,Oklahoma St.,B12,6.33,107.8,141,101.4,91,72.3,28,12/31/24 0:00
106,Colorado St.,MWC,6.3,107.5,148,101.2,87,68,211,12/31/24 0:00
107,Miami FL,ACC,5.85,116.5,35,110.7,268,66.9,251,12/31/24 0:00
108,Davidson,A10,5.57,111.8,77,106.2,170,67.3,240,12/31/24 0:00
109,Georgia Tech,ACC,5.15,107.4,152,102.2,103,71.2,59,12/31/24 0:00
110,Syracuse,ACC,5.11,111,91,105.9,163,70.7,82,12/31/24 0:00
111,North Dakota St.,Sum,4.91,114.5,49,109.6,234,65.8,307,12/31/24 0:00
112,Minnesota,B10,4.89,106.6,164,101.7,94,63,360,12/31/24 0:00
113,Furman,SC,4.78,107.5,149,102.7,107,65.9,302,12/31/24 0:00
114,Princeton,Ivy,4.77,111,90,106.2,171,68.6,184,12/31/24 0:00
115,Troy,SB,4.49,106.5,168,102,98,67.4,235,12/31/24 0:00
116,Western Kentucky,CUSA,4.28,105.2,192,100.9,80,74.1,8,12/31/24 0:00
117,Kent St.,MAC,4.11,103.1,229,98.9,52,65.9,305,12/31/24 0:00
118,Loyola Chicago,A10,4.11,106.1,173,102,99,69.3,146,12/31/24 0:00
119,Murray St.,MVC,3.95,107.9,137,104,126,66.1,287,12/31/24 0:00
120,South Dakota St.,Sum,3.82,109.5,119,105.7,159,70.2,106,12/31/24 0:00
,,,,,Strength of Schedule,NCSOS,,,,12/31/24 0:00
Rk,Team,Conf,NetRtg,ORtg,DRtg,AdjT,Luck,NetRtg,ORtg,12/31/24 0:00
121,Samford,SC,3.76,114.6,47,110.9,275,72.2,31,12/31/24 0:00
122,Temple,Amer,3.52,107,156,103.5,119,70,118,12/31/24 0:00
123,Charleston,CAA,3.36,106.6,163,103.3,116,72.4,24,12/31/24 0:00
124,St. Thomas,Sum,3.32,110.9,94,107.6,192,69.6,128,12/31/24 0:00
125,High Point,BSth,3.31,114.1,53,110.8,272,66.5,271,12/31/24 0:00
126,East Tennessee St.,SC,2.66,108.8,130,106.1,168,67.6,225,12/31/24 0:00
127,Texas St.,SB,2.53,109,128,106.4,175,65.7,313,12/31/24 0:00
128,Middle Tennessee,CUSA,2.39,106.9,158,104.5,131,69.4,140,12/31/24 0:00
129,UMass Lowell,AE,2.32,111.6,80,109.3,228,72,39,12/31/24 0:00
130,George Washington,A10,2.29,107.9,138,105.6,154,69.4,142,12/31/24 0:00
131,UNC Wilmington,CAA,2.24,109.9,114,107.7,196,67.9,214,12/31/24 0:00
132,Seton Hall,BE,2.16,99.7,298,97.6,37,63.5,358,12/31/24 0:00
133,California,ACC,2.06,111.1,88,109,222,69.8,121,12/31/24 0:00
134,Purdue Fort Wayne,Horz,1.95,112.9,65,110.9,277,69,160,12/31/24 0:00
135,Milwaukee,Horz,1.95,110,112,108,208,70.3,103,12/31/24 0:00
136,Akron,MAC,1.92,107.2,153,105.3,148,72,38,12/31/24 0:00
137,Sam Houston St.,CUSA,1.73,112.1,74,110.4,260,70,119,12/31/24 0:00
138,UAB,Amer,1.6,112.4,71,110.8,269,70.9,72,12/31/24 0:00
139,UC Santa Barbara,BW,1.48,107.4,151,105.9,164,66,297,12/31/24 0:00
140,Wofford,SC,1.36,110.8,97,109.4,230,65,338,12/31/24 0:00
141,UTEP,CUSA,1.3,104.5,205,103.2,115,69.6,130,12/31/24 0:00
142,Belmont,MVC,1.15,111,89,109.9,243,72.1,36,12/31/24 0:00
143,UNC Greensboro,SC,1.05,104.9,197,103.8,124,65.2,332,12/31/24 0:00
144,Cornell,Ivy,0.87,111.3,84,110.4,261,72.2,32,12/31/24 0:00
145,Seattle,WAC,0.69,107.7,146,107,185,67.7,223,12/31/24 0:00
146,Florida Gulf Coast,ASun,0.54,106.9,160,106.3,173,65.1,334,12/31/24 0:00
147,South Alabama,SB,0.47,105.3,187,104.9,136,64.8,340,12/31/24 0:00
148,Virginia Tech,ACC,0.41,105.7,178,105.3,147,65.2,331,12/31/24 0:00
149,Elon,CAA,0.4,106.5,167,106.1,167,66.3,281,12/31/24 0:00
150,Saint Louis,A10,0.36,110.9,95,110.5,264,68.6,187,12/31/24 0:00
151,Wyoming,MWC,0.16,105.4,181,105.3,144,66.1,288,12/31/24 0:00
152,James Madison,SB,0.16,108.1,135,107.9,203,66.6,267,12/31/24 0:00
153,Jacksonville St.,CUSA,0.15,110.7,99,110.5,265,66.4,276,12/31/24 0:00
154,UT Arlington,WAC,0.12,110,110,109.9,244,70.9,67,12/31/24 0:00
155,Norfolk St.,MEAC,0.02,108.1,134,108.1,209,66.6,261,12/31/24 0:00
156,Utah Valley,WAC,-0.1,102.8,236,102.9,108,69.8,122,12/31/24 0:00
157,Columbia,Ivy,-0.11,110.2,109,110.3,256,68.9,169,12/31/24 0:00
158,Loyola Marymount,WCC,-0.11,103.1,228,103.2,113,68.7,179,12/31/24 0:00
159,Northern Colorado,BSky,-0.21,109,127,109.2,224,71.3,51,12/31/24 0:00
160,CSUN,BW,-0.31,104.2,211,104.5,132,73.1,14,12/31/24 0:00
,,,,,Strength of Schedule,NCSOS,,,,12/31/24 0:00
Rk,Team,Conf,NetRtg,ORtg,DRtg,AdjT,Luck,NetRtg,ORtg,12/31/24 0:00
161,Ohio,MAC,-0.34,109.1,123,109.5,232,70.8,74,12/31/24 0:00
162,La Salle,A10,-0.34,105.4,182,105.7,161,71.1,62,12/31/24 0:00
163,Cal Baptist,WAC,-0.35,109.8,116,110.2,251,66.7,260,12/31/24 0:00
164,Illinois St.,MVC,-0.43,109.4,121,109.8,242,65.9,301,12/31/24 0:00
165,Montana St.,BSky,-0.56,107.5,150,108,207,67.9,216,12/31/24 0:00
166,Northeastern,CAA,-0.61,103.9,216,104.5,130,69.6,129,12/31/24 0:00
167,Longwood,BSth,-0.66,104.6,204,105.3,145,70,112,12/31/24 0:00
168,Hawaii,BW,-0.76,104.7,203,105.4,153,66.3,282,12/31/24 0:00
169,Duquesne,A10,-0.82,103,232,103.8,122,65.4,327,12/31/24 0:00
170,UC Riverside,BW,-0.91,104.8,202,105.7,155,68.2,201,12/31/24 0:00
171,East Carolina,Amer,-1.03,105.8,175,106.8,183,66.2,283,12/31/24 0:00
172,Appalachian St.,SB,-1.06,102,254,103.1,110,65.4,328,12/31/24 0:00
173,UNC Asheville,BSth,-1.17,109,125,110.2,252,67.4,237,12/31/24 0:00
174,North Alabama,ASun,-1.27,106.6,162,107.9,204,68.9,170,12/31/24 0:00
175,Winthrop,BSth,-1.28,105.2,190,106.5,177,74.3,6,12/31/24 0:00
176,Boston College,ACC,-1.32,107,155,108.3,214,66.9,253,12/31/24 0:00
177,Hofstra,CAA,-1.33,101.1,277,102.4,106,65.6,320,12/31/24 0:00
178,Chattanooga,SC,-1.38,109,126,110.4,259,67.4,236,12/31/24 0:00
179,South Florida,Amer,-1.46,106.9,159,108.3,213,69.3,147,12/31/24 0:00
180,Drexel,CAA,-1.55,105,196,106.5,178,64.4,347,12/31/24 0:00
181,Jacksonville,ASun,-1.57,101.6,263,103.2,114,69.8,120,12/31/24 0:00
182,Miami OH,MAC,-1.57,105,194,106.6,179,69.6,125,12/31/24 0:00
183,Rice,Amer,-1.59,102.5,245,104.1,128,66.6,270,12/31/24 0:00
184,Indiana St.,MVC,-1.59,110.4,105,112,295,74,11,12/31/24 0:00
185,Texas A&M Corpus Chris,Slnd,-1.63,106.7,161,108.3,212,70,116,12/31/24 0:00
186,San Jose St.,MWC,-1.69,108.2,133,109.9,246,65.8,310,12/31/24 0:00
187,North Florida,ASun,-1.72,112,75,113.7,322,72.2,33,12/31/24 0:00
188,Lamar,Slnd,-1.75,103.4,225,105.2,140,67.3,238,12/31/24 0:00
189,Merrimack,MAAC,-1.75,102,257,103.8,120,65.6,322,12/31/24 0:00
190,Brown,Ivy,-1.95,105.6,179,107.6,193,65.8,309,12/31/24 0:00
191,Wright St.,Horz,-1.96,109.6,118,111.6,286,68.1,207,12/31/24 0:00
192,Illinois Chicago,MVC,-2.01,105.7,177,107.7,197,70.3,104,12/31/24 0:00
193,Fordham,A10,-2.26,104,215,106.3,172,71.8,45,12/31/24 0:00
194,Montana,BSky,-2.57,107.7,143,110.3,255,69.4,136,12/31/24 0:00
195,Radford,BSth,-2.58,106.6,166,109.2,225,65.5,324,12/31/24 0:00
196,Pepperdine,WCC,-2.59,104.8,201,107.4,191,70.5,89,12/31/24 0:00
197,Southern Illinois,MVC,-2.61,103.8,217,106.4,176,70.6,87,12/31/24 0:00
198,Cleveland St.,Horz,-2.63,102.4,247,105,139,67.4,233,12/31/24 0:00
199,New Mexico St.,CUSA,-3.06,102.9,234,106,165,68.1,206,12/31/24 0:00
200,Marshall,SB,-3.09,103.7,219,106.7,182,70.4,99,12/31/24 0:00
,,,,,Strength of Schedule,NCSOS,,,,12/31/24 0:00
Rk,Team,Conf,NetRtg,ORtg,DRtg,AdjT,Luck,NetRtg,ORtg,12/31/24 0:00
201,Northern Kentucky,Horz,-3.15,100.3,290,103.4,118,66.6,268,12/31/24 0:00
202,Missouri St.,MVC,-3.23,101.5,264,104.7,135,65.7,312,12/31/24 0:00
203,Valparaiso,MVC,-3.4,106.3,170,109.7,239,70,114,12/31/24 0:00
204,Youngstown St.,Horz,-3.42,97.6,333,101,81,70.6,85,12/31/24 0:00
205,Tulane,Amer,-3.46,104.4,207,107.9,201,68.4,192,12/31/24 0:00
206,Charlotte,Amer,-3.47,107.8,142,111.2,282,65.6,319,12/31/24 0:00
207,Bryant,AE,-3.5,104.4,208,107.9,202,75.3,2,12/31/24 0:00
208,Eastern Kentucky,ASun,-3.56,107.7,145,111.2,283,69.6,127,12/31/24 0:00
209,Central Connecticut,NEC,-3.61,100.4,285,104,127,66,296,12/31/24 0:00
210,Oakland,Horz,-3.64,105.6,180,109.2,226,63.6,357,12/31/24 0:00
211,Massachusetts,A10,-3.74,103.5,223,107.2,188,72.1,37,12/31/24 0:00
212,Saint Peter's,MAAC,-3.78,101.9,258,105.7,157,63.4,359,12/31/24 0:00
213,Kennesaw St.,CUSA,-3.78,104,214,107.8,199,72.8,18,12/31/24 0:00
214,Southern Utah,WAC,-4.06,104.8,199,108.9,221,70.2,105,12/31/24 0:00
215,Little Rock,OVC,-4.22,98.9,312,103.1,111,67.9,215,12/31/24 0:00
216,Stephen F. Austin,Slnd,-4.35,95.9,344,100.3,69,66.5,274,12/31/24 0:00
217,Marist,MAAC,-4.56,102.4,246,107,187,64.4,345,12/31/24 0:00
218,Toledo,MAC,-4.61,109.2,122,113.8,325,70.9,71,12/31/24 0:00
219,Central Michigan,MAC,-4.65,101.7,262,106.3,174,69.5,133,12/31/24 0:00
220,UC Davis,BW,-4.86,96.8,341,101.7,93,71.5,49,12/31/24 0:00
221,Gardner Webb,BSth,-4.9,105.4,184,110.3,253,70.7,84,12/31/24 0:00
222,Towson,CAA,-4.94,101.3,270,106.2,169,63.7,354,12/31/24 0:00
223,William & Mary,CAA,-4.95,110,111,114.9,342,72.1,35,12/31/24 0:00
224,Abilene Christian,WAC,-5,101.7,260,106.7,181,69.1,157,12/31/24 0:00
225,Nicholls,Slnd,-5.04,102.2,251,107.3,190,69.4,137,12/31/24 0:00
226,Hampton,CAA,-5.05,103.5,221,108.5,215,66,298,12/31/24 0:00
227,UT Rio Grande Valley,Slnd,-5.08,105.3,188,110.4,258,71.4,50,12/31/24 0:00
228,Albany,AE,-5.1,105.3,186,110.4,262,70.4,96,12/31/24 0:00
229,Maine,AE,-5.12,100.3,288,105.4,150,68.1,205,12/31/24 0:00
230,Kansas City,Sum,-5.2,102.8,237,108,206,66.4,280,12/31/24 0:00
231,UMBC,AE,-5.26,106.6,165,111.9,292,72.4,25,12/31/24 0:00
232,Mount St. Mary's,MAAC,-5.28,100.4,286,105.7,156,69.4,144,12/31/24 0:00
233,Southeastern Louisiana,Slnd,-5.45,98.4,323,103.8,123,69,159,12/31/24 0:00
234,Weber St.,BSky,-5.46,105.1,193,110.5,266,66,294,12/31/24 0:00
235,South Dakota,Sum,-5.53,111.2,85,116.8,355,74.6,3,12/31/24 0:00
236,South Carolina St.,MEAC,-5.68,100.4,287,106,166,68.8,172,12/31/24 0:00
237,American,PL,-5.69,104.8,198,110.5,263,64.4,346,12/31/24 0:00
238,Mercer,SC,-5.7,104.1,212,109.8,241,71.9,43,12/31/24 0:00
239,UTSA,Amer,-5.7,104.1,213,109.8,240,72.9,17,12/31/24 0:00
240,Delaware,CAA,-6.07,107.2,154,113.2,315,71,64,12/31/24 0:00
,,,,,Strength of Schedule,NCSOS,,,,12/31/24 0:00
Rk,Team,Conf,NetRtg,ORtg,DRtg,AdjT,Luck,NetRtg,ORtg,12/31/24 0:00
241,Vermont,AE,-6.26,98.4,321,104.7,134,64.5,344,12/31/24 0:00
242,Robert Morris,Horz,-6.28,99.1,308,105.4,151,70.4,97,12/31/24 0:00
243,Boston University,PL,-6.32,102.8,238,109.1,223,63.7,355,12/31/24 0:00
244,Idaho St.,BSky,-6.46,101.3,268,107.8,198,65.9,300,12/31/24 0:00
245,Georgia Southern,SB,-6.53,100.3,289,106.8,184,73,15,12/31/24 0:00
246,Quinnipiac,MAAC,-6.54,100.7,283,107.2,189,71.3,56,12/31/24 0:00
247,Richmond,A10,-6.63,103,231,109.6,236,67.6,226,12/31/24 0:00
248,Cal Poly,BW,-6.64,104.8,200,111.4,284,76.5,1,12/31/24 0:00
249,Lehigh,PL,-6.83,105.3,185,112.2,299,68,209,12/31/24 0:00
250,Presbyterian,BSth,-6.83,104.3,210,111.1,281,65.5,325,12/31/24 0:00
251,FIU,CUSA,-6.84,98.3,324,105.2,141,70.9,73,12/31/24 0:00
252,Portland St.,BSky,-6.98,103.1,226,110.1,250,71.3,55,12/31/24 0:00
253,Southern,SWAC,-7.05,98.6,318,105.7,158,69.2,148,12/31/24 0:00
254,Bethune Cookman,SWAC,-7.27,98.5,320,105.7,160,70,117,12/31/24 0:00
255,Cal St. Bakersfield,BW,-7.29,102.1,253,109.4,229,65.6,321,12/31/24 0:00
256,Tulsa,Amer,-7.58,102.4,248,110,247,68.8,175,12/31/24 0:00
257,Idaho,BSky,-7.75,107.9,140,115.6,349,66.5,272,12/31/24 0:00
258,Northern Arizona,BSky,-7.76,105.2,191,113,311,67.8,218,12/31/24 0:00
259,Eastern Washington,BSky,-7.85,106.1,172,114,329,68.5,190,12/31/24 0:00
260,Bucknell,PL,-7.89,97.1,340,105,138,69,158,12/31/24 0:00
261,Harvard,Ivy,-8,99.9,295,107.9,205,67.6,227,12/31/24 0:00
262,Ball St.,MAC,-8.05,102.6,244,110.6,267,67.1,248,12/31/24 0:00
263,Queens,ASun,-8.1,101.4,267,109.5,231,70.4,93,12/31/24 0:00
264,Manhattan,MAAC,-8.1,105.9,174,114,328,70.1,107,12/31/24 0:00
265,Southeast Missouri,OVC,-8.4,99.7,299,108.1,210,70.9,69,12/31/24 0:00
266,Howard,MEAC,-8.41,105,195,113.4,319,68.9,168,12/31/24 0:00
267,Northwestern St.,Slnd,-8.43,101.5,265,109.9,245,65.1,335,12/31/24 0:00
268,Colgate,PL,-8.57,102.3,250,110.9,274,66.5,275,12/31/24 0:00
269,Siena,MAAC,-8.6,100,292,108.6,217,65.3,330,12/31/24 0:00
270,SIUE,OVC,-8.6,99,309,107.6,194,66.9,252,12/31/24 0:00
271,Alabama St.,SWAC,-8.75,104.3,209,113.1,313,70.4,100,12/31/24 0:00
272,Iona,MAAC,-8.99,98.8,314,107.8,200,69.7,123,12/31/24 0:00
273,Monmouth,CAA,-9.07,102.6,243,111.7,288,68.4,191,12/31/24 0:00
274,Coastal Carolina,SB,-9.17,101.2,275,110.3,257,64,351,12/31/24 0:00
275,Fresno St.,MWC,-9.2,97.8,330,107,186,74.2,7,12/31/24 0:00
276,Incarnate Word,Slnd,-9.23,105.7,176,115,344,66.7,258,12/31/24 0:00
277,Western Michigan,MAC,-9.45,102.6,242,112.1,296,67.6,228,12/31/24 0:00
278,Long Beach St.,BW,-9.48,102.3,249,111.8,289,65.4,329,12/31/24 0:00
279,Austin Peay,ASun,-9.51,95.8,346,105.4,149,64.8,341,12/31/24 0:00
280,Dartmouth,Ivy,-9.58,99.2,306,108.8,219,71.2,60,12/31/24 0:00
,,,,,Strength of Schedule,NCSOS,,,,12/31/24 0:00
Rk,Team,Conf,NetRtg,ORtg,DRtg,AdjT,Luck,NetRtg,ORtg,12/31/24 0:00
281,Georgia St.,SB,-9.65,99.9,296,109.6,235,70.3,101,12/31/24 0:00
282,Air Force,MWC,-9.66,101.2,273,110.8,273,63.8,353,12/31/24 0:00
283,Sacred Heart,MAAC,-9.81,102.1,252,111.9,294,70.1,109,12/31/24 0:00
284,Bowling Green,MAC,-9.87,102.9,235,112.8,310,71,65,12/31/24 0:00
285,Campbell,CAA,-9.97,99.8,297,109.7,238,67.2,241,12/31/24 0:00
286,Southern Miss,SB,-9.98,99.3,305,109.3,227,69.3,145,12/31/24 0:00
287,North Dakota,Sum,-10,105.4,183,115.4,348,68.9,167,12/31/24 0:00
288,Charleston Southern,BSth,-10.32,102,256,112.3,304,69.5,135,12/31/24 0:00
289,San Diego,WCC,-10.37,94.9,351,105.3,146,72,40,12/31/24 0:00
290,Cal St. Fullerton,BW,-10.38,99.7,300,110.1,248,65.1,333,12/31/24 0:00
291,Tennessee Martin,OVC,-10.4,97.7,332,108.1,211,68.4,194,12/31/24 0:00
292,Lafayette,PL,-10.4,98.2,326,108.6,216,67.4,234,12/31/24 0:00
293,Pacific,WCC,-10.41,99.3,304,109.7,237,68.7,180,12/31/24 0:00
294,Army,PL,-10.41,102.9,233,113.4,317,68.4,193,12/31/24 0:00
295,Louisiana,SB,-10.79,101.9,259,112.7,308,68.4,195,12/31/24 0:00
296,Tarleton St.,WAC,-10.82,94.9,350,105.8,162,66.4,277,12/31/24 0:00
297,Morehead St.,OVC,-10.85,101.1,278,111.9,293,67.1,245,12/31/24 0:00
298,Stonehill,NEC,-10.96,101.3,271,112.2,300,66.1,286,12/31/24 0:00
299,Utah Tech,WAC,-11.04,101.2,274,112.2,301,68.4,196,12/31/24 0:00
300,Jackson St.,SWAC,-11.05,94.4,356,105.4,152,70.7,83,12/31/24 0:00
301,Nebraska Omaha,Sum,-11.18,101.3,269,112.5,307,67.7,220,12/31/24 0:00
302,North Carolina Central,MEAC,-11.35,103.5,222,114.8,340,66.6,263,12/31/24 0:00
303,Oral Roberts,Sum,-11.45,103.6,220,115.1,345,69.2,149,12/31/24 0:00
304,Loyola MD,PL,-11.55,99.3,303,110.9,276,68.7,177,12/31/24 0:00
305,Evansville,MVC,-11.59,97.2,338,108.8,220,67.8,217,12/31/24 0:00
306,Grambling St.,SWAC,-11.64,100,293,111.7,287,66.5,273,12/31/24 0:00
307,Holy Cross,PL,-11.92,103.4,224,115.3,347,65.8,308,12/31/24 0:00
308,North Carolina A&T,CAA,-11.92,101.4,266,113.3,316,73.9,12,12/31/24 0:00
309,Penn,Ivy,-12.17,101.7,261,113.8,326,66.1,291,12/31/24 0:00
310,Texas Southern,SWAC,-12.33,97.2,339,109.5,233,71.5,48,12/31/24 0:00
311,Fairfield,MAAC,-12.45,103.8,218,116.2,352,67.2,242,12/31/24 0:00
312,Wagner,NEC,-12.46,92.7,360,105.2,142,62.1,362,12/31/24 0:00
313,Niagara,MAAC,-12.49,102,255,114.5,335,64.9,339,12/31/24 0:00
314,Binghamton,AE,-12.62,98.2,325,110.8,271,66.1,289,12/31/24 0:00
315,Eastern Michigan,MAC,-12.71,100.8,281,113.5,320,68.2,202,12/31/24 0:00
316,Portland,WCC,-12.72,100.5,284,113.2,314,70.1,111,12/31/24 0:00
317,Detroit Mercy,Horz,-12.78,97.5,334,110.3,254,68.7,178,12/31/24 0:00
318,Delaware St.,MEAC,-12.8,98.2,327,111,280,70.5,92,12/31/24 0:00
319,Stony Brook,CAA,-12.81,101.2,272,114,330,67.2,244,12/31/24 0:00
320,Western Carolina,SC,-13,95.7,347,108.7,218,72.4,26,12/31/24 0:00
,,,,,Strength of Schedule,NCSOS,,,,12/31/24 0:00
Rk,Team,Conf,NetRtg,ORtg,DRtg,AdjT,Luck,NetRtg,ORtg,12/31/24 0:00
321,Tennessee Tech,OVC,-13.23,100.9,279,114.2,333,68.6,181,12/31/24 0:00
322,Old Dominion,SB,-13.25,99.2,307,112.5,306,69.1,156,12/31/24 0:00
323,Rider,MAAC,-13.37,100,294,113.4,318,64.7,342,12/31/24 0:00
324,Tennessee St.,OVC,-13.42,98.9,313,112.3,302,72.2,34,12/31/24 0:00
325,Southern Indiana,OVC,-13.64,98.7,317,112.3,303,67.1,247,12/31/24 0:00
326,Eastern Illinois,OVC,-13.67,97.3,337,110.9,278,67,249,12/31/24 0:00
327,Green Bay,Horz,-13.73,103,230,116.8,356,70.9,66,12/31/24 0:00
328,Navy,PL,-13.84,100.8,280,114.7,339,69.2,150,12/31/24 0:00
329,Denver,Sum,-13.86,101.1,276,115,343,67.1,246,12/31/24 0:00
330,Fairleigh Dickinson,NEC,-13.89,102.7,239,116.6,354,70.6,86,12/31/24 0:00
331,Saint Francis,NEC,-14.11,99.6,301,113.7,323,69.5,134,12/31/24 0:00
332,Buffalo,MAC,-14.77,99.4,302,114.2,332,70.7,81,12/31/24 0:00
333,Western Illinois,OVC,-14.9,99,311,113.9,327,64.2,348,12/31/24 0:00
334,LIU,NEC,-15.28,94.8,353,110.1,249,68.3,198,12/31/24 0:00
335,Central Arkansas,ASun,-15.44,96.7,342,112.2,298,68.6,185,12/31/24 0:00
336,West Georgia,ASun,-15.57,98.1,329,113.6,321,67.7,221,12/31/24 0:00
337,VMI,SC,-15.6,99,310,114.6,338,68.5,189,12/31/24 0:00
338,Lindenwood,OVC,-15.93,95.9,345,111.8,290,69.2,152,12/31/24 0:00
339,Prairie View A&M,SWAC,-15.93,103.1,227,119,360,71.9,42,12/31/24 0:00
340,IU Indy,Horz,-16.01,102.7,240,118.7,359,66.6,266,12/31/24 0:00
341,Louisiana Monroe,SB,-16.02,95.5,348,111.5,285,68.6,186,12/31/24 0:00
342,Le Moyne,NEC,-16.22,97.5,335,113.7,324,70.5,90,12/31/24 0:00
343,Sacramento St.,BSky,-16.29,94.7,355,111,279,66.2,284,12/31/24 0:00
344,USC Upstate,BSth,-16.74,97.5,336,114.2,334,74.1,9,12/31/24 0:00
345,New Orleans,Slnd,-16.84,97.7,331,114.6,337,70.4,98,12/31/24 0:00
346,Houston Christian,Slnd,-16.97,98.2,328,115.2,346,65.7,311,12/31/24 0:00
347,Alcorn St.,SWAC,-17.05,98.8,315,115.8,350,66.6,262,12/31/24 0:00
348,Morgan St.,MEAC,-17.3,100.8,282,118.1,358,71.7,46,12/31/24 0:00
349,Bellarmine,ASun,-17.51,102.6,241,120.1,362,67.7,222,12/31/24 0:00
350,Northern Illinois,MAC,-17.9,94.8,352,112.7,309,70.4,94,12/31/24 0:00
351,Stetson,ASun,-17.94,98.5,319,116.5,353,69.4,141,12/31/24 0:00
352,East Texas A&M,Slnd,-17.99,93.9,357,111.9,291,69.7,124,12/31/24 0:00
353,Florida A&M,SWAC,-18.02,92.8,359,110.8,270,70.6,88,12/31/24 0:00
354,Mercyhurst,NEC,-18.83,96.1,343,114.9,341,65,337,12/31/24 0:00
355,The Citadel,SC,-19.1,95.4,349,114.5,336,66,293,12/31/24 0:00
356,Maryland Eastern Shore,MEAC,-19.11,98.7,316,117.8,357,67.9,213,12/31/24 0:00
357,NJIT,AE,-19.48,92.6,361,112.1,297,65.9,304,12/31/24 0:00
358,Canisius,MAAC,-19.96,100.1,291,120.1,361,66,299,12/31/24 0:00
359,New Hampshire,AE,-21.05,93,358,114,331,69,161,12/31/24 0:00
360,Alabama A&M,SWAC,-21.44,94.7,354,116.2,351,72.3,30,12/31/24 0:00
,,,,,Strength of Schedule,NCSOS,,,,12/31/24 0:00
Rk,Team,Conf,NetRtg,ORtg,DRtg,AdjT,Luck,NetRtg,ORtg,12/31/24 0:00
361,Chicago St.,NEC,-22.42,90.6,362,113,312,70.8,79,12/31/24 0:00
362,Coppin St.,MEAC,-24.43,88,363,112.4,305,67.6,230,12/31/24 0:00
363,Arkansas Pine Bluff,SWAC,-24.59,98.4,322,123,364,73,16,12/31/24 0:00
364,Mississippi Valley St.,SWAC,-33.8,86.4,364,120.2,363,66.1,292,12/31/24 0:00
1,Auburn,SEC,36.28,130.5,1,94.3,11,68.8,181,1/1/25 0:00
2,Duke,ACC,32.65,121,9,88.4,3,66.8,259,1/1/25 0:00
3,Houston,B12,30.93,118.5,22,87.6,1,62.9,361,1/1/25 0:00
4,Tennessee,SEC,30.61,118.6,20,88,2,66.4,281,1/1/25 0:00
5,Iowa St.,B12,29.64,124.2,3,94.5,18,70.6,91,1/1/25 0:00
6,Florida,SEC,27.64,121.9,8,94.3,14,70.9,74,1/1/25 0:00
7,Gonzaga,WCC,27.2,123.3,4,96.1,25,71.5,53,1/1/25 0:00
8,Marquette,BE,26.09,120,12,94,10,68.7,188,1/1/25 0:00
9,Alabama,SEC,24.83,123.2,5,98.4,48,74.7,6,1/1/25 0:00
10,Michigan,B10,23.54,117.8,26,94.3,15,71.4,57,1/1/25 0:00
11,Kansas,B12,23.32,116.9,29,93.6,7,69.6,138,1/1/25 0:00
12,Oregon,B10,23.28,118.3,24,95,21,69.5,142,1/1/25 0:00
13,UCLA,B10,22.94,112.4,69,89.5,4,66.9,257,1/1/25 0:00
14,Texas A&M,SEC,22.87,115.6,42,92.7,6,67.6,231,1/1/25 0:00
15,Baylor,B12,22.74,122.2,6,99.4,63,67.2,247,1/1/25 0:00
16,Connecticut,BE,22.43,124.4,2,101.9,99,65.6,323,1/1/25 0:00
17,Maryland,B10,22.36,116,37,93.7,8,70.9,80,1/1/25 0:00
18,Illinois,B10,22.3,116.6,32,94.3,12,72.5,26,1/1/25 0:00
19,St. John's,BE,22.2,115.9,39,93.7,9,70.5,96,1/1/25 0:00
20,Michigan St.,B10,21.89,116.3,34,94.4,17,69.3,155,1/1/25 0:00
21,Arizona,B12,21.75,119.2,16,97.5,35,71.6,51,1/1/25 0:00
22,Mississippi St.,SEC,21.47,119.5,14,98,40,68.8,179,1/1/25 0:00
23,Pittsburgh,ACC,21.47,118.7,18,97.3,33,69.2,157,1/1/25 0:00
24,Kentucky,SEC,21.29,120.5,11,99.2,57,72,45,1/1/25 0:00
25,Cincinnati,B12,21.27,113.7,57,92.5,5,66.6,275,1/1/25 0:00
26,Texas Tech,B12,20.77,119.8,13,99,54,67.8,222,1/1/25 0:00
27,Purdue,B10,20.41,120.5,10,100.1,73,66,306,1/1/25 0:00
28,Ohio St.,B10,20.3,118.3,25,98,38,69,169,1/1/25 0:00
29,North Carolina,ACC,19.63,119,17,99.4,62,74.7,7,1/1/25 0:00
30,Clemson,ACC,19.27,115.8,40,96.5,27,66.3,287,1/1/25 0:00
31,Wisconsin,B10,18.97,119.3,15,100.4,78,68.7,184,1/1/25 0:00
32,Dayton,A10,18.96,118.4,23,99.5,64,66.8,264,1/1/25 0:00
33,Mississippi,SEC,18.5,116.9,30,98.4,47,69,168,1/1/25 0:00
34,BYU,B12,18.24,117.5,27,99.3,58,68.8,177,1/1/25 0:00
35,Texas,SEC,18.17,115,43,96.9,29,67.7,229,1/1/25 0:00
36,Memphis,Amer,18.06,116.1,36,98,42,71.3,62,1/1/25 0:00
37,Nebraska,B10,17.89,112.2,72,94.3,13,69.2,160,1/1/25 0:00
38,Arkansas,SEC,17.87,114,53,96.1,24,70.9,78,1/1/25 0:00
39,Penn St.,B10,17.85,116,38,98.1,44,72.8,19,1/1/25 0:00
40,Utah St.,MWC,17.39,114.3,49,96.9,30,70.8,82,1/1/25 0:00
,,,,,Strength of Schedule,NCSOS,,,,1/1/25 0:00
Rk,Team,Conf,NetRtg,ORtg,DRtg,AdjT,Luck,NetRtg,ORtg,1/1/25 0:00
41,Oklahoma,SEC,17.36,117.5,28,100.1,74,68.4,200,1/1/25 0:00
42,San Diego St.,MWC,17.17,111.6,82,94.4,16,66.8,260,1/1/25 0:00
43,SMU,ACC,16.98,118.6,21,101.6,92,71.1,68,1/1/25 0:00
44,Iowa,B10,16.94,118.7,19,101.8,95,72.7,20,1/1/25 0:00
45,Northwestern,B10,16.76,111.6,80,94.8,20,65.7,321,1/1/25 0:00
46,West Virginia,B12,16.65,111.8,77,95.2,22,66.4,285,1/1/25 0:00
47,Georgia,SEC,16.4,113.8,56,97.4,34,67.9,219,1/1/25 0:00
48,Vanderbilt,SEC,15.56,116.7,31,101.2,86,72.7,21,1/1/25 0:00
49,VCU,A10,15.51,111.4,83,95.9,23,67.9,217,1/1/25 0:00
50,Saint Mary's,WCC,15.49,114.8,44,99.3,61,64.1,351,1/1/25 0:00
51,Xavier,BE,15.4,115.6,41,100.3,75,70,118,1/1/25 0:00
52,Creighton,BE,15.03,113,63,98,43,69.7,131,1/1/25 0:00
53,Missouri,SEC,14.56,116.4,33,101.8,96,69.4,145,1/1/25 0:00
54,Villanova,BE,14.4,122,7,107.6,196,64.8,343,1/1/25 0:00
55,LSU,SEC,14.12,111.8,78,97.7,36,70.2,110,1/1/25 0:00
56,Indiana,B10,13.88,113.5,60,99.6,66,71.1,70,1/1/25 0:00
57,Boise St.,MWC,13.78,113.8,55,100,70,67.9,216,1/1/25 0:00
58,Louisville,ACC,13.68,114.3,51,100.6,80,69.2,158,1/1/25 0:00
59,San Francisco,WCC,13.49,110.5,100,97.1,31,68.5,193,1/1/25 0:00
60,Nevada,MWC,13.05,114.3,50,101.2,87,64.1,353,1/1/25 0:00
61,Arizona St.,B12,12.92,111,91,98.1,45,68.8,178,1/1/25 0:00
62,Liberty,CUSA,12.89,110.7,96,97.8,37,64.3,349,1/1/25 0:00
63,UCF,B12,12.27,112.3,71,100.1,71,70.6,92,1/1/25 0:00
64,New Mexico,MWC,12.17,113.8,54,101.7,94,74.8,4,1/1/25 0:00
65,South Carolina,SEC,12.08,111.4,84,99.3,60,66.8,262,1/1/25 0:00
66,Georgetown,BE,11.96,110.1,107,98.1,46,69.6,139,1/1/25 0:00
67,Drake,MVC,11.92,109.9,111,98,41,61.9,363,1/1/25 0:00
68,Oregon St.,WCC,11.72,112.4,70,100.7,81,65.8,315,1/1/25 0:00
69,UC Irvine,BW,11.58,106.2,171,94.6,19,70.5,98,1/1/25 0:00
70,Butler,BE,11.43,113.6,58,102.2,102,68.2,205,1/1/25 0:00
71,Utah,B12,11.41,110.7,97,99.3,59,72.5,25,1/1/25 0:00
72,Santa Clara,WCC,11.05,114.8,45,103.8,124,69.7,129,1/1/25 0:00
73,Florida St.,ACC,11.05,111,89,100,69,70.9,79,1/1/25 0:00
74,TCU,B12,10.99,107.6,142,96.7,28,68.1,208,1/1/25 0:00
75,Rutgers,B10,10.77,112.6,66,101.8,97,71.4,56,1/1/25 0:00
76,St. Bonaventure,A10,10.66,109.6,116,98.9,53,66,309,1/1/25 0:00
77,Washington St.,WCC,10.6,110.4,102,99.8,67,72.5,28,1/1/25 0:00
78,McNeese,Slnd,10.49,110.3,104,99.8,68,65.7,320,1/1/25 0:00
79,North Texas,Amer,10.46,108.4,135,98,39,63.6,358,1/1/25 0:00
80,Colorado,B12,10.41,109.5,118,99.1,56,68.5,199,1/1/25 0:00
,,,,,Strength of Schedule,NCSOS,,,,1/1/25 0:00
Rk,Team,Conf,NetRtg,ORtg,DRtg,AdjT,Luck,NetRtg,ORtg,1/1/25 0:00
81,UC San Diego,BW,10.4,111.8,79,101.4,89,67.6,232,1/1/25 0:00
82,George Mason,A10,10.29,106.7,158,96.4,26,66.8,258,1/1/25 0:00
83,USC,B10,10.18,110.5,101,100.3,77,69,170,1/1/25 0:00
84,Bradley,MVC,9.94,113.6,59,103.7,123,66.2,297,1/1/25 0:00
85,Kansas St.,B12,9.33,110.6,99,101.3,88,69.2,159,1/1/25 0:00
86,N.C. State,ACC,9.27,111.9,74,102.7,106,66.7,271,1/1/25 0:00
87,Providence,BE,8.58,108.6,132,100.1,72,65.1,337,1/1/25 0:00
88,Saint Joseph's,A10,8.53,108.8,130,100.3,76,70.3,106,1/1/25 0:00
89,Florida Atlantic,Amer,8.28,114.7,46,106.4,178,72.6,22,1/1/25 0:00
90,Notre Dame,ACC,8.22,113.3,62,105,142,66.1,300,1/1/25 0:00
91,Stanford,ACC,8.19,112.5,68,104.3,130,67.9,218,1/1/25 0:00
92,Wake Forest,ACC,8.16,105.4,181,97.3,32,67.2,246,1/1/25 0:00
93,Yale,Ivy,7.84,112.8,65,104.9,137,68.7,187,1/1/25 0:00
94,Colorado St.,MWC,7.76,106.8,155,99,55,68.5,194,1/1/25 0:00
95,Northern Iowa,MVC,7.65,112.6,67,104.9,139,65.6,324,1/1/25 0:00
96,Lipscomb,ASun,7.56,108.5,134,100.9,83,68.1,206,1/1/25 0:00
97,UNLV,MWC,7.5,111,90,103.5,119,66.4,282,1/1/25 0:00
98,Grand Canyon,WAC,7.44,107,151,99.6,65,73.7,13,1/1/25 0:00
99,Arkansas St.,SB,7.42,108.6,133,101.1,85,71.4,58,1/1/25 0:00
100,Washington,B10,7.38,107.8,140,100.4,79,69.7,126,1/1/25 0:00
101,DePaul,BE,7,110.3,105,103.3,116,69.6,136,1/1/25 0:00
102,Louisiana Tech,CUSA,6.98,110.2,106,103.3,115,65.9,313,1/1/25 0:00
103,Rhode Island,A10,6.93,109.2,121,102.3,103,72.4,29,1/1/25 0:00
104,Virginia,ACC,6.86,105.5,178,98.7,50,61.5,364,1/1/25 0:00
105,Wichita St.,Amer,6.79,108.9,127,102.1,101,71.7,49,1/1/25 0:00
106,Oklahoma St.,B12,6.24,107.6,143,101.4,90,72.4,30,1/1/25 0:00
107,Georgia Tech,ACC,6.2,109,124,102.9,109,71.1,67,1/1/25 0:00
108,Miami FL,ACC,5.81,116.3,35,110.5,265,67.1,251,1/1/25 0:00
109,North Dakota St.,Sum,4.92,114.4,48,109.5,237,66,310,1/1/25 0:00
110,Minnesota,B10,4.92,106.5,162,101.6,93,63.2,360,1/1/25 0:00
111,Furman,SC,4.85,107.5,145,102.7,107,66,304,1/1/25 0:00
112,Princeton,Ivy,4.82,111,92,106.2,170,68.8,180,1/1/25 0:00
113,Davidson,A10,4.76,111.4,85,106.6,180,66.9,254,1/1/25 0:00
114,Troy,SB,4.5,106.4,165,101.9,98,67.6,234,1/1/25 0:00
115,Western Kentucky,CUSA,4.4,105.2,186,100.8,82,74.3,9,1/1/25 0:00
116,Kent St.,MAC,4.11,103,228,98.8,52,66,305,1/1/25 0:00
117,Loyola Chicago,A10,4.1,106.1,174,102,100,69.4,149,1/1/25 0:00
118,South Dakota St.,Sum,3.89,109.5,119,105.6,160,70.5,101,1/1/25 0:00
119,Murray St.,MVC,3.85,107.8,139,104,126,66.2,298,1/1/25 0:00
120,Samford,SC,3.77,114.6,47,110.8,275,72.4,32,1/1/25 0:00
,,,,,Strength of Schedule,NCSOS,,,,1/1/25 0:00
Rk,Team,Conf,NetRtg,ORtg,DRtg,AdjT,Luck,NetRtg,ORtg,1/1/25 0:00
121,Syracuse,ACC,3.77,110,109,106.3,174,71.3,61,1/1/25 0:00
122,High Point,BSth,3.36,114,52,110.6,269,66.7,268,1/1/25 0:00
123,Temple,Amer,3.35,106.9,152,103.6,120,70.1,114,1/1/25 0:00
124,St. Thomas,Sum,3.28,110.8,94,107.5,194,69.7,125,1/1/25 0:00
125,Charleston,CAA,3.07,106.5,163,103.4,118,72.5,27,1/1/25 0:00
126,Saint Louis,A10,2.62,111.8,75,109.2,230,68.5,198,1/1/25 0:00
127,Texas St.,SB,2.51,109,126,106.5,179,65.8,317,1/1/25 0:00
128,East Tennessee St.,SC,2.5,108.7,131,106.2,172,67.7,228,1/1/25 0:00
129,UMass Lowell,AE,2.44,111.6,81,109.2,225,72.2,39,1/1/25 0:00
130,Middle Tennessee,CUSA,2.39,106.9,154,104.5,132,69.5,143,1/1/25 0:00
131,UNC Wilmington,CAA,2.18,109.9,113,107.7,198,68,212,1/1/25 0:00
132,Milwaukee,Horz,2.16,110,110,107.9,204,70.4,102,1/1/25 0:00
133,UAB,Amer,2.1,113.4,61,111.3,282,70.9,75,1/1/25 0:00
134,Purdue Fort Wayne,Horz,2.02,112.8,64,110.7,272,69.2,163,1/1/25 0:00
135,California,ACC,1.97,111,93,109,223,69.9,121,1/1/25 0:00
136,Akron,MAC,1.96,107.1,150,105.2,147,72.2,38,1/1/25 0:00
137,Sam Houston St.,CUSA,1.76,112.1,73,110.4,260,70.1,116,1/1/25 0:00
138,George Washington,A10,1.54,106.7,159,105.2,145,69.3,154,1/1/25 0:00
139,Wofford,SC,1.5,110.7,95,109.3,232,65.2,336,1/1/25 0:00
140,UC Santa Barbara,BW,1.39,107.3,148,105.9,165,66.1,303,1/1/25 0:00
141,Belmont,MVC,1.32,111.1,88,109.8,245,72.1,41,1/1/25 0:00
142,UTEP,CUSA,1.21,104.5,207,103.3,114,69.7,133,1/1/25 0:00
143,Seton Hall,BE,1.18,99.9,292,98.8,51,63.9,354,1/1/25 0:00
144,UNC Greensboro,SC,0.93,104.8,199,103.9,125,65.3,333,1/1/25 0:00
145,Cornell,Ivy,0.78,111.2,86,110.4,261,72.2,36,1/1/25 0:00
146,Seattle,WAC,0.71,107.5,146,106.8,185,67.8,223,1/1/25 0:00
147,Norfolk St.,MEAC,0.7,108.2,136,107.5,193,66.4,283,1/1/25 0:00
148,Florida Gulf Coast,ASun,0.62,106.7,156,106.1,169,65.3,331,1/1/25 0:00
149,South Alabama,SB,0.53,105.2,185,104.7,135,65,340,1/1/25 0:00
150,Duquesne,A10,0.49,103,229,102.5,105,65.1,338,1/1/25 0:00
151,James Madison,SB,0.33,108.1,137,107.8,201,66.8,263,1/1/25 0:00
152,Elon,CAA,0.3,106.3,169,106,166,66.5,278,1/1/25 0:00
153,Virginia Tech,ACC,0.26,106.2,170,105.9,164,65.4,330,1/1/25 0:00
154,Loyola Marymount,WCC,0.09,103.2,225,103.1,113,68.9,174,1/1/25 0:00
155,Jacksonville St.,CUSA,0.07,110.7,98,110.6,268,66.4,280,1/1/25 0:00
156,UT Arlington,WAC,0.02,109.9,112,109.9,248,71.1,65,1/1/25 0:00
157,Wyoming,MWC,-0.03,105,190,105,141,66,311,1/1/25 0:00
158,Utah Valley,WAC,-0.11,102.7,235,102.8,108,69.9,120,1/1/25 0:00
159,La Salle,A10,-0.12,104.9,197,105,140,72,43,1/1/25 0:00
160,Columbia,Ivy,-0.21,110.1,108,110.3,258,69,167,1/1/25 0:00
,,,,,Strength of Schedule,NCSOS,,,,1/1/25 0:00
Rk,Team,Conf,NetRtg,ORtg,DRtg,AdjT,Luck,NetRtg,ORtg,1/1/25 0:00
161,Cal Baptist,WAC,-0.23,109.7,115,109.9,249,66.7,266,1/1/25 0:00
162,Ohio,MAC,-0.28,109.1,122,109.4,234,71,73,1/1/25 0:00
163,Illinois St.,MVC,-0.3,109.4,120,109.7,241,66.1,299,1/1/25 0:00
164,CSUN,BW,-0.31,104,214,104.3,129,73.3,14,1/1/25 0:00
165,Northern Colorado,BSky,-0.34,108.8,129,109.2,226,71.4,60,1/1/25 0:00
166,Montana St.,BSky,-0.54,107.4,147,108,208,68,213,1/1/25 0:00
167,Northeastern,CAA,-0.6,103.8,215,104.4,131,69.6,135,1/1/25 0:00
168,Longwood,BSth,-0.61,104.5,206,105.1,144,70.2,113,1/1/25 0:00
169,UC Riverside,BW,-0.66,105,194,105.6,161,68.3,203,1/1/25 0:00
170,Hawaii,BW,-1,104.6,204,105.6,155,66.3,289,1/1/25 0:00
171,UNC Asheville,BSth,-1.06,109,125,110.1,252,67.5,236,1/1/25 0:00
172,Appalachian St.,SB,-1.08,101.9,254,103,110,65.5,326,1/1/25 0:00
173,East Carolina,Amer,-1.25,105,193,106.2,173,66.9,255,1/1/25 0:00
174,Winthrop,BSth,-1.27,105.1,188,106.4,176,74.5,8,1/1/25 0:00
175,Boston College,ACC,-1.28,106.9,153,108.2,213,67.1,252,1/1/25 0:00
176,South Florida,Amer,-1.3,106.4,166,107.7,197,69.9,122,1/1/25 0:00
177,Hofstra,CAA,-1.32,100.9,276,102.3,104,65.8,318,1/1/25 0:00
178,North Alabama,ASun,-1.34,106.6,161,108,207,68.9,175,1/1/25 0:00
179,Chattanooga,SC,-1.36,108.9,128,110.3,256,67.5,237,1/1/25 0:00
180,Jacksonville,ASun,-1.45,101.5,261,103,111,69.9,119,1/1/25 0:00
181,Rice,Amer,-1.55,102.4,245,104,127,66.7,267,1/1/25 0:00
182,Indiana St.,MVC,-1.59,110.4,103,111.9,294,74.2,11,1/1/25 0:00
183,Texas A&M Corpus Chris,Slnd,-1.61,106.7,160,108.3,214,70,117,1/1/25 0:00
184,North Florida,ASun,-1.62,111.8,76,113.5,320,72.3,34,1/1/25 0:00
185,Miami OH,MAC,-1.66,105,192,106.6,182,69.7,130,1/1/25 0:00
186,Drexel,CAA,-1.75,104.9,198,106.6,181,64.4,348,1/1/25 0:00
187,Merrimack,MAAC,-1.75,101.9,256,103.6,121,65.7,319,1/1/25 0:00
188,Tulane,Amer,-1.79,104.5,205,106.3,175,69.4,147,1/1/25 0:00
189,Lamar,Slnd,-1.83,103.2,223,105.1,143,67.5,238,1/1/25 0:00
190,Wright St.,Horz,-1.96,109.6,117,111.6,287,68.1,209,1/1/25 0:00
191,Illinois Chicago,MVC,-2,105.8,175,107.7,200,70.2,109,1/1/25 0:00
192,Radford,BSth,-2.5,106.7,157,109.2,231,65.6,325,1/1/25 0:00
193,Pepperdine,WCC,-2.52,104.7,200,107.2,191,70.6,89,1/1/25 0:00
194,Montana,BSky,-2.54,107.7,141,110.2,254,69.6,137,1/1/25 0:00
195,Cleveland St.,Horz,-2.6,102.3,247,104.9,138,67.6,233,1/1/25 0:00
196,Southern Illinois,MVC,-2.64,103.8,216,106.4,177,70.7,83,1/1/25 0:00
197,Brown,Ivy,-2.9,104.9,195,107.8,203,65.8,316,1/1/25 0:00
198,Marshall,SB,-3.06,103.6,218,106.7,184,70.5,97,1/1/25 0:00
199,New Mexico St.,CUSA,-3.07,103,227,106,167,68,214,1/1/25 0:00
200,Northern Kentucky,Horz,-3.08,100.3,285,103.3,117,66.7,265,1/1/25 0:00
,,,,,Strength of Schedule,NCSOS,,,,1/1/25 0:00
Rk,Team,Conf,NetRtg,ORtg,DRtg,AdjT,Luck,NetRtg,ORtg,1/1/25 0:00
201,Missouri St.,MVC,-3.22,101.4,263,104.6,134,65.9,314,1/1/25 0:00
202,San Jose St.,MWC,-3.25,106.2,172,109.4,235,66.4,284,1/1/25 0:00
203,Valparaiso,MVC,-3.38,106.3,168,109.6,240,70.2,112,1/1/25 0:00
204,Youngstown St.,Horz,-3.46,97.6,333,101.1,84,70.7,87,1/1/25 0:00
205,Eastern Kentucky,ASun,-3.54,107.6,144,111.1,281,69.7,128,1/1/25 0:00
206,Massachusetts,A10,-3.62,103.6,217,107.2,190,72.2,37,1/1/25 0:00
207,Oakland,Horz,-3.7,105.5,179,109.2,228,63.8,357,1/1/25 0:00
208,Bryant,AE,-3.71,104.2,210,107.9,206,75.5,2,1/1/25 0:00
209,Saint Peter's,MAAC,-3.74,101.9,257,105.6,156,63.6,359,1/1/25 0:00
210,Stephen F. Austin,Slnd,-3.75,94.8,350,98.6,49,67.3,244,1/1/25 0:00
211,Central Connecticut,NEC,-3.89,100.2,287,104.1,128,66.2,295,1/1/25 0:00
212,Kennesaw St.,CUSA,-3.97,104,212,108,210,72.9,18,1/1/25 0:00
213,Southern Utah,WAC,-4.05,104.7,203,108.7,222,70.4,103,1/1/25 0:00
214,Little Rock,OVC,-4.19,98.8,314,103,112,68.1,211,1/1/25 0:00
215,Central Michigan,MAC,-4.42,101.7,260,106.2,171,69.7,132,1/1/25 0:00
216,Marist,MAAC,-4.59,102.4,246,107,186,64.5,346,1/1/25 0:00
217,Toledo,MAC,-4.61,109.1,123,113.7,325,71.1,69,1/1/25 0:00
218,Fordham,A10,-4.64,102.6,238,107.3,192,71.8,46,1/1/25 0:00
219,UC Davis,BW,-4.8,96.8,341,101.6,91,71.7,48,1/1/25 0:00
220,Towson,CAA,-4.83,101.3,268,106.1,168,63.9,355,1/1/25 0:00
221,William & Mary,CAA,-4.87,109.9,114,114.7,341,72.3,33,1/1/25 0:00
222,Gardner Webb,BSth,-4.98,105.3,182,110.3,259,70.7,84,1/1/25 0:00
223,Nicholls,Slnd,-5,102.1,251,107.1,187,69.5,144,1/1/25 0:00
224,UT Rio Grande Valley,Slnd,-5.01,105.5,180,110.5,262,71.5,52,1/1/25 0:00
225,Charlotte,Amer,-5.02,106.3,167,111.4,283,66.7,272,1/1/25 0:00
226,Hampton,CAA,-5.07,103.5,220,108.6,218,66.2,290,1/1/25 0:00
227,Kansas City,Sum,-5.21,102.8,234,108,209,66.5,277,1/1/25 0:00
228,UMBC,AE,-5.22,106.5,164,111.7,289,72.5,23,1/1/25 0:00
229,Maine,AE,-5.23,100.3,286,105.5,153,68.3,204,1/1/25 0:00
230,Mount St. Mary's,MAAC,-5.26,100.3,283,105.6,159,69.5,140,1/1/25 0:00
231,Southeastern Louisiana,Slnd,-5.32,98.3,321,103.7,122,69.2,164,1/1/25 0:00
232,Albany,AE,-5.4,105.1,187,110.5,266,70.5,99,1/1/25 0:00
233,Weber St.,BSky,-5.49,105,191,110.5,264,66.2,296,1/1/25 0:00
234,South Carolina St.,MEAC,-5.57,100.3,284,105.9,163,68.9,171,1/1/25 0:00
235,South Dakota,Sum,-5.58,111.1,87,116.7,354,74.8,5,1/1/25 0:00
236,Abilene Christian,WAC,-5.62,100.2,288,105.8,162,69.8,124,1/1/25 0:00
237,Mercer,SC,-5.69,104,211,109.7,243,72,42,1/1/25 0:00
238,UTSA,Amer,-5.7,104,213,109.7,242,73.1,17,1/1/25 0:00
239,American,PL,-5.78,104.7,202,110.5,263,64.5,347,1/1/25 0:00
240,Delaware,CAA,-6.01,107.2,149,113.2,315,71.2,63,1/1/25 0:00
,,,,,Strength of Schedule,NCSOS,,,,1/1/25 0:00
Rk,Team,Conf,NetRtg,ORtg,DRtg,AdjT,Luck,NetRtg,ORtg,1/1/25 0:00
241,Richmond,A10,-6.04,102.5,242,108.6,217,67.5,239,1/1/25 0:00
242,Robert Morris,Horz,-6.2,99.1,306,105.3,151,70.6,93,1/1/25 0:00
243,Vermont,AE,-6.33,98.3,324,104.6,133,64.6,345,1/1/25 0:00
244,Boston University,PL,-6.36,102.7,236,109,224,63.8,356,1/1/25 0:00
245,Quinnipiac,MAAC,-6.48,100.7,278,107.2,189,71.5,54,1/1/25 0:00
246,Georgia Southern,SB,-6.52,100.1,289,106.7,183,73.2,15,1/1/25 0:00
247,Idaho St.,BSky,-6.55,101.2,269,107.8,202,66.1,301,1/1/25 0:00
248,Cal Poly,BW,-6.79,104.7,201,111.5,285,76.7,1,1/1/25 0:00
249,FIU,CUSA,-6.85,98.3,322,105.2,146,71,72,1/1/25 0:00
250,Lehigh,PL,-6.86,105.3,184,112.1,300,68.1,207,1/1/25 0:00
251,Presbyterian,BSth,-6.92,104.2,209,111.1,280,65.5,327,1/1/25 0:00
252,Portland St.,BSky,-6.95,103,226,110,251,71.4,55,1/1/25 0:00
253,Southern,SWAC,-7.02,98.5,318,105.6,154,69.4,146,1/1/25 0:00
254,Bethune Cookman,SWAC,-7.2,98.4,319,105.6,157,70.1,115,1/1/25 0:00
255,Cal St. Bakersfield,BW,-7.26,102,253,109.2,229,65.7,322,1/1/25 0:00
256,Tulsa,Amer,-7.51,102.3,248,109.8,246,68.9,172,1/1/25 0:00
257,Idaho,BSky,-7.67,107.8,138,115.5,349,66.7,269,1/1/25 0:00
258,Northern Arizona,BSky,-7.76,105.1,189,112.9,312,67.9,220,1/1/25 0:00
259,Eastern Washington,BSky,-7.89,106.1,173,114,332,68.6,192,1/1/25 0:00
260,Bucknell,PL,-7.91,97,340,104.9,136,69.2,161,1/1/25 0:00
261,Ball St.,MAC,-8.02,102.6,240,110.6,270,67.2,248,1/1/25 0:00
262,Harvard,Ivy,-8.03,99.9,294,107.9,205,67.8,225,1/1/25 0:00
263,Queens,ASun,-8.07,101.4,265,109.4,236,70.6,94,1/1/25 0:00
264,Manhattan,MAAC,-8.31,105.6,177,113.9,328,70.3,107,1/1/25 0:00
265,Southeast Missouri,OVC,-8.38,99.6,298,108,211,71,71,1/1/25 0:00
266,Howard,MEAC,-8.46,104.9,196,113.3,318,69.1,165,1/1/25 0:00
267,Northwestern St.,Slnd,-8.51,101.3,267,109.8,247,65.2,335,1/1/25 0:00
268,SIUE,OVC,-8.6,98.9,312,107.5,195,67.1,253,1/1/25 0:00
269,Alabama St.,SWAC,-8.64,104.4,208,113,313,70.5,100,1/1/25 0:00
270,Colgate,PL,-8.65,102.1,250,110.8,273,66.6,276,1/1/25 0:00
271,Siena,MAAC,-8.66,99.8,296,108.5,215,65.5,328,1/1/25 0:00
272,Iona,MAAC,-8.95,98.8,315,107.7,199,69.9,123,1/1/25 0:00
273,Fresno St.,MWC,-8.95,98.2,325,107.2,188,74.9,3,1/1/25 0:00
274,Monmouth,CAA,-9.12,102.5,243,111.7,288,68.5,197,1/1/25 0:00
275,Coastal Carolina,SB,-9.19,101.1,274,110.3,255,64.1,352,1/1/25 0:00
276,Incarnate Word,Slnd,-9.22,105.6,176,114.9,342,66.9,256,1/1/25 0:00
277,Western Michigan,MAC,-9.46,102.6,241,112,296,67.6,230,1/1/25 0:00
278,Austin Peay,ASun,-9.52,95.8,345,105.3,152,64.9,341,1/1/25 0:00
279,Long Beach St.,BW,-9.6,102.2,249,111.8,292,65.4,329,1/1/25 0:00
280,Dartmouth,Ivy,-9.7,99,309,108.7,220,71.4,59,1/1/25 0:00
,,,,,Strength of Schedule,NCSOS,,,,1/1/25 0:00
Rk,Team,Conf,NetRtg,ORtg,DRtg,AdjT,Luck,NetRtg,ORtg,1/1/25 0:00
281,Georgia St.,SB,-9.74,99.8,297,109.5,238,70.4,105,1/1/25 0:00
282,Southern Miss,SB,-9.83,99.3,302,109.2,227,69.3,151,1/1/25 0:00
283,Bowling Green,MAC,-9.92,102.8,233,112.7,310,71.2,64,1/1/25 0:00
284,Sacred Heart,MAAC,-9.95,102,252,111.9,295,70.3,108,1/1/25 0:00
285,North Dakota,Sum,-9.96,105.3,183,115.3,347,69.1,166,1/1/25 0:00
286,Campbell,CAA,-9.97,99.6,299,109.6,239,67.4,241,1/1/25 0:00
287,Charleston Southern,BSth,-10.28,101.9,255,112.2,301,69.6,134,1/1/25 0:00
288,Cal St. Fullerton,BW,-10.37,99.6,300,110,250,65.3,332,1/1/25 0:00
289,Tennessee Martin,OVC,-10.41,97.6,332,108,212,68.6,190,1/1/25 0:00
290,San Diego,WCC,-10.41,94.8,351,105.2,148,72.1,40,1/1/25 0:00
291,Pacific,WCC,-10.44,99.3,303,109.7,244,68.8,183,1/1/25 0:00
292,Army,PL,-10.54,102.8,232,113.4,319,68.6,191,1/1/25 0:00
293,Morehead St.,OVC,-10.58,101.1,272,111.7,290,67.3,243,1/1/25 0:00
294,Lafayette,PL,-10.58,98.1,326,108.7,221,67.5,235,1/1/25 0:00
295,Air Force,MWC,-10.63,100,290,110.6,267,64.7,344,1/1/25 0:00
296,Tarleton St.,WAC,-10.67,94.9,349,105.6,158,66.5,279,1/1/25 0:00
297,Jackson St.,SWAC,-10.78,94.4,356,105.2,149,70.8,81,1/1/25 0:00
298,Louisiana,SB,-10.8,101.8,259,112.6,308,68.5,195,1/1/25 0:00
299,Utah Tech,WAC,-11.06,101.2,270,112.2,303,68.5,196,1/1/25 0:00
300,Stonehill,NEC,-11.06,101,275,112.1,299,66.3,286,1/1/25 0:00
301,Nebraska Omaha,Sum,-11.17,101.3,266,112.5,307,67.8,224,1/1/25 0:00
302,North Carolina Central,MEAC,-11.24,103.5,222,114.7,340,66.8,261,1/1/25 0:00
303,Oral Roberts,Sum,-11.52,103.5,221,115,345,69.3,152,1/1/25 0:00
304,Grambling St.,SWAC,-11.58,99.9,291,111.5,286,66.6,274,1/1/25 0:00
305,Loyola MD,PL,-11.59,99.2,305,110.7,271,68.9,176,1/1/25 0:00
306,Evansville,MVC,-11.61,97.1,339,108.7,219,68,215,1/1/25 0:00
307,North Carolina A&T,CAA,-11.95,101.4,264,113.3,317,74,12,1/1/25 0:00
308,Holy Cross,PL,-12.11,103.2,224,115.3,348,66,308,1/1/25 0:00
309,Penn,Ivy,-12.2,101.5,262,113.7,326,66.3,288,1/1/25 0:00
310,Texas Southern,SWAC,-12.28,97.1,338,109.3,233,71.6,50,1/1/25 0:00
311,Niagara,MAAC,-12.54,101.8,258,114.4,335,65,339,1/1/25 0:00
312,Wagner,NEC,-12.59,92.6,360,105.2,150,62.3,362,1/1/25 0:00
313,Fairfield,MAAC,-12.64,103.6,219,116.2,352,67.4,240,1/1/25 0:00
314,Portland,WCC,-12.73,100.4,282,113.2,314,70.2,111,1/1/25 0:00
315,Eastern Michigan,MAC,-12.76,100.7,279,113.5,321,68.4,201,1/1/25 0:00
316,Stony Brook,CAA,-12.82,101.2,271,114,331,67.3,242,1/1/25 0:00
317,Binghamton,AE,-12.84,98,328,110.9,277,66.2,291,1/1/25 0:00
318,Western Carolina,SC,-12.86,95.7,346,108.6,216,72.5,24,1/1/25 0:00
319,Detroit Mercy,Horz,-12.86,97.4,334,110.3,257,68.9,173,1/1/25 0:00
320,Delaware St.,MEAC,-12.95,98,329,111,279,70.6,90,1/1/25 0:00
,,,,,Strength of Schedule,NCSOS,,,,1/1/25 0:00
Rk,Team,Conf,NetRtg,ORtg,DRtg,AdjT,Luck,NetRtg,ORtg,1/1/25 0:00
321,Tennessee Tech,OVC,-13.16,100.8,277,114,330,68.8,182,1/1/25 0:00
322,Old Dominion,SB,-13.18,99.3,304,112.5,306,69.3,156,1/1/25 0:00
323,Tennessee St.,OVC,-13.35,99,310,112.3,304,72.3,35,1/1/25 0:00
324,Rider,MAAC,-13.39,99.9,295,113.2,316,64.8,342,1/1/25 0:00
325,Eastern Illinois,OVC,-13.66,97.2,337,110.9,276,67.2,250,1/1/25 0:00
326,Green Bay,Horz,-13.8,102.9,230,116.7,355,71.1,66,1/1/25 0:00
327,Denver,Sum,-13.81,101.1,273,114.9,343,67.2,245,1/1/25 0:00
328,Navy,PL,-13.87,100.7,280,114.6,338,69.3,150,1/1/25 0:00
329,Southern Indiana,OVC,-13.93,98.4,320,112.3,305,67.2,249,1/1/25 0:00
330,Fairleigh Dickinson,NEC,-14.07,102.7,237,116.7,356,70.7,86,1/1/25 0:00
331,Saint Francis,NEC,-14.11,99.5,301,113.6,324,69.5,141,1/1/25 0:00
332,Buffalo,MAC,-14.85,99.1,307,113.9,327,70.9,76,1/1/25 0:00
333,Western Illinois,OVC,-15,98.9,311,113.9,329,64.3,350,1/1/25 0:00
334,Central Arkansas,ASun,-15.36,96.7,342,112,297,68.7,185,1/1/25 0:00
335,LIU,NEC,-15.47,94.7,353,110.2,253,68.4,202,1/1/25 0:00
336,West Georgia,ASun,-15.61,98,330,113.6,323,67.8,226,1/1/25 0:00
337,VMI,SC,-15.64,99,308,114.7,339,68.7,186,1/1/25 0:00
338,Prairie View A&M,SWAC,-15.87,102.9,231,118.8,360,72,44,1/1/25 0:00
339,Louisiana Monroe,SB,-15.89,95.6,347,111.5,284,68.6,189,1/1/25 0:00
340,Lindenwood,OVC,-15.91,95.8,344,111.7,291,69.3,153,1/1/25 0:00
341,IU Indy,Horz,-15.94,102.6,239,118.6,359,66.7,270,1/1/25 0:00
342,Sacramento St.,BSky,-16.36,94.6,355,111,278,66.2,292,1/1/25 0:00
343,Le Moyne,NEC,-16.39,97.2,336,113.6,322,70.7,88,1/1/25 0:00
344,USC Upstate,BSth,-16.69,97.3,335,114,333,74.2,10,1/1/25 0:00
345,New Orleans,Slnd,-16.7,97.8,331,114.5,337,70.4,104,1/1/25 0:00
346,Alcorn St.,SWAC,-16.84,98.8,313,115.7,350,66.6,273,1/1/25 0:00
347,Houston Christian,Slnd,-17.01,98.1,327,115.1,346,65.9,312,1/1/25 0:00
348,Morgan St.,MEAC,-17.25,100.7,281,118,358,71.8,47,1/1/25 0:00
349,Bellarmine,ASun,-17.53,102.4,244,120,362,67.8,221,1/1/25 0:00
350,Northern Illinois,MAC,-17.9,94.8,352,112.7,309,70.5,95,1/1/25 0:00
351,Stetson,ASun,-17.92,98.6,317,116.5,353,69.4,148,1/1/25 0:00
352,Florida A&M,SWAC,-17.98,92.8,358,110.8,274,70.7,85,1/1/25 0:00
353,East Texas A&M,Slnd,-18.02,93.9,357,111.9,293,69.7,127,1/1/25 0:00
354,Mercyhurst,NEC,-18.95,96,343,115,344,65.2,334,1/1/25 0:00
355,The Citadel,SC,-19.11,95.3,348,114.5,336,66.2,293,1/1/25 0:00
356,Maryland Eastern Shore,MEAC,-19.12,98.6,316,117.8,357,68.1,210,1/1/25 0:00
357,NJIT,AE,-19.56,92.5,361,112.1,298,66,307,1/1/25 0:00
358,Canisius,MAAC,-20.03,99.9,293,119.9,361,66.1,302,1/1/25 0:00
359,New Hampshire,AE,-21.29,92.8,359,114.1,334,69.2,162,1/1/25 0:00
360,Alabama A&M,SWAC,-21.32,94.6,354,116,351,72.4,31,1/1/25 0:00
,,,,,Strength of Schedule,NCSOS,,,,1/1/25 0:00
Rk,Team,Conf,NetRtg,ORtg,DRtg,AdjT,Luck,NetRtg,ORtg,1/1/25 0:00
361,Chicago St.,NEC,-22.31,90.5,362,112.8,311,70.9,77,1/1/25 0:00
362,Coppin St.,MEAC,-24.4,87.8,363,112.2,302,67.7,227,1/1/25 0:00
363,Arkansas Pine Bluff,SWAC,-24.61,98.3,323,122.9,364,73.1,16,1/1/25 0:00
364,Mississippi Valley St.,SWAC,-33.82,86.3,364,120.1,363,66.2,294,1/1/25 0:00
1,Auburn,SEC,36.22,130.5,1,94.2,14,68.7,181,1/2/25 0:00
2,Duke,ACC,32.71,121,9,88.3,3,66.8,260,1/2/25 0:00
3,Houston,B12,30.85,118.4,21,87.5,1,62.8,361,1/2/25 0:00
4,Tennessee,SEC,30.59,118.6,19,88,2,66.3,285,1/2/25 0:00
5,Iowa St.,B12,29.61,124.1,3,94.5,18,70.6,89,1/2/25 0:00
6,Florida,SEC,27.45,121.8,8,94.3,16,70.9,74,1/2/25 0:00
7,Gonzaga,WCC,27.25,123.3,4,96,24,71.4,54,1/2/25 0:00
8,Marquette,BE,26.01,119.9,12,93.9,10,68.6,186,1/2/25 0:00
9,Alabama,SEC,24.74,123.1,5,98.4,48,74.7,7,1/2/25 0:00
10,Michigan,B10,23.53,117.7,26,94.2,13,71.4,55,1/2/25 0:00
11,Kansas,B12,23.32,116.8,30,93.5,7,69.5,136,1/2/25 0:00
12,Oregon,B10,23.25,118.1,23,94.9,21,69.5,144,1/2/25 0:00
13,Texas A&M,SEC,22.88,115.5,41,92.6,6,67.6,233,1/2/25 0:00
14,Connecticut,BE,22.86,124.5,2,101.7,95,65.6,324,1/2/25 0:00
15,UCLA,B10,22.85,112.4,67,89.5,4,66.8,258,1/2/25 0:00
16,Baylor,B12,22.76,122.1,7,99.3,61,67.2,247,1/2/25 0:00
17,Maryland,B10,22.44,116,36,93.6,8,70.8,79,1/2/25 0:00
18,Illinois,B10,22.28,116.4,31,94.2,12,72.4,28,1/2/25 0:00
19,St. John's,BE,22.19,115.8,39,93.6,9,70.5,94,1/2/25 0:00
20,Michigan St.,B10,21.85,116.3,33,94.4,17,69.2,155,1/2/25 0:00
21,Arizona,B12,21.81,119.2,16,97.4,34,71.5,51,1/2/25 0:00
22,Kentucky,SEC,21.41,120.5,10,99,56,71.9,45,1/2/25 0:00
23,Mississippi St.,SEC,21.39,119.3,14,97.9,41,68.8,173,1/2/25 0:00
24,Cincinnati,B12,21.28,113.7,58,92.4,5,66.6,267,1/2/25 0:00
25,Pittsburgh,ACC,21.24,119.1,17,97.9,39,68.9,169,1/2/25 0:00
26,Texas Tech,B12,20.76,119.7,13,98.9,54,67.8,223,1/2/25 0:00
27,Purdue,B10,20.48,120.4,11,99.9,70,66,303,1/2/25 0:00
28,Ohio St.,B10,20.45,118.1,24,97.7,36,69,166,1/2/25 0:00
29,Clemson,ACC,19.42,116,35,96.6,28,66.5,275,1/2/25 0:00
30,Dayton,A10,18.91,118.4,22,99.4,64,66.7,264,1/2/25 0:00
31,Wisconsin,B10,18.88,119.2,15,100.3,80,68.7,183,1/2/25 0:00
32,Mississippi,SEC,18.58,116.9,29,98.3,46,68.9,168,1/2/25 0:00
33,North Carolina,ACC,18.4,117.8,25,99.4,63,74.7,5,1/2/25 0:00
34,Texas,SEC,18.24,115,42,96.7,29,67.6,232,1/2/25 0:00
35,BYU,B12,18.24,117.4,28,99.2,58,68.8,175,1/2/25 0:00
36,Memphis,Amer,18.08,115.9,37,97.9,38,71.2,62,1/2/25 0:00
37,Nebraska,B10,17.9,112,71,94.1,11,69.2,158,1/2/25 0:00
38,Penn St.,B10,17.85,115.9,38,98,43,72.8,19,1/2/25 0:00
39,Arkansas,SEC,17.78,113.9,52,96.1,25,70.8,80,1/2/25 0:00
40,Oklahoma,SEC,17.44,117.5,27,100,74,68.4,200,1/2/25 0:00
,,,,,Strength of Schedule,NCSOS,,,,1/2/25 0:00
Rk,Team,Conf,NetRtg,ORtg,DRtg,AdjT,Luck,NetRtg,ORtg,1/2/25 0:00
41,Utah St.,MWC,17.39,114.2,50,96.8,30,70.7,82,1/2/25 0:00
42,San Diego St.,MWC,17.2,111.5,83,94.3,15,66.8,257,1/2/25 0:00
43,SMU,ACC,17.01,118.6,20,101.6,94,71,71,1/2/25 0:00
44,Iowa,B10,16.93,118.6,18,101.7,97,72.7,21,1/2/25 0:00
45,West Virginia,B12,16.74,111.8,74,95,22,66.3,283,1/2/25 0:00
46,Northwestern,B10,16.73,111.5,82,94.7,20,65.7,318,1/2/25 0:00
47,Georgia,SEC,16.41,113.7,56,97.3,33,67.9,217,1/2/25 0:00
48,Saint Mary's,WCC,15.47,114.7,44,99.2,60,64.1,351,1/2/25 0:00
49,VCU,A10,15.47,111.4,84,95.9,23,67.8,222,1/2/25 0:00
50,Vanderbilt,SEC,15.46,116.4,32,101,85,72.7,20,1/2/25 0:00
51,Xavier,BE,15.4,115.5,40,100.1,76,70,116,1/2/25 0:00
52,Villanova,BE,15.28,122.1,6,106.8,188,64.6,344,1/2/25 0:00
53,Creighton,BE,15.08,113,63,97.9,40,69.7,128,1/2/25 0:00
54,Louisville,ACC,14.82,114.2,49,99.4,62,69.2,159,1/2/25 0:00
55,Missouri,SEC,14.52,116.2,34,101.7,96,69.4,145,1/2/25 0:00
56,LSU,SEC,14.1,111.6,78,97.5,35,70.2,109,1/2/25 0:00
57,Indiana,B10,14.03,113.5,59,99.5,65,71,69,1/2/25 0:00
58,Boise St.,MWC,13.84,113.8,53,100,72,67.8,218,1/2/25 0:00
59,San Francisco,WCC,13.47,110.4,98,97,31,68.5,194,1/2/25 0:00
60,Nevada,MWC,13.01,114.1,51,101.1,87,64,353,1/2/25 0:00
61,Liberty,CUSA,12.91,110.6,95,97.7,37,64.3,349,1/2/25 0:00
62,Arizona St.,B12,12.9,110.9,91,98,44,68.8,174,1/2/25 0:00
63,UCF,B12,12.2,112.2,69,100,75,70.6,88,1/2/25 0:00
64,South Carolina,SEC,12.19,111.4,85,99.2,57,66.7,266,1/2/25 0:00
65,New Mexico,MWC,12.17,113.7,55,101.5,92,74.8,4,1/2/25 0:00
66,Georgetown,BE,11.97,110,108,98,45,69.5,138,1/2/25 0:00
67,Oregon St.,WCC,11.71,112.3,68,100.6,82,65.8,314,1/2/25 0:00
68,UC Irvine,BW,11.59,106.2,169,94.6,19,70.4,101,1/2/25 0:00
69,Utah,B12,11.41,110.6,94,99.2,59,72.5,26,1/2/25 0:00
70,Florida St.,ACC,11.1,111,88,99.9,71,70.9,75,1/2/25 0:00
71,Santa Clara,WCC,10.99,114.7,45,103.7,126,69.6,132,1/2/25 0:00
72,TCU,B12,10.99,107.6,143,96.6,27,68.1,207,1/2/25 0:00
73,Drake,MVC,10.97,110.5,97,99.5,67,61.3,364,1/2/25 0:00
74,Rutgers,B10,10.79,112.5,66,101.7,98,71.4,57,1/2/25 0:00
75,St. Bonaventure,A10,10.65,109.6,116,98.9,52,65.9,310,1/2/25 0:00
76,North Texas,Amer,10.54,108.5,135,98,42,63.6,359,1/2/25 0:00
77,Washington St.,WCC,10.54,110.2,104,99.7,68,72.5,27,1/2/25 0:00
78,Butler,BE,10.54,112.7,64,102.1,103,68,212,1/2/25 0:00
79,McNeese,Slnd,10.48,110.2,102,99.7,69,65.7,319,1/2/25 0:00
80,Colorado,B12,10.44,109.4,118,99,55,68.4,198,1/2/25 0:00
,,,,,Strength of Schedule,NCSOS,,,,1/2/25 0:00
Rk,Team,Conf,NetRtg,ORtg,DRtg,AdjT,Luck,NetRtg,ORtg,1/2/25 0:00
81,UC San Diego,BW,10.43,111.7,77,101.3,89,67.5,236,1/2/25 0:00
82,George Mason,A10,10.3,106.7,158,96.4,26,66.8,259,1/2/25 0:00
83,USC,B10,10.17,110.4,100,100.2,78,68.9,170,1/2/25 0:00
84,Bradley,MVC,9.44,113,62,103.6,124,66.3,286,1/2/25 0:00
85,N.C. State,ACC,9.28,111.8,73,102.5,107,66.6,270,1/2/25 0:00
86,Kansas St.,B12,9.26,110.4,99,101.1,88,69.2,156,1/2/25 0:00
87,Yale,Ivy,9.05,113.7,57,104.6,136,68.5,196,1/2/25 0:00
88,Saint Joseph's,A10,8.58,108.8,130,100.2,77,70.3,106,1/2/25 0:00
89,Providence,BE,8.57,108.5,133,100,73,65,337,1/2/25 0:00
90,Notre Dame,ACC,8.23,113.2,61,104.9,141,66.1,298,1/2/25 0:00
91,Florida Atlantic,Amer,8.21,114.5,47,106.3,176,72.6,23,1/2/25 0:00
92,Wake Forest,ACC,8.13,105.3,181,97.2,32,67.1,252,1/2/25 0:00
93,Stanford,ACC,8.01,112.6,65,104.6,135,68.2,205,1/2/25 0:00
94,Colorado St.,MWC,7.76,106.7,157,98.9,53,68.5,192,1/2/25 0:00
95,Lipscomb,ASun,7.52,108.4,136,100.9,84,68,210,1/2/25 0:00
96,Northern Iowa,MVC,7.51,111.6,80,104.1,129,65.8,312,1/2/25 0:00
97,UNLV,MWC,7.51,110.9,90,103.4,119,66.4,281,1/2/25 0:00
98,Arkansas St.,SB,7.5,108.5,134,101,86,71.3,58,1/2/25 0:00
99,Grand Canyon,WAC,7.42,106.9,155,99.5,66,73.6,13,1/2/25 0:00
100,Washington,B10,7.39,107.7,141,100.3,79,69.7,125,1/2/25 0:00
101,Rhode Island,A10,7.01,109.1,122,102.1,102,72.4,30,1/2/25 0:00
102,Virginia,ACC,6.9,105.4,178,98.5,49,61.5,363,1/2/25 0:00
103,Louisiana Tech,CUSA,6.82,110.1,105,103.3,117,65.8,313,1/2/25 0:00
104,Wichita St.,Amer,6.76,108.8,129,102.1,101,71.6,48,1/2/25 0:00
105,DePaul,BE,6.63,109.8,112,103.2,116,69.7,129,1/2/25 0:00
106,Furman,SC,6.33,108.6,132,102.2,105,65.9,311,1/2/25 0:00
107,Georgia Tech,ACC,6.13,108.9,126,102.8,112,71,68,1/2/25 0:00
108,Oklahoma St.,B12,5.94,107.5,144,101.6,93,72.4,32,1/2/25 0:00
109,Minnesota,B10,5.01,106.4,163,101.4,90,63.1,360,1/2/25 0:00
110,Princeton,Ivy,4.92,110.9,92,106,170,68.8,177,1/2/25 0:00
111,Davidson,A10,4.78,111.2,86,106.4,178,66.9,254,1/2/25 0:00
112,North Dakota St.,Sum,4.77,114.3,48,109.5,239,66,305,1/2/25 0:00
113,Western Kentucky,CUSA,4.56,105.2,183,100.7,83,74.3,10,1/2/25 0:00
114,Miami FL,ACC,4.55,114.6,46,110.1,253,67.7,228,1/2/25 0:00
115,Samford,SC,4.52,114.8,43,110.3,262,72,42,1/2/25 0:00
116,Troy,SB,4.48,106.3,165,101.8,99,67.5,235,1/2/25 0:00
117,Kent St.,MAC,4.11,102.8,229,98.7,51,66,306,1/2/25 0:00
118,Loyola Chicago,A10,4.05,105.9,175,101.9,100,69.3,150,1/2/25 0:00
119,Murray St.,MVC,4.01,107.8,139,103.8,127,66.1,297,1/2/25 0:00
120,South Dakota St.,Sum,3.87,109.3,119,105.5,153,70.5,95,1/2/25 0:00
,,,,,Strength of Schedule,NCSOS,,,,1/2/25 0:00
Rk,Team,Conf,NetRtg,ORtg,DRtg,AdjT,Luck,NetRtg,ORtg,1/2/25 0:00
121,Syracuse,ACC,3.83,110,109,106.1,173,71.3,61,1/2/25 0:00
122,Temple,Amer,3.5,107,153,103.5,120,70,114,1/2/25 0:00
123,St. Thomas,Sum,3.22,110.7,93,107.4,198,69.7,127,1/2/25 0:00
124,High Point,BSth,3.19,113.7,54,110.6,271,66.7,263,1/2/25 0:00
125,Charleston,CAA,2.86,106.4,164,103.5,121,72.5,25,1/2/25 0:00
126,Saint Louis,A10,2.59,111.7,76,109.2,229,68.4,197,1/2/25 0:00
127,East Tennessee St.,SC,2.57,109.2,121,106.7,185,67.4,240,1/2/25 0:00
128,Texas St.,SB,2.52,108.9,127,106.4,177,65.8,317,1/2/25 0:00
129,Middle Tennessee,CUSA,2.49,106.9,154,104.4,133,69.5,143,1/2/25 0:00
130,UMass Lowell,AE,2.45,111.5,81,109.1,224,72.1,40,1/2/25 0:00
131,California,ACC,2.26,111.6,79,109.4,236,69.5,140,1/2/25 0:00
132,UAB,Amer,2.12,113.3,60,111.2,282,70.9,77,1/2/25 0:00
133,UNC Wilmington,CAA,2.09,109.7,114,107.6,202,68,213,1/2/25 0:00
134,Akron,MAC,2.07,107.1,152,105.1,145,72.2,38,1/2/25 0:00
135,Milwaukee,Horz,2.06,109.9,110,107.8,208,70.3,103,1/2/25 0:00
136,Purdue Fort Wayne,Horz,1.81,112.1,70,110.3,260,68.7,185,1/2/25 0:00
137,Sam Houston St.,CUSA,1.76,112,72,110.2,258,70,113,1/2/25 0:00
138,George Washington,A10,1.54,106.6,161,105,144,69.3,154,1/2/25 0:00
139,UNC Greensboro,SC,1.53,104.9,193,103.3,118,65.4,329,1/2/25 0:00
140,Belmont,MVC,1.53,110.3,101,108.8,222,72.4,29,1/2/25 0:00
141,UTEP,CUSA,1.43,104.5,204,103.1,115,69.6,131,1/2/25 0:00
142,UC Santa Barbara,BW,1.39,107.1,151,105.7,163,66.1,301,1/2/25 0:00
143,Seton Hall,BE,1.21,99.9,290,98.6,50,63.9,354,1/2/25 0:00
144,Wofford,SC,0.94,110.2,103,109.3,234,65.2,334,1/2/25 0:00
145,Seattle,WAC,0.91,107.4,147,106.5,181,67.8,221,1/2/25 0:00
146,Cornell,Ivy,0.87,111.1,87,110.2,257,72.2,37,1/2/25 0:00
147,Norfolk St.,MEAC,0.69,108.1,137,107.4,196,66.4,282,1/2/25 0:00
148,Florida Gulf Coast,ASun,0.68,106.6,159,105.9,167,65.3,331,1/2/25 0:00
149,South Alabama,SB,0.58,105.1,186,104.6,134,64.9,341,1/2/25 0:00
150,Duquesne,A10,0.47,102.9,226,102.4,106,65,338,1/2/25 0:00
151,James Madison,SB,0.43,107.9,138,107.5,199,66.8,261,1/2/25 0:00
152,Virginia Tech,ACC,0.26,106.1,173,105.8,164,65.3,330,1/2/25 0:00
153,Elon,CAA,0.25,106.1,171,105.9,166,66.5,277,1/2/25 0:00
154,UT Arlington,WAC,0.16,109.8,111,109.7,244,71.1,65,1/2/25 0:00
155,Loyola Marymount,WCC,0.09,103.1,224,103,114,68.8,172,1/2/25 0:00
156,Jacksonville St.,CUSA,0.09,110.6,96,110.5,270,66.4,280,1/2/25 0:00
157,Wyoming,MWC,-0.04,104.9,190,104.9,140,65.9,307,1/2/25 0:00
158,Utah Valley,WAC,-0.04,102.6,235,102.7,109,69.9,119,1/2/25 0:00
159,La Salle,A10,-0.09,104.7,198,104.8,139,72,43,1/2/25 0:00
160,Columbia,Ivy,-0.12,110.1,106,110.2,255,69,164,1/2/25 0:00
,,,,,Strength of Schedule,NCSOS,,,,1/2/25 0:00
Rk,Team,Conf,NetRtg,ORtg,DRtg,AdjT,Luck,NetRtg,ORtg,1/2/25 0:00
161,Illinois St.,MVC,-0.21,109.3,120,109.5,238,66.1,300,1/2/25 0:00
162,Cal Baptist,WAC,-0.22,109.6,115,109.8,246,66.7,265,1/2/25 0:00
163,Ohio,MAC,-0.28,109,124,109.2,232,70.9,73,1/2/25 0:00
164,CSUN,BW,-0.3,103.9,214,104.2,130,73.2,14,1/2/25 0:00
165,Northern Colorado,BSky,-0.36,108.7,131,109.1,228,71.3,59,1/2/25 0:00
166,Boston College,ACC,-0.46,106.2,168,106.7,186,67.7,226,1/2/25 0:00
167,Montana St.,BSky,-0.55,107.3,149,107.9,211,68,215,1/2/25 0:00
168,Northeastern,CAA,-0.57,103.7,215,104.3,131,69.6,134,1/2/25 0:00
169,Longwood,BSth,-0.62,104.4,208,105,143,70.1,111,1/2/25 0:00
170,UC Riverside,BW,-0.67,104.9,192,105.5,158,68.3,203,1/2/25 0:00
171,Illinois Chicago,MVC,-0.86,107.4,146,108.3,215,70,117,1/2/25 0:00
172,Rice,Amer,-0.95,102.6,236,103.6,125,66.5,276,1/2/25 0:00
173,Hawaii,BW,-1.07,104.5,206,105.6,159,66.2,289,1/2/25 0:00
174,Appalachian St.,SB,-1.1,101.8,254,102.9,113,65.5,325,1/2/25 0:00
175,East Carolina,Amer,-1.18,104.8,196,106,171,66.9,255,1/2/25 0:00
176,Winthrop,BSth,-1.18,105.1,187,106.3,175,74.4,9,1/2/25 0:00
177,UNC Asheville,BSth,-1.21,108.8,128,110.1,251,67.5,238,1/2/25 0:00
178,Hofstra,CAA,-1.25,100.9,276,102.1,104,65.8,316,1/2/25 0:00
179,Indiana St.,MVC,-1.3,110,107,111.3,284,74.4,8,1/2/25 0:00
180,South Florida,Amer,-1.31,106.2,167,107.5,200,69.8,120,1/2/25 0:00
181,North Alabama,ASun,-1.33,106.5,162,107.9,209,68.9,171,1/2/25 0:00
182,Jacksonville,ASun,-1.33,101.4,263,102.7,110,69.9,118,1/2/25 0:00
183,Miami OH,MAC,-1.6,104.9,191,106.5,179,69.6,133,1/2/25 0:00
184,North Florida,ASun,-1.6,111.8,75,113.4,319,72.3,35,1/2/25 0:00
185,Texas A&M Corpus Chris,Slnd,-1.61,106.6,160,108.2,214,70,115,1/2/25 0:00
186,Tulane,Amer,-1.68,104.5,205,106.2,174,69.3,151,1/2/25 0:00
187,Chattanooga,SC,-1.78,108.9,125,110.7,275,67.8,220,1/2/25 0:00
188,Drexel,CAA,-1.81,104.7,197,106.5,183,64.5,347,1/2/25 0:00
189,Lamar,Slnd,-1.82,103.1,223,105,142,67.4,239,1/2/25 0:00
190,Merrimack,MAAC,-1.83,101.7,257,103.6,123,65.7,320,1/2/25 0:00
191,Wright St.,Horz,-1.92,109.5,117,111.5,288,68.1,209,1/2/25 0:00
192,Radford,BSth,-2.36,106.8,156,109.2,230,65.6,323,1/2/25 0:00
193,Pepperdine,WCC,-2.52,104.6,200,107.1,194,70.6,87,1/2/25 0:00
194,Montana,BSky,-2.56,107.7,142,110.2,256,69.5,137,1/2/25 0:00
195,Cleveland St.,Horz,-2.58,102.2,248,104.8,138,67.6,234,1/2/25 0:00
196,Youngstown St.,Horz,-2.62,97.9,330,100.5,81,70.4,100,1/2/25 0:00
197,Brown,Ivy,-2.87,104.8,195,107.7,205,65.8,315,1/2/25 0:00
198,Northern Kentucky,Horz,-3.01,99.6,299,102.6,108,66.2,288,1/2/25 0:00
199,Valparaiso,MVC,-3.05,107.4,148,110.4,265,69.6,130,1/2/25 0:00
200,Marshall,SB,-3.05,103.5,217,106.5,182,70.5,96,1/2/25 0:00
,,,,,Strength of Schedule,NCSOS,,,,1/2/25 0:00
Rk,Team,Conf,NetRtg,ORtg,DRtg,AdjT,Luck,NetRtg,ORtg,1/2/25 0:00
201,New Mexico St.,CUSA,-3.07,102.9,228,105.9,168,68,214,1/2/25 0:00
202,San Jose St.,MWC,-3.2,106.1,172,109.3,235,66.3,284,1/2/25 0:00
203,Missouri St.,MVC,-3.53,102.3,244,105.9,165,65.2,333,1/2/25 0:00
204,Massachusetts,A10,-3.59,103.5,216,107.1,193,72.2,39,1/2/25 0:00
205,Eastern Kentucky,ASun,-3.63,107.4,145,111.1,280,69.7,124,1/2/25 0:00
206,Oakland,Horz,-3.65,105.4,179,109.1,225,63.8,357,1/2/25 0:00
207,Saint Peter's,MAAC,-3.73,101.8,256,105.5,154,63.6,358,1/2/25 0:00
208,Stephen F. Austin,Slnd,-3.73,94.7,351,98.4,47,67.3,245,1/2/25 0:00
209,Bryant,AE,-3.73,104.1,211,107.8,206,75.4,2,1/2/25 0:00
210,Central Connecticut,NEC,-3.87,100.2,285,104,128,66.2,294,1/2/25 0:00
211,Kennesaw St.,CUSA,-3.97,103.9,212,107.9,210,72.9,18,1/2/25 0:00
212,Southern Utah,WAC,-4.06,104.6,202,108.7,221,70.4,102,1/2/25 0:00
213,Little Rock,OVC,-4.16,98.6,315,102.8,111,68.1,208,1/2/25 0:00
214,Central Michigan,MAC,-4.37,101.6,261,106,169,69.7,126,1/2/25 0:00
215,Toledo,MAC,-4.56,109,123,113.5,324,71,67,1/2/25 0:00
216,Marist,MAAC,-4.58,102.3,245,106.9,189,64.5,346,1/2/25 0:00
217,Fordham,A10,-4.65,102.5,238,107.2,195,71.8,46,1/2/25 0:00
218,UC Davis,BW,-4.81,96.7,341,101.5,91,71.6,49,1/2/25 0:00
219,Towson,CAA,-4.82,101.2,267,106,172,63.9,355,1/2/25 0:00
220,William & Mary,CAA,-4.86,109.8,113,114.6,339,72.3,34,1/2/25 0:00
221,Nicholls,Slnd,-4.97,102.1,249,107.1,191,69.5,139,1/2/25 0:00
222,UT Rio Grande Valley,Slnd,-5.01,105.4,180,110.4,263,71.5,52,1/2/25 0:00
223,Charlotte,Amer,-5.02,106.2,170,111.2,283,66.6,269,1/2/25 0:00
224,Gardner Webb,BSth,-5.03,105.3,182,110.3,261,70.7,83,1/2/25 0:00
225,Southern Illinois,MVC,-5.15,101.7,260,106.8,187,70.4,99,1/2/25 0:00
226,Hampton,CAA,-5.18,103.3,220,108.5,219,66.2,291,1/2/25 0:00
227,Maine,AE,-5.22,100.2,286,105.4,152,68.3,204,1/2/25 0:00
228,Kansas City,Sum,-5.22,102.6,237,107.8,207,66.5,273,1/2/25 0:00
229,Mercer,SC,-5.3,104.4,207,109.7,245,72.4,33,1/2/25 0:00
230,Southeastern Louisiana,Slnd,-5.31,98.2,321,103.6,122,69.1,162,1/2/25 0:00
231,UMBC,AE,-5.33,106.3,166,111.6,291,72.5,24,1/2/25 0:00
232,Albany,AE,-5.38,105,188,110.4,266,70.4,97,1/2/25 0:00
233,Mount St. Mary's,MAAC,-5.42,100.2,284,105.6,160,69.5,141,1/2/25 0:00
234,South Carolina St.,MEAC,-5.49,100.2,283,105.7,162,69,165,1/2/25 0:00
235,Weber St.,BSky,-5.51,104.9,194,110.4,264,66.2,295,1/2/25 0:00
236,South Dakota,Sum,-5.6,111,89,116.6,354,74.7,6,1/2/25 0:00
237,Abilene Christian,WAC,-5.61,100.1,287,105.7,161,69.8,122,1/2/25 0:00
238,UTSA,Amer,-5.74,103.9,213,109.6,242,73,17,1/2/25 0:00
239,American,PL,-5.84,104.6,201,110.4,267,64.4,348,1/2/25 0:00
240,Delaware,CAA,-5.9,107.1,150,113,314,71.1,63,1/2/25 0:00
,,,,,Strength of Schedule,NCSOS,,,,1/2/25 0:00
Rk,Team,Conf,NetRtg,ORtg,DRtg,AdjT,Luck,NetRtg,ORtg,1/2/25 0:00
241,Richmond,A10,-6.01,102.5,240,108.5,217,67.4,241,1/2/25 0:00
242,Robert Morris,Horz,-6.14,99.1,306,105.2,150,70.6,85,1/2/25 0:00
243,Vermont,AE,-6.23,98.2,322,104.4,132,64.6,345,1/2/25 0:00
244,Quinnipiac,MAAC,-6.39,100.6,278,107,190,71.5,53,1/2/25 0:00
245,Boston University,PL,-6.43,102.5,239,108.9,223,63.8,356,1/2/25 0:00
246,Idaho St.,BSky,-6.56,101.1,268,107.7,203,66.1,299,1/2/25 0:00
247,Georgia Southern,SB,-6.58,99.9,288,106.5,180,73.2,15,1/2/25 0:00
248,Cal Poly,BW,-6.78,104.6,203,111.4,285,76.6,1,1/2/25 0:00
249,Lehigh,PL,-6.85,105.2,185,112,299,68.1,206,1/2/25 0:00
250,FIU,CUSA,-6.94,98.1,324,105.1,146,71,70,1/2/25 0:00
251,Presbyterian,BSth,-6.96,104.2,210,111.1,281,65.4,326,1/2/25 0:00
252,Portland St.,BSky,-7,102.9,225,109.9,249,71.4,56,1/2/25 0:00
253,Southern,SWAC,-7.09,98.4,318,105.5,155,69.4,146,1/2/25 0:00
254,Bethune Cookman,SWAC,-7.19,98.3,319,105.5,157,70.1,112,1/2/25 0:00
255,Cal St. Bakersfield,BW,-7.26,101.8,252,109.1,227,65.7,321,1/2/25 0:00
256,Idaho,BSky,-7.68,107.7,140,115.4,349,66.6,268,1/2/25 0:00
257,Ball St.,MAC,-7.75,102.7,234,110.5,268,67.1,251,1/2/25 0:00
258,Northern Arizona,BSky,-7.79,105,189,112.8,312,67.8,219,1/2/25 0:00
259,Eastern Washington,BSky,-7.88,106,174,113.9,332,68.5,190,1/2/25 0:00
260,Bucknell,PL,-7.9,96.8,340,104.7,137,69.1,161,1/2/25 0:00
261,Harvard,Ivy,-7.91,99.8,294,107.7,204,67.8,224,1/2/25 0:00
262,Queens,ASun,-8.16,101.1,269,109.3,233,70.5,92,1/2/25 0:00
263,Tulsa,Amer,-8.27,101.8,255,110,250,68.7,182,1/2/25 0:00
264,Manhattan,MAAC,-8.3,105.5,177,113.8,327,70.2,107,1/2/25 0:00
265,Northwestern St.,Slnd,-8.43,101.2,266,109.6,241,65.2,335,1/2/25 0:00
266,Southeast Missouri,OVC,-8.44,99.5,300,107.9,213,71,72,1/2/25 0:00
267,SIUE,OVC,-8.55,98.9,311,107.4,197,67,253,1/2/25 0:00
268,Colgate,PL,-8.62,102,250,110.7,274,66.5,274,1/2/25 0:00
269,Alabama St.,SWAC,-8.63,104.3,209,112.9,313,70.4,98,1/2/25 0:00
270,Siena,MAAC,-8.65,99.7,295,108.4,216,65.4,327,1/2/25 0:00
271,Iona,MAAC,-8.84,98.8,313,107.6,201,69.8,121,1/2/25 0:00
272,Fresno St.,MWC,-8.95,98.1,325,107.1,192,74.9,3,1/2/25 0:00
273,Monmouth,CAA,-9.05,102.5,241,111.5,289,68.5,195,1/2/25 0:00
274,Incarnate Word,Slnd,-9.21,105.5,176,114.8,341,66.8,256,1/2/25 0:00
275,Coastal Carolina,SB,-9.24,100.9,275,110.2,254,64,352,1/2/25 0:00
276,Western Michigan,MAC,-9.45,102.4,243,111.8,295,67.7,230,1/2/25 0:00
277,Long Beach St.,BW,-9.54,102.2,247,111.7,293,65.4,328,1/2/25 0:00
278,Dartmouth,Ivy,-9.56,99,308,108.5,218,71.3,60,1/2/25 0:00
279,Evansville,MVC,-9.62,97,338,106.6,184,67.7,229,1/2/25 0:00
280,Howard,MEAC,-9.62,104.7,199,114.3,335,68.8,178,1/2/25 0:00
,,,,,Strength of Schedule,NCSOS,,,,1/2/25 0:00
Rk,Team,Conf,NetRtg,ORtg,DRtg,AdjT,Luck,NetRtg,ORtg,1/2/25 0:00
281,Austin Peay,ASun,-9.73,95.6,344,105.4,151,64.9,340,1/2/25 0:00
282,Georgia St.,SB,-9.75,99.7,296,109.4,237,70.3,105,1/2/25 0:00
283,Southern Miss,SB,-9.82,99.3,304,109.1,226,69.3,152,1/2/25 0:00
284,Sacred Heart,MAAC,-9.9,101.9,251,111.8,294,70.2,108,1/2/25 0:00
285,Bowling Green,MAC,-9.93,102.7,231,112.7,310,71.1,66,1/2/25 0:00
286,North Dakota,Sum,-9.96,105.2,184,115.1,346,69,163,1/2/25 0:00
287,Campbell,CAA,-9.96,99.7,297,109.6,240,67.4,242,1/2/25 0:00
288,Charleston Southern,BSth,-10.25,101.8,253,112.1,301,69.6,135,1/2/25 0:00
289,Cal St. Fullerton,BW,-10.38,99.5,301,109.9,248,65.2,332,1/2/25 0:00
290,San Diego,WCC,-10.41,94.7,350,105.1,147,72.1,41,1/2/25 0:00
291,Tennessee Martin,OVC,-10.41,97.5,333,107.9,212,68.5,187,1/2/25 0:00
292,Pacific,WCC,-10.45,99.2,305,109.6,243,68.7,184,1/2/25 0:00
293,Lafayette,PL,-10.52,98.1,326,108.6,220,67.5,237,1/2/25 0:00
294,Army,PL,-10.53,102.7,233,113.3,317,68.5,189,1/2/25 0:00
295,Morehead St.,OVC,-10.57,101,272,111.6,292,67.2,246,1/2/25 0:00
296,Air Force,MWC,-10.58,99.9,289,110.5,269,64.6,343,1/2/25 0:00
297,Tarleton St.,WAC,-10.64,94.8,348,105.5,156,66.4,279,1/2/25 0:00
298,Louisiana,SB,-10.75,101.7,258,112.5,308,68.5,191,1/2/25 0:00
299,Jackson St.,SWAC,-10.76,94.3,356,105.1,148,70.8,81,1/2/25 0:00
300,Stonehill,NEC,-11.01,101,273,112,300,66.2,290,1/2/25 0:00
301,Utah Tech,WAC,-11.07,101.1,271,112.1,302,68.5,193,1/2/25 0:00
302,Nebraska Omaha,Sum,-11.17,101.3,265,112.4,306,67.7,225,1/2/25 0:00
303,North Carolina Central,MEAC,-11.25,103.3,219,114.6,338,66.8,262,1/2/25 0:00
304,Loyola MD,PL,-11.56,99.1,307,110.6,272,68.8,176,1/2/25 0:00
305,Grambling St.,SWAC,-11.58,99.8,291,111.4,287,66.6,272,1/2/25 0:00
306,Oral Roberts,Sum,-11.6,103.3,221,114.9,344,69.3,148,1/2/25 0:00
307,North Carolina A&T,CAA,-11.98,101.3,264,113.3,318,74,12,1/2/25 0:00
308,Holy Cross,PL,-12.08,103.2,222,115.2,347,65.9,308,1/2/25 0:00
309,Penn,Ivy,-12.15,101.4,262,113.6,325,66.3,287,1/2/25 0:00
310,Texas Southern,SWAC,-12.23,97,339,109.2,231,71.6,50,1/2/25 0:00
311,Fairfield,MAAC,-12.55,103.5,218,116,352,67.3,243,1/2/25 0:00
312,Niagara,MAAC,-12.55,101.7,259,114.3,334,65,339,1/2/25 0:00
313,Wagner,NEC,-12.59,92.5,360,105.1,149,62.2,362,1/2/25 0:00
314,Portland,WCC,-12.72,100.4,282,113.1,315,70.1,110,1/2/25 0:00
315,Stony Brook,CAA,-12.73,101.1,270,113.8,328,67.3,244,1/2/25 0:00
316,Eastern Michigan,MAC,-12.83,100.6,281,113.4,320,68.4,199,1/2/25 0:00
317,Detroit Mercy,Horz,-12.87,97.4,334,110.2,259,68.9,167,1/2/25 0:00
318,Binghamton,AE,-12.9,97.9,328,110.8,278,66.1,296,1/2/25 0:00
319,Delaware St.,MEAC,-12.94,97.9,329,110.9,279,70.6,90,1/2/25 0:00
320,Old Dominion,SB,-13.1,99.3,303,112.4,305,69.2,157,1/2/25 0:00
,,,,,Strength of Schedule,NCSOS,,,,1/2/25 0:00
Rk,Team,Conf,NetRtg,ORtg,DRtg,AdjT,Luck,NetRtg,ORtg,1/2/25 0:00
321,Tennessee Tech,OVC,-13.17,100.7,277,113.8,329,68.8,180,1/2/25 0:00
322,Rider,MAAC,-13.32,99.8,292,113.1,316,64.8,342,1/2/25 0:00
323,Tennessee St.,OVC,-13.48,98.7,314,112.2,304,72.2,36,1/2/25 0:00
324,Eastern Illinois,OVC,-13.7,97,337,110.8,276,67.2,248,1/2/25 0:00
325,Green Bay,Horz,-13.81,102.8,230,116.6,355,71.1,64,1/2/25 0:00
326,Denver,Sum,-13.82,101,274,114.8,342,67.2,249,1/2/25 0:00
327,Navy,PL,-13.85,100.6,279,114.5,337,69.3,153,1/2/25 0:00
328,Fairleigh Dickinson,NEC,-14.03,102.7,232,116.8,356,70.6,91,1/2/25 0:00
329,Saint Francis,NEC,-14.1,99.4,302,113.5,322,69.5,142,1/2/25 0:00
330,Southern Indiana,OVC,-14.12,98.3,320,112.5,307,67.1,250,1/2/25 0:00
331,Western Carolina,SC,-14.77,95.1,347,109.8,247,72.6,22,1/2/25 0:00
332,Buffalo,MAC,-14.83,99,309,113.8,326,70.9,76,1/2/25 0:00
333,Western Illinois,OVC,-15.01,98.9,310,113.9,330,64.2,350,1/2/25 0:00
334,Central Arkansas,ASun,-15.45,96.5,342,112,297,68.8,179,1/2/25 0:00
335,LIU,NEC,-15.46,94.6,353,110.1,252,68.3,202,1/2/25 0:00
336,West Georgia,ASun,-15.56,97.9,331,113.5,321,67.7,227,1/2/25 0:00
337,VMI,SC,-15.62,99.6,298,115.2,348,68.4,201,1/2/25 0:00
338,Louisiana Monroe,SB,-15.81,95.6,346,111.4,286,68.5,188,1/2/25 0:00
339,Prairie View A&M,SWAC,-15.84,102.9,227,118.7,359,72,44,1/2/25 0:00
340,Lindenwood,OVC,-15.95,95.6,345,111.6,290,69.3,149,1/2/25 0:00
341,Sacramento St.,BSky,-16.34,94.5,355,110.8,277,66.2,292,1/2/25 0:00
342,Le Moyne,NEC,-16.37,97.1,336,113.5,323,70.6,86,1/2/25 0:00
343,New Orleans,Slnd,-16.69,97.7,332,114.4,336,70.3,104,1/2/25 0:00
344,Alcorn St.,SWAC,-16.76,98.8,312,115.5,350,66.6,271,1/2/25 0:00
345,USC Upstate,BSth,-16.78,97.1,335,113.9,331,74.2,11,1/2/25 0:00
346,IU Indy,Horz,-16.8,102.4,242,119.2,360,66.4,278,1/2/25 0:00
347,Houston Christian,Slnd,-16.95,98,327,114.9,345,65.9,309,1/2/25 0:00
348,Morgan St.,MEAC,-17.25,100.6,280,117.9,358,71.7,47,1/2/25 0:00
349,Bellarmine,ASun,-17.63,102.3,246,119.9,362,67.9,216,1/2/25 0:00
350,Northern Illinois,MAC,-17.93,94.6,352,112.6,309,70.5,93,1/2/25 0:00
351,Florida A&M,SWAC,-17.98,92.7,359,110.6,273,70.6,84,1/2/25 0:00
352,Stetson,ASun,-17.98,98.4,317,116.4,353,69.3,147,1/2/25 0:00
353,East Texas A&M,Slnd,-18.02,93.8,357,111.8,296,69.7,123,1/2/25 0:00
354,Mercyhurst,NEC,-18.93,95.9,343,114.8,343,65.2,336,1/2/25 0:00
355,Maryland Eastern Shore,MEAC,-19.09,98.6,316,117.6,357,68,211,1/2/25 0:00
356,NJIT,AE,-19.51,92.5,361,112,298,66,304,1/2/25 0:00
357,The Citadel,SC,-19.95,94.8,349,114.7,340,65.7,322,1/2/25 0:00
358,Canisius,MAAC,-20.04,99.8,293,119.9,361,66.1,302,1/2/25 0:00
359,New Hampshire,AE,-21.24,92.7,358,113.9,333,69.1,160,1/2/25 0:00
360,Alabama A&M,SWAC,-21.37,94.5,354,115.8,351,72.4,31,1/2/25 0:00
,,,,,Strength of Schedule,NCSOS,,,,1/2/25 0:00
Rk,Team,Conf,NetRtg,ORtg,DRtg,AdjT,Luck,NetRtg,ORtg,1/2/25 0:00
361,Chicago St.,NEC,-22.21,90.5,362,112.7,311,70.8,78,1/2/25 0:00
362,Coppin St.,MEAC,-24.46,87.7,363,112.2,303,67.6,231,1/2/25 0:00
363,Arkansas Pine Bluff,SWAC,-24.67,98.2,323,122.8,364,73.1,16,1/2/25 0:00
364,Mississippi Valley St.,SWAC,-33.9,86.2,364,120.1,363,66.2,293,1/2/25 0:00
1,Auburn,SEC,36.43,130.7,1,94.3,12,68.8,171,1/3/25 0:00
2,Duke,ACC,32.73,121.2,10,88.4,3,66.7,263,1/3/25 0:00
3,Tennessee,SEC,30.95,118.9,19,88,2,66.2,289,1/3/25 0:00
4,Houston,B12,30.81,118.6,23,87.8,1,62.8,361,1/3/25 0:00
5,Iowa St.,B12,29.69,124.3,3,94.6,17,70.6,91,1/3/25 0:00
6,Florida,SEC,27.35,121.8,9,94.5,16,70.8,80,1/3/25 0:00
7,Gonzaga,WCC,27.23,123.1,5,95.9,22,71.2,59,1/3/25 0:00
8,Illinois,B10,25.99,119.5,15,93.5,7,73,18,1/3/25 0:00
9,Marquette,BE,25.97,120,12,94.1,10,68.7,182,1/3/25 0:00
10,Alabama,SEC,24.81,123.1,4,98.3,46,74.5,7,1/3/25 0:00
11,Michigan,B10,23.62,118,25,94.4,13,71.3,57,1/3/25 0:00
12,Kansas,B12,23.35,117,31,93.7,8,69.6,136,1/3/25 0:00
13,Connecticut,BE,22.98,124.8,2,101.9,94,65.6,320,1/3/25 0:00
14,Baylor,B12,22.79,122.2,7,99.5,62,67.2,250,1/3/25 0:00
15,Texas A&M,SEC,22.71,115.5,40,92.8,6,67.5,238,1/3/25 0:00
16,UCLA,B10,22.59,112.5,66,89.9,4,66.7,262,1/3/25 0:00
17,St. John's,BE,22.18,115.9,38,93.8,9,70.5,96,1/3/25 0:00
18,Michigan St.,B10,21.88,116.5,35,94.6,18,69.3,153,1/3/25 0:00
19,Arizona,B12,21.79,119.3,17,97.5,33,71.5,50,1/3/25 0:00
20,Purdue,B10,21.75,122,8,100.2,75,65.8,307,1/3/25 0:00
21,Kentucky,SEC,21.51,120.8,11,99.3,58,72,43,1/3/25 0:00
22,Mississippi St.,SEC,21.42,119.5,14,98.1,40,68.8,172,1/3/25 0:00
23,Cincinnati,B12,21.27,113.8,56,92.5,5,66.6,269,1/3/25 0:00
24,Maryland,B10,21.21,115.5,41,94.2,11,70.8,81,1/3/25 0:00
25,Pittsburgh,ACC,21.09,119.2,18,98.1,42,69,166,1/3/25 0:00
26,Texas Tech,B12,20.76,119.8,13,99.1,56,67.7,223,1/3/25 0:00
27,Oregon,B10,20.34,117.6,29,97.3,31,69.9,118,1/3/25 0:00
28,Ohio St.,B10,20.32,118.3,24,98,36,68.9,167,1/3/25 0:00
29,Memphis,Amer,19.81,116.6,34,96.8,28,71.1,66,1/3/25 0:00
30,Clemson,ACC,19.5,116.2,37,96.7,26,66.5,273,1/3/25 0:00
31,Wisconsin,B10,19.07,119.4,16,100.3,78,68.7,181,1/3/25 0:00
32,Dayton,A10,18.94,118.6,22,99.6,64,66.6,266,1/3/25 0:00
33,Mississippi,SEC,18.94,117.1,30,98.2,44,68.9,168,1/3/25 0:00
34,BYU,B12,18.38,117.7,27,99.4,59,68.7,179,1/3/25 0:00
35,North Carolina,ACC,18.3,118,26,99.7,66,74.7,5,1/3/25 0:00
36,Texas,SEC,18.27,115.2,43,96.9,29,67.6,232,1/3/25 0:00
37,Arkansas,SEC,18.23,114.1,52,95.9,23,70.9,75,1/3/25 0:00
38,Penn St.,B10,17.93,116.8,32,98.9,50,73,17,1/3/25 0:00
39,Nebraska,B10,17.57,112,76,94.5,15,69.2,161,1/3/25 0:00
40,Utah St.,MWC,17.49,114.4,48,97,30,70.7,85,1/3/25 0:00
,,,,,Strength of Schedule,NCSOS,,,,1/3/25 0:00
Rk,Team,Conf,NetRtg,ORtg,DRtg,AdjT,Luck,NetRtg,ORtg,1/3/25 0:00
41,Oklahoma,SEC,17.45,117.6,28,100.2,74,68.3,199,1/3/25 0:00
42,San Diego St.,MWC,17.04,111.5,87,94.4,14,66.8,259,1/3/25 0:00
43,Northwestern,B10,16.99,112.5,67,95.5,21,65.8,311,1/3/25 0:00
44,SMU,ACC,16.98,118.8,20,101.8,92,71,72,1/3/25 0:00
45,Iowa,B10,16.92,118.7,21,101.8,93,72.7,23,1/3/25 0:00
46,West Virginia,B12,16.68,111.9,78,95.2,20,66.3,281,1/3/25 0:00
47,Saint Mary's,WCC,16.53,114.6,47,98.1,39,63.9,353,1/3/25 0:00
48,Georgia,SEC,16.33,113.9,54,97.6,34,67.7,224,1/3/25 0:00
49,VCU,A10,15.58,111.6,85,96,24,67.8,217,1/3/25 0:00
50,Vanderbilt,SEC,15.56,116.7,33,101.2,84,72.6,25,1/3/25 0:00
51,Xavier,BE,15.38,115.7,39,100.3,77,69.9,116,1/3/25 0:00
52,Villanova,BE,15.25,122.3,6,107,187,64.6,344,1/3/25 0:00
53,Creighton,BE,15.08,113.2,62,98.1,41,69.7,128,1/3/25 0:00
54,Louisville,ACC,14.93,114.4,49,99.5,63,69.2,159,1/3/25 0:00
55,Missouri,SEC,14.93,116.4,36,101.5,89,69.3,151,1/3/25 0:00
56,Indiana,B10,14.24,113.5,58,99.3,57,71.2,63,1/3/25 0:00
57,LSU,SEC,14.11,111.8,81,97.7,35,70.1,107,1/3/25 0:00
58,Boise St.,MWC,13.99,114.1,53,100.1,72,67.8,221,1/3/25 0:00
59,San Francisco,WCC,13.37,112.3,74,98.9,49,68.2,204,1/3/25 0:00
60,Arizona St.,B12,13.08,111.1,91,98,38,68.8,176,1/3/25 0:00
61,Nevada,MWC,13.07,114.3,51,101.2,85,64,351,1/3/25 0:00
62,New Mexico,MWC,12.22,113.9,55,101.7,90,74.8,4,1/3/25 0:00
63,South Carolina,SEC,12.15,111.5,86,99.4,60,66.6,268,1/3/25 0:00
64,Liberty,CUSA,12.03,110,110,98,37,64.5,347,1/3/25 0:00
65,UCF,B12,11.96,112.4,69,100.5,81,70.6,89,1/3/25 0:00
66,Georgetown,BE,11.89,110.2,107,98.3,45,69.5,140,1/3/25 0:00
67,Utah,B12,11.37,110.8,95,99.4,61,72.4,29,1/3/25 0:00
68,UC Irvine,BW,11.3,106.1,172,94.9,19,70.6,87,1/3/25 0:00
69,TCU,B12,11.04,107.7,143,96.7,27,68.1,206,1/3/25 0:00
70,Florida St.,ACC,10.97,111.1,90,100.2,73,70.9,78,1/3/25 0:00
71,Drake,MVC,10.81,110.6,98,99.8,69,61.3,364,1/3/25 0:00
72,Washington St.,WCC,10.8,110.5,99,99.7,68,72.4,31,1/3/25 0:00
73,St. Bonaventure,A10,10.77,109.8,111,99,54,65.8,308,1/3/25 0:00
74,Butler,BE,10.61,112.7,64,102.1,99,67.9,213,1/3/25 0:00
75,UC San Diego,BW,10.58,112,77,101.4,86,67.5,236,1/3/25 0:00
76,Rutgers,B10,10.47,112.4,68,102,97,71.5,51,1/3/25 0:00
77,Colorado,B12,10.43,109.4,117,99,53,68.4,196,1/3/25 0:00
78,McNeese,Slnd,10.39,110.4,102,100,70,65.6,318,1/3/25 0:00
79,USC,B10,10.32,110.7,96,100.4,80,68.8,170,1/3/25 0:00
80,North Texas,Amer,10.28,108.4,136,98.2,43,63.6,355,1/3/25 0:00
,,,,,Strength of Schedule,NCSOS,,,,1/3/25 0:00
Rk,Team,Conf,NetRtg,ORtg,DRtg,AdjT,Luck,NetRtg,ORtg,1/3/25 0:00
81,George Mason,A10,10.2,106.7,163,96.5,25,66.8,258,1/3/25 0:00
82,Santa Clara,WCC,10.17,115,44,104.9,137,69.5,137,1/3/25 0:00
83,N.C. State,ACC,9.54,112.1,75,102.6,106,66.7,265,1/3/25 0:00
84,Bradley,MVC,9.42,113.1,63,103.7,123,66.3,284,1/3/25 0:00
85,Oregon St.,WCC,9.23,111.7,83,102.5,105,65.6,317,1/3/25 0:00
86,Kansas St.,B12,9.11,110.5,100,101.4,87,69.2,160,1/3/25 0:00
87,Yale,Ivy,9.01,113.7,57,104.7,133,68.5,186,1/3/25 0:00
88,Saint Joseph's,A10,8.61,109,130,100.3,79,70.2,105,1/3/25 0:00
89,Providence,BE,8.52,108.8,134,100.2,76,65,340,1/3/25 0:00
90,Washington,B10,8.38,108.1,140,99.7,67,69.6,133,1/3/25 0:00
91,Notre Dame,ACC,8.15,113.2,61,105.1,141,66.1,294,1/3/25 0:00
92,Arkansas St.,SB,8.12,108.9,131,100.8,83,71.1,65,1/3/25 0:00
93,Wake Forest,ACC,8.03,105.3,187,97.3,32,67.2,249,1/3/25 0:00
94,Colorado St.,MWC,7.95,107,155,99.1,55,68.5,189,1/3/25 0:00
95,Lipscomb,ASun,7.95,109.4,119,101.4,88,67.3,246,1/3/25 0:00
96,UNLV,MWC,7.72,111.1,93,103.3,115,66.4,280,1/3/25 0:00
97,Stanford,ACC,7.54,112.4,71,104.8,134,68.1,205,1/3/25 0:00
98,Northern Iowa,MVC,7.53,111.8,82,104.2,130,65.8,310,1/3/25 0:00
99,Grand Canyon,WAC,7.26,106.9,157,99.7,65,73.6,12,1/3/25 0:00
100,Rhode Island,A10,7.15,109.3,120,102.2,100,72.4,33,1/3/25 0:00
101,Virginia,ACC,6.9,105.7,179,98.8,48,61.4,363,1/3/25 0:00
102,Wichita St.,Amer,6.86,109.2,124,102.3,102,71.7,48,1/3/25 0:00
103,DePaul,BE,6.66,110,109,103.4,116,69.5,138,1/3/25 0:00
104,Florida Atlantic,Amer,6.54,113.4,60,106.9,185,72.5,27,1/3/25 0:00
105,Furman,SC,6.38,108.8,133,102.4,103,65.9,306,1/3/25 0:00
106,Georgia Tech,ACC,6.04,109,128,103,113,70.9,76,1/3/25 0:00
107,Louisiana Tech,CUSA,5.98,109.4,116,103.5,117,65.8,309,1/3/25 0:00
108,Oklahoma St.,B12,5.82,107.6,146,101.8,91,72.4,34,1/3/25 0:00
109,Western Kentucky,CUSA,5.52,105.5,183,100,71,74.6,6,1/3/25 0:00
110,Troy,SB,4.97,106.8,159,101.9,95,67.3,242,1/3/25 0:00
111,Princeton,Ivy,4.96,111.1,92,106.1,169,68.8,175,1/3/25 0:00
112,Davidson,A10,4.82,111.5,88,106.6,178,66.9,253,1/3/25 0:00
113,Miami FL,ACC,4.69,115,45,110.3,253,67.7,229,1/3/25 0:00
114,Samford,SC,4.59,114.8,46,110.2,250,72,41,1/3/25 0:00
115,North Dakota St.,Sum,4.29,115.3,42,111,279,65.9,305,1/3/25 0:00
116,Kent St.,MAC,4.18,103.1,226,98.9,51,65.9,301,1/3/25 0:00
117,South Dakota St.,Sum,4.18,109.4,118,105.2,146,71,69,1/3/25 0:00
118,Loyola Chicago,A10,4.17,106.1,176,101.9,96,69.4,150,1/3/25 0:00
119,St. Thomas,Sum,4.14,112.6,65,108.4,217,69.6,132,1/3/25 0:00
120,High Point,BSth,3.93,114.3,50,110.3,255,66.3,282,1/3/25 0:00
,,,,,Strength of Schedule,NCSOS,,,,1/3/25 0:00
Rk,Team,Conf,NetRtg,ORtg,DRtg,AdjT,Luck,NetRtg,ORtg,1/3/25 0:00
121,Syracuse,ACC,3.78,110.2,106,106.4,175,71.2,60,1/3/25 0:00
122,Minnesota,B10,3.73,106.5,165,102.8,111,62.8,360,1/3/25 0:00
123,Charleston,CAA,3.62,106.8,160,103.2,114,73.1,16,1/3/25 0:00
124,Temple,Amer,3.36,107.3,152,103.9,128,70,114,1/3/25 0:00
125,Murray St.,MVC,2.9,107.8,141,104.9,140,66,299,1/3/25 0:00
126,Saint Louis,A10,2.75,111.8,80,109.1,226,68.4,193,1/3/25 0:00
127,East Tennessee St.,SC,2.74,109.3,122,106.5,176,67.6,235,1/3/25 0:00
128,South Alabama,SB,2.67,106.2,171,103.5,119,64.4,349,1/3/25 0:00
129,Middle Tennessee,CUSA,2.58,106.9,158,104.3,131,69.7,129,1/3/25 0:00
130,UMass Lowell,AE,2.41,111.7,84,109.3,232,72.1,39,1/3/25 0:00
131,California,ACC,2.34,111.8,79,109.5,235,69.5,139,1/3/25 0:00
132,UTEP,CUSA,2.3,104.7,198,102.4,104,69.6,131,1/3/25 0:00
133,UAB,Amer,2.25,113.5,59,111.3,284,70.9,79,1/3/25 0:00
134,Loyola Marymount,WCC,2.24,104.4,203,102.2,101,68.8,174,1/3/25 0:00
135,Akron,MAC,2.14,107.4,149,105.3,149,72.2,37,1/3/25 0:00
136,Texas St.,SB,1.88,109.1,127,107.2,193,65.6,319,1/3/25 0:00
137,UC Santa Barbara,BW,1.85,107.5,148,105.6,155,65.7,314,1/3/25 0:00
138,Belmont,MVC,1.69,110.6,97,108.9,225,72.4,32,1/3/25 0:00
139,CSUN,BW,1.69,105.4,185,103.7,125,73.5,13,1/3/25 0:00
140,Purdue Fort Wayne,Horz,1.67,112.3,72,110.6,264,68.6,184,1/3/25 0:00
141,UNC Greensboro,SC,1.47,104.9,194,103.5,118,65.4,329,1/3/25 0:00
142,George Washington,A10,1.37,106.7,162,105.4,150,69.3,155,1/3/25 0:00
143,Sam Houston St.,CUSA,1.26,112.3,73,111,278,69.8,125,1/3/25 0:00
144,Wofford,SC,1.08,110.5,101,109.4,234,65.3,331,1/3/25 0:00
145,Seattle,WAC,1.07,107.7,144,106.6,177,67.7,227,1/3/25 0:00
146,Seton Hall,BE,1.02,100,294,99,52,63.9,352,1/3/25 0:00
147,Illinois St.,MVC,1,110.2,103,109.2,230,66.1,297,1/3/25 0:00
148,Cornell,Ivy,0.96,111.4,89,110.5,257,72.2,36,1/3/25 0:00
149,Elon,CAA,0.91,107.1,153,106.2,170,65.7,316,1/3/25 0:00
150,UNC Wilmington,CAA,0.85,108.3,137,107.5,201,67.8,220,1/3/25 0:00
151,Florida Gulf Coast,ASun,0.83,107.1,154,106.2,172,65.6,321,1/3/25 0:00
152,James Madison,SB,0.79,108.9,132,108.1,211,66.8,257,1/3/25 0:00
153,Northern Colorado,BSky,0.64,109.6,115,108.9,224,71.3,56,1/3/25 0:00
154,Norfolk St.,MEAC,0.5,108.2,138,107.7,203,66.4,278,1/3/25 0:00
155,Duquesne,A10,0.38,103.1,228,102.7,109,65,338,1/3/25 0:00
156,Virginia Tech,ACC,0.37,106.1,174,105.7,158,65.5,324,1/3/25 0:00
157,UC Riverside,BW,0.37,105.5,184,105.1,143,68.2,203,1/3/25 0:00
158,Milwaukee,Horz,0.34,108.1,139,107.7,204,70,111,1/3/25 0:00
159,Jacksonville St.,CUSA,0.1,110.8,94,110.7,267,66.4,276,1/3/25 0:00
160,UT Arlington,WAC,0.06,109.7,113,109.6,236,71.2,64,1/3/25 0:00
,,,,,Strength of Schedule,NCSOS,,,,1/3/25 0:00
Rk,Team,Conf,NetRtg,ORtg,DRtg,AdjT,Luck,NetRtg,ORtg,1/3/25 0:00
161,Ohio,MAC,-0.02,109.1,125,109.1,227,70.9,77,1/3/25 0:00
162,Wyoming,MWC,-0.11,105.1,190,105.2,147,66,300,1/3/25 0:00
163,Cal Baptist,WAC,-0.15,109.8,112,109.9,242,66.6,270,1/3/25 0:00
164,La Salle,A10,-0.2,104.9,196,105.1,142,71.9,44,1/3/25 0:00
165,Utah Valley,WAC,-0.28,102.5,245,102.7,110,69.8,123,1/3/25 0:00
166,Columbia,Ivy,-0.29,110.2,105,110.5,259,69,165,1/3/25 0:00
167,Boston College,ACC,-0.51,106.3,170,106.9,183,67.7,228,1/3/25 0:00
168,Illinois Chicago,MVC,-0.76,107.6,147,108.4,216,70,115,1/3/25 0:00
169,Winthrop,BSth,-0.77,106,177,106.8,182,73.9,10,1/3/25 0:00
170,North Alabama,ASun,-0.77,107.3,151,108.1,210,68.4,191,1/3/25 0:00
171,Northeastern,CAA,-0.83,104,211,104.9,136,69.5,143,1/3/25 0:00
172,Montana St.,BSky,-0.84,106.1,173,107,186,68.2,201,1/3/25 0:00
173,Wright St.,Horz,-0.94,109.1,126,110,247,68,212,1/3/25 0:00
174,Rice,Amer,-1.06,102.7,237,103.8,126,66.5,274,1/3/25 0:00
175,South Florida,Amer,-1.23,106.5,166,107.8,205,69.7,127,1/3/25 0:00
176,East Carolina,Amer,-1.36,105,192,106.3,174,66.9,255,1/3/25 0:00
177,Indiana St.,MVC,-1.49,110.1,108,111.6,288,74.4,8,1/3/25 0:00
178,UNC Asheville,BSth,-1.5,109,129,110.5,258,67.4,241,1/3/25 0:00
179,Hawaii,BW,-1.51,104.3,208,105.8,159,66,298,1/3/25 0:00
180,Texas A&M Corpus Chris,Slnd,-1.53,106.8,161,108.3,215,70.1,108,1/3/25 0:00
181,Montana,BSky,-1.56,108.7,135,110.2,249,69.6,130,1/3/25 0:00
182,Longwood,BSth,-1.58,103.7,215,105.2,148,70.1,109,1/3/25 0:00
183,Chattanooga,SC,-1.59,109.2,123,110.8,273,67.8,218,1/3/25 0:00
184,Miami OH,MAC,-1.6,105.1,189,106.7,180,69.6,134,1/3/25 0:00
185,Jacksonville,ASun,-1.61,102,251,103.6,121,69.4,149,1/3/25 0:00
186,Tulane,Amer,-1.72,104.5,200,106.2,173,69.3,152,1/3/25 0:00
187,Lamar,Slnd,-1.73,103.2,224,104.9,139,67.4,240,1/3/25 0:00
188,Appalachian St.,SB,-1.78,101.9,256,103.6,122,65.3,330,1/3/25 0:00
189,Merrimack,MAAC,-1.87,102,252,103.9,127,65.7,315,1/3/25 0:00
190,Oakland,Horz,-1.98,105.4,186,107.4,199,63.4,359,1/3/25 0:00
191,Youngstown St.,Horz,-2.3,98.3,319,100.6,82,70.6,92,1/3/25 0:00
192,Drexel,CAA,-2.31,103.1,227,105.4,152,64.8,341,1/3/25 0:00
193,Marshall,SB,-2.36,104.4,206,106.8,181,70.4,99,1/3/25 0:00
194,Cleveland St.,Horz,-2.6,102.6,240,105.2,145,67.6,231,1/3/25 0:00
195,William & Mary,CAA,-2.71,110.2,104,112.9,313,72.3,35,1/3/25 0:00
196,New Mexico St.,CUSA,-2.82,103.3,222,106.2,171,67.6,230,1/3/25 0:00
197,Northern Kentucky,Horz,-2.94,99.7,300,102.6,107,66.3,286,1/3/25 0:00
198,North Florida,ASun,-2.99,112.4,70,115.4,345,72.9,22,1/3/25 0:00
199,Brown,Ivy,-3.01,104.9,195,107.9,209,65.8,312,1/3/25 0:00
200,Valparaiso,MVC,-3.11,107.6,145,110.7,269,69.5,142,1/3/25 0:00
,,,,,Strength of Schedule,NCSOS,,,,1/3/25 0:00
Rk,Team,Conf,NetRtg,ORtg,DRtg,AdjT,Luck,NetRtg,ORtg,1/3/25 0:00
201,San Jose St.,MWC,-3.19,106.1,175,109.3,231,66.4,279,1/3/25 0:00
202,Radford,BSth,-3.35,106.6,164,109.9,245,65.3,332,1/3/25 0:00
203,Hofstra,CAA,-3.42,99.2,305,102.7,108,65.5,323,1/3/25 0:00
204,Missouri St.,MVC,-3.47,102.6,242,106,166,65.2,335,1/3/25 0:00
205,Eastern Kentucky,ASun,-3.53,107.4,150,111,276,69.5,141,1/3/25 0:00
206,Stephen F. Austin,Slnd,-3.64,94.7,353,98.4,47,67.3,243,1/3/25 0:00
207,Bryant,AE,-3.72,104.4,205,108.2,212,75.4,2,1/3/25 0:00
208,Pepperdine,WCC,-3.79,103.3,223,107.1,190,70.5,94,1/3/25 0:00
209,Massachusetts,A10,-3.79,103.6,216,107.4,200,72.2,38,1/3/25 0:00
210,Little Rock,OVC,-3.8,98.2,323,102,98,67.7,226,1/3/25 0:00
211,Saint Peter's,MAAC,-3.82,101.8,259,105.6,156,63.5,357,1/3/25 0:00
212,Towson,CAA,-3.84,101,274,104.8,135,63.6,356,1/3/25 0:00
213,Southern Utah,WAC,-3.88,104.8,197,108.7,220,70.3,100,1/3/25 0:00
214,Central Connecticut,NEC,-3.9,100.3,287,104.2,129,66.1,292,1/3/25 0:00
215,Kennesaw St.,CUSA,-4.05,104.1,209,108.2,213,72.9,21,1/3/25 0:00
216,Toledo,MAC,-4.16,109.3,121,113.5,321,71.1,67,1/3/25 0:00
217,Kansas City,Sum,-4.34,102.3,248,106.6,179,65.8,313,1/3/25 0:00
218,Central Michigan,MAC,-4.49,101.6,262,106.1,168,69.8,120,1/3/25 0:00
219,Nicholls,Slnd,-4.69,102.5,244,107.2,192,69.6,135,1/3/25 0:00
220,Fordham,A10,-4.72,102.6,241,107.3,197,71.7,47,1/3/25 0:00
221,Marist,MAAC,-4.79,102.5,243,107.3,196,64.5,346,1/3/25 0:00
222,UT Rio Grande Valley,Slnd,-4.93,105.8,178,110.7,268,71.4,55,1/3/25 0:00
223,Southern Illinois,MVC,-5.06,101.8,258,106.9,184,70.3,101,1/3/25 0:00
224,Charlotte,Amer,-5.2,106.4,169,111.6,289,66.6,271,1/3/25 0:00
225,Maine,AE,-5.22,100.3,286,105.6,154,68.4,194,1/3/25 0:00
226,Mercer,SC,-5.32,104.4,207,109.7,238,72.4,30,1/3/25 0:00
227,Southeastern Louisiana,Slnd,-5.45,98.2,321,103.7,124,69,164,1/3/25 0:00
228,South Carolina St.,MEAC,-5.46,100.4,283,105.9,164,69.1,163,1/3/25 0:00
229,Mount St. Mary's,MAAC,-5.5,100.4,285,105.8,163,69.4,145,1/3/25 0:00
230,Abilene Christian,WAC,-5.6,100.2,288,105.8,162,69.7,126,1/3/25 0:00
231,UMBC,AE,-5.65,106.4,168,112,297,72.5,26,1/3/25 0:00
232,Delaware,CAA,-5.65,107.8,142,113.5,320,71,68,1/3/25 0:00
233,Albany,AE,-5.83,105.3,188,111.1,280,70.5,97,1/3/25 0:00
234,Idaho St.,BSky,-5.87,101.4,265,107.3,198,66.3,285,1/3/25 0:00
235,Presbyterian,BSth,-5.88,104.5,202,110.3,254,65.2,336,1/3/25 0:00
236,UTSA,Amer,-5.88,104,210,109.9,244,72.9,19,1/3/25 0:00
237,UC Davis,BW,-5.9,97,341,102.9,112,71.4,54,1/3/25 0:00
238,Gardner Webb,BSth,-5.91,103.9,212,109.8,239,70.8,83,1/3/25 0:00
239,Richmond,A10,-5.95,102.8,233,108.7,221,67.3,245,1/3/25 0:00
240,Vermont,AE,-6.23,98.4,317,104.6,132,64.5,345,1/3/25 0:00
,,,,,Strength of Schedule,NCSOS,,,,1/3/25 0:00
Rk,Team,Conf,NetRtg,ORtg,DRtg,AdjT,Luck,NetRtg,ORtg,1/3/25 0:00
241,Cal Poly,BW,-6.24,105,193,111.2,282,76.9,1,1/3/25 0:00
242,Hampton,CAA,-6.31,102.8,230,109.1,228,66.8,261,1/3/25 0:00
243,Robert Morris,Horz,-6.32,99.6,301,105.9,165,70.2,106,1/3/25 0:00
244,Quinnipiac,MAAC,-6.35,100.9,279,107.2,194,71.4,52,1/3/25 0:00
245,Cal St. Bakersfield,BW,-6.49,102.8,235,109.2,229,65.4,326,1/3/25 0:00
246,South Dakota,Sum,-6.73,109.6,114,116.3,353,74.2,9,1/3/25 0:00
247,Georgia Southern,SB,-6.85,101.3,267,108.2,214,72.9,20,1/3/25 0:00
248,Portland St.,BSky,-6.85,103,229,109.8,240,71.4,53,1/3/25 0:00
249,Lehigh,PL,-6.85,103.7,214,110.6,263,68.2,202,1/3/25 0:00
250,Idaho,BSky,-7,107,156,114,328,67.1,252,1/3/25 0:00
251,Weber St.,BSky,-7.01,104.5,201,111.5,287,66.2,291,1/3/25 0:00
252,FIU,CUSA,-7.06,97.8,332,104.9,138,71,70,1/3/25 0:00
253,Southern,SWAC,-7.09,98.7,315,105.7,157,69.4,148,1/3/25 0:00
254,Bethune Cookman,SWAC,-7.46,98.4,318,105.8,161,70,112,1/3/25 0:00
255,Monmouth,CAA,-7.65,103.6,217,111.2,283,68,209,1/3/25 0:00
256,Ball St.,MAC,-7.86,102.7,239,110.5,260,67.3,247,1/3/25 0:00
257,Bucknell,PL,-7.93,95.7,346,103.6,120,69.2,158,1/3/25 0:00
258,Boston University,PL,-7.94,101,276,108.9,223,63.5,358,1/3/25 0:00
259,Harvard,Ivy,-7.94,100,295,107.9,206,67.7,225,1/3/25 0:00
260,SIUE,OVC,-8.01,100.7,281,108.7,219,66.5,275,1/3/25 0:00
261,Southeast Missouri,OVC,-8.14,98.9,312,107,188,71,71,1/3/25 0:00
262,Colgate,PL,-8.19,101.7,261,109.9,241,66.7,264,1/3/25 0:00
263,Austin Peay,ASun,-8.3,97.7,334,106,167,65.4,328,1/3/25 0:00
264,Tulsa,Amer,-8.36,101.9,255,110.3,251,68.8,177,1/3/25 0:00
265,Queens,ASun,-8.37,102,253,110.4,256,70.9,73,1/3/25 0:00
266,Manhattan,MAAC,-8.38,105.7,180,114.1,329,70.2,103,1/3/25 0:00
267,Northwestern St.,Slnd,-8.4,101.3,271,109.7,237,65.2,334,1/3/25 0:00
268,American,PL,-8.45,103.4,220,111.8,295,64.4,348,1/3/25 0:00
269,Alabama St.,SWAC,-8.51,104.4,204,112.9,314,70.4,98,1/3/25 0:00
270,Eastern Washington,BSky,-8.6,106.5,167,115.1,342,68.5,185,1/3/25 0:00
271,Northern Arizona,BSky,-8.7,104.6,199,113.3,318,68,210,1/3/25 0:00
272,Siena,MAAC,-8.84,99.8,298,108.6,218,65.4,327,1/3/25 0:00
273,Fresno St.,MWC,-8.89,98.3,320,107.1,191,74.9,3,1/3/25 0:00
274,Iona,MAAC,-8.97,99,310,107.9,208,69.8,119,1/3/25 0:00
275,Lafayette,PL,-9.13,98.1,326,107.2,195,67.3,248,1/3/25 0:00
276,Incarnate Word,Slnd,-9.15,105.7,181,114.8,334,66.9,256,1/3/25 0:00
277,Campbell,CAA,-9.4,98.5,316,107.9,207,67.9,216,1/3/25 0:00
278,Charleston Southern,BSth,-9.49,101.2,273,110.7,266,69.8,124,1/3/25 0:00
279,San Diego,WCC,-9.5,95.9,345,105.4,151,71.9,45,1/3/25 0:00
280,Western Michigan,MAC,-9.51,102.3,246,111.9,296,67.7,222,1/3/25 0:00
,,,,,Strength of Schedule,NCSOS,,,,1/3/25 0:00
Rk,Team,Conf,NetRtg,ORtg,DRtg,AdjT,Luck,NetRtg,ORtg,1/3/25 0:00
281,Evansville,MVC,-9.71,97.3,338,107,189,67.6,234,1/3/25 0:00
282,Dartmouth,Ivy,-9.76,99,307,108.8,222,71.3,58,1/3/25 0:00
283,Bowling Green,MAC,-9.91,102.8,234,112.7,308,71.2,62,1/3/25 0:00
284,Pacific,WCC,-9.94,101.4,266,111.4,286,68.4,195,1/3/25 0:00
285,Coastal Carolina,SB,-9.94,100.8,280,110.8,271,64,350,1/3/25 0:00
286,Howard,MEAC,-9.96,105,191,115,339,68.7,180,1/3/25 0:00
287,Nebraska Omaha,Sum,-10.04,102.8,232,112.8,311,68,211,1/3/25 0:00
288,Southern Miss,SB,-10.05,100,293,110,248,69.3,157,1/3/25 0:00
289,Sacred Heart,MAAC,-10.06,102,250,112.1,300,70.2,104,1/3/25 0:00
290,Tennessee Martin,OVC,-10.08,97.4,336,107.5,202,68,207,1/3/25 0:00
291,Louisiana,SB,-10.38,102.3,247,112.7,309,68.5,190,1/3/25 0:00
292,Morehead St.,OVC,-10.38,101.3,268,111.7,294,67.1,251,1/3/25 0:00
293,Jackson St.,SWAC,-10.5,94.7,354,105.2,144,70.8,82,1/3/25 0:00
294,Air Force,MWC,-10.5,100.1,289,110.6,265,64.7,343,1/3/25 0:00
295,Long Beach St.,BW,-10.77,101.8,260,112.5,304,65.3,333,1/3/25 0:00
296,Tarleton St.,WAC,-10.84,95,350,105.8,160,66.4,277,1/3/25 0:00
297,Stonehill,NEC,-10.91,101.3,269,112.2,302,66.2,288,1/3/25 0:00
298,Utah Tech,WAC,-11.19,101.2,272,112.4,303,68.5,188,1/3/25 0:00
299,Navy,PL,-11.2,102.2,249,113.4,319,69.3,156,1/3/25 0:00
300,North Dakota,Sum,-11.23,105.6,182,116.8,354,69.4,147,1/3/25 0:00
301,Army,PL,-11.44,101.5,264,112.9,312,68.8,178,1/3/25 0:00
302,Loyola MD,PL,-11.54,99.4,304,110.9,275,68.8,173,1/3/25 0:00
303,North Carolina Central,MEAC,-11.56,103.5,219,115.1,341,66.9,254,1/3/25 0:00
304,Grambling St.,SWAC,-11.67,100,291,111.7,293,66.5,272,1/3/25 0:00
305,Oral Roberts,Sum,-11.72,103.4,221,115.1,344,69.3,154,1/3/25 0:00
306,Georgia St.,SB,-11.78,98.8,313,110.5,261,69.9,117,1/3/25 0:00
307,Penn,Ivy,-11.84,101.8,257,113.7,324,66.3,287,1/3/25 0:00
308,Holy Cross,PL,-12.03,103.5,218,115.5,347,65.9,303,1/3/25 0:00
309,Texas Southern,SWAC,-12.32,97.1,340,109.4,233,71.6,49,1/3/25 0:00
310,Cal St. Fullerton,BW,-12.32,99,308,111.3,285,65.4,325,1/3/25 0:00
311,Detroit Mercy,Horz,-12.4,98.2,324,110.6,262,68.5,187,1/3/25 0:00
312,Niagara,MAAC,-12.41,102,254,114.4,332,65,339,1/3/25 0:00
313,North Carolina A&T,CAA,-12.49,101.6,263,114.1,330,73.4,14,1/3/25 0:00
314,Fairfield,MAAC,-12.49,103.8,213,116.3,352,67.3,244,1/3/25 0:00
315,Wagner,NEC,-12.72,92.7,361,105.4,153,62.2,362,1/3/25 0:00
316,Eastern Michigan,MAC,-12.74,100.9,278,113.6,322,68.4,192,1/3/25 0:00
317,Binghamton,AE,-12.91,98.2,322,111.1,281,66.1,295,1/3/25 0:00
318,Delaware St.,MEAC,-12.92,98.1,327,111,277,70.5,93,1/3/25 0:00
319,Portland,WCC,-12.94,100,292,113,315,70,113,1/3/25 0:00
320,Tennessee Tech,OVC,-13.12,99.5,302,112.6,306,69.5,144,1/3/25 0:00
,,,,,Strength of Schedule,NCSOS,,,,1/3/25 0:00
Rk,Team,Conf,NetRtg,ORtg,DRtg,AdjT,Luck,NetRtg,ORtg,1/3/25 0:00
321,Rider,MAAC,-13.14,100.1,290,113.2,317,64.8,342,1/3/25 0:00
322,Eastern Illinois,OVC,-13.66,96.3,342,110,246,67.8,219,1/3/25 0:00
323,Tennessee St.,OVC,-13.68,98,331,111.6,290,72.1,40,1/3/25 0:00
324,Old Dominion,SB,-13.75,98.9,311,112.7,307,68.9,169,1/3/25 0:00
325,Denver,Sum,-13.94,101,275,114.9,336,67.5,237,1/3/25 0:00
326,Saint Francis,NEC,-14.19,99.7,299,113.9,325,69.4,146,1/3/25 0:00
327,Southern Indiana,OVC,-14.21,97.4,335,111.6,291,67.9,215,1/3/25 0:00
328,Fairleigh Dickinson,NEC,-14.22,102.8,231,117,355,70.5,95,1/3/25 0:00
329,Stony Brook,CAA,-14.48,100.5,282,115,338,66.8,260,1/3/25 0:00
330,Green Bay,Horz,-14.69,101.3,270,116,349,71.2,61,1/3/25 0:00
331,Western Carolina,SC,-14.9,95,348,109.9,243,72.7,24,1/3/25 0:00
332,Buffalo,MAC,-14.94,99,309,113.9,326,70.9,74,1/3/25 0:00
333,LIU,NEC,-15.31,95,349,110.3,252,68.3,197,1/3/25 0:00
334,Central Arkansas,ASun,-15.47,96.2,343,111.7,292,68.6,183,1/3/25 0:00
335,VMI,SC,-15.6,99.9,296,115.5,346,68.2,200,1/3/25 0:00
336,Prairie View A&M,SWAC,-15.61,103.1,225,118.7,359,72,42,1/3/25 0:00
337,Western Illinois,OVC,-15.63,100.4,284,116,350,63.8,354,1/3/25 0:00
338,Louisiana Monroe,SB,-15.84,97.2,339,113.1,316,68.3,198,1/3/25 0:00
339,Lindenwood,OVC,-15.88,94.9,351,110.7,270,70.1,110,1/3/25 0:00
340,West Georgia,ASun,-15.88,98.1,328,113.9,327,67.9,214,1/3/25 0:00
341,Le Moyne,NEC,-16.29,97.3,337,113.6,323,70.6,88,1/3/25 0:00
342,Sacramento St.,BSky,-16.32,94.5,356,110.8,272,66.1,293,1/3/25 0:00
343,Alcorn St.,SWAC,-16.54,99.1,306,115.6,348,66.6,267,1/3/25 0:00
344,New Orleans,Slnd,-16.65,98,330,114.6,333,70.3,102,1/3/25 0:00
345,IU Indy,Horz,-16.98,102.7,236,119.7,360,66.3,283,1/3/25 0:00
346,Houston Christian,Slnd,-17.05,98,329,115.1,340,65.9,304,1/3/25 0:00
347,USC Upstate,BSth,-17.29,97.8,333,115.1,343,73.7,11,1/3/25 0:00
348,Morgan St.,MEAC,-17.33,100.9,277,118.2,358,71.8,46,1/3/25 0:00
349,Northern Illinois,MAC,-17.72,94.8,352,112.5,305,70.6,90,1/3/25 0:00
350,Stetson,ASun,-17.92,99.5,303,117.4,356,69.8,122,1/3/25 0:00
351,Florida A&M,SWAC,-17.94,92.9,358,110.8,274,70.6,86,1/3/25 0:00
352,East Texas A&M,Slnd,-17.95,94.1,357,112,299,69.8,121,1/3/25 0:00
353,Bellarmine,ASun,-17.99,102.7,238,120.7,363,67.4,239,1/3/25 0:00
354,Mercyhurst,NEC,-18.85,96.1,344,114.9,337,65.2,337,1/3/25 0:00
355,Maryland Eastern Shore,MEAC,-19.19,98.8,314,118,357,68,208,1/3/25 0:00
356,NJIT,AE,-19.3,92.7,360,112,298,65.9,302,1/3/25 0:00
357,The Citadel,SC,-19.86,95,347,114.9,335,65.5,322,1/3/25 0:00
358,Canisius,MAAC,-20.06,99.9,297,119.9,361,66.1,296,1/3/25 0:00
359,New Hampshire,AE,-21.3,92.8,359,114.1,331,69.1,162,1/3/25 0:00
360,Alabama A&M,SWAC,-21.41,94.6,355,116.1,351,72.5,28,1/3/25 0:00
,,,,,Strength of Schedule,NCSOS,,,,1/3/25 0:00
Rk,Team,Conf,NetRtg,ORtg,DRtg,AdjT,Luck,NetRtg,ORtg,1/3/25 0:00
361,Chicago St.,NEC,-22.07,90.7,362,112.8,310,70.8,84,1/3/25 0:00
362,Coppin St.,MEAC,-24.22,88,363,112.2,301,67.6,233,1/3/25 0:00
363,Arkansas Pine Bluff,SWAC,-24.64,98.1,325,122.7,364,73.1,15,1/3/25 0:00
364,Mississippi Valley St.,SWAC,-33.93,86.4,364,120.3,362,66.2,290,1/3/25 0:00
1,Auburn,SEC,36.33,130.7,1,94.3,13,68.7,172,1/4/25 0:00
2,Duke,ACC,32.74,121.1,11,88.4,3,66.6,262,1/4/25 0:00
3,Tennessee,SEC,30.95,118.9,19,87.9,2,66.1,289,1/4/25 0:00
4,Houston,B12,30.81,118.5,22,87.7,1,62.7,360,1/4/25 0:00
5,Iowa St.,B12,29.49,124,3,94.6,18,70.4,95,1/4/25 0:00
6,Florida,SEC,27.31,121.8,9,94.5,16,70.7,81,1/4/25 0:00
7,Gonzaga,WCC,27.23,123,5,95.8,22,71.1,60,1/4/25 0:00
8,Illinois,B10,26.17,119.5,16,93.3,8,72.8,20,1/4/25 0:00
9,Marquette,BE,25.86,119.9,13,94,11,68.6,179,1/4/25 0:00
10,Alabama,SEC,24.83,123.1,4,98.3,46,74.4,7,1/4/25 0:00
11,Michigan,B10,23.55,117.8,25,94.3,12,71.2,56,1/4/25 0:00
12,Kansas,B12,23.45,117.1,29,93.7,9,69.4,137,1/4/25 0:00
13,Michigan St.,B10,22.9,116.2,36,93.3,7,69.2,151,1/4/25 0:00
14,Connecticut,BE,22.89,124.8,2,101.9,95,65.5,317,1/4/25 0:00
15,Baylor,B12,22.76,122.2,6,99.5,63,67,249,1/4/25 0:00
16,Texas A&M,SEC,22.63,115.5,39,92.8,6,67.4,238,1/4/25 0:00
17,UCLA,B10,22.59,112.5,66,89.9,4,66.6,261,1/4/25 0:00
18,St. John's,BE,22.13,116,38,93.8,10,70.4,93,1/4/25 0:00
19,Arizona,B12,21.96,119.3,17,97.3,33,71.4,51,1/4/25 0:00
20,Purdue,B10,21.72,121.9,8,100.2,75,65.7,309,1/4/25 0:00
21,Kentucky,SEC,21.45,120.8,12,99.4,60,71.8,43,1/4/25 0:00
22,Mississippi St.,SEC,21.43,119.5,15,98.1,42,68.7,174,1/4/25 0:00
23,Cincinnati,B12,21.19,113.8,56,92.6,5,66.5,267,1/4/25 0:00
24,Pittsburgh,ACC,21.18,119.2,18,98.1,41,68.8,167,1/4/25 0:00
25,Wisconsin,B10,21.06,121.5,10,100.4,80,68.9,166,1/4/25 0:00
26,Maryland,B10,21.03,115.4,40,94.4,14,70.7,83,1/4/25 0:00
27,Texas Tech,B12,20.65,119.8,14,99.2,55,67.7,221,1/4/25 0:00
28,Oregon,B10,20.37,117.6,28,97.2,32,69.8,118,1/4/25 0:00
29,Memphis,Amer,19.88,116.6,34,96.8,28,70.9,66,1/4/25 0:00
30,Ohio St.,B10,19.5,116.9,31,97.4,35,68.8,169,1/4/25 0:00
31,Clemson,ACC,19.49,116.1,37,96.6,26,66.4,274,1/4/25 0:00
32,Mississippi,SEC,18.98,117.1,30,98.1,43,68.8,168,1/4/25 0:00
33,Dayton,A10,18.87,118.5,23,99.6,65,66.5,268,1/4/25 0:00
34,BYU,B12,18.38,117.7,26,99.3,58,68.6,181,1/4/25 0:00
35,North Carolina,ACC,18.35,118,24,99.7,67,74.6,4,1/4/25 0:00
36,Arkansas,SEC,18.24,114.1,52,95.9,23,70.8,75,1/4/25 0:00
37,Texas,SEC,18.12,115.2,42,97.1,30,67.5,227,1/4/25 0:00
38,Penn St.,B10,17.86,116.8,32,98.9,51,72.9,18,1/4/25 0:00
39,Nebraska,B10,17.66,112.1,75,94.5,17,69,160,1/4/25 0:00
40,Oklahoma,SEC,17.45,117.6,27,100.2,76,68.2,196,1/4/25 0:00
,,,,,Strength of Schedule,NCSOS,,,,1/4/25 0:00
Rk,Team,Conf,NetRtg,ORtg,DRtg,AdjT,Luck,NetRtg,ORtg,1/4/25 0:00
41,Utah St.,MWC,17.37,114.3,49,96.9,29,70.6,84,1/4/25 0:00
42,San Diego St.,MWC,17.07,111.5,88,94.4,15,66.7,259,1/4/25 0:00
43,SMU,ACC,16.98,118.8,21,101.8,92,70.9,72,1/4/25 0:00
44,Northwestern,B10,16.87,112.3,72,95.5,21,65.6,312,1/4/25 0:00
45,West Virginia,B12,16.74,112,78,95.2,20,66.1,288,1/4/25 0:00
46,Saint Mary's,WCC,16.53,114.7,46,98.1,45,63.8,352,1/4/25 0:00
47,Georgia,SEC,16.32,113.9,54,97.6,36,67.6,224,1/4/25 0:00
48,VCU,A10,15.58,111.6,85,96,24,67.7,216,1/4/25 0:00
49,Vanderbilt,SEC,15.54,116.7,33,101.1,85,72.5,25,1/4/25 0:00
50,Creighton,BE,15.27,113.2,62,97.9,38,69.8,119,1/4/25 0:00
51,Villanova,BE,15.17,122.2,7,107,191,64.5,345,1/4/25 0:00
52,Missouri,SEC,15.02,116.4,35,101.4,89,69.3,147,1/4/25 0:00
53,Louisville,ACC,14.96,114.4,48,99.4,62,69.1,159,1/4/25 0:00
54,Iowa,B10,14.85,118.9,20,104,128,72.9,17,1/4/25 0:00
55,Xavier,BE,14.77,114.6,47,99.8,70,69.7,120,1/4/25 0:00
56,Indiana,B10,14.24,113.5,58,99.3,56,71.1,62,1/4/25 0:00
57,LSU,SEC,14.11,111.8,82,97.7,37,70,107,1/4/25 0:00
58,Boise St.,MWC,14.01,114,53,100,73,67.6,222,1/4/25 0:00
59,San Francisco,WCC,13.61,112.4,71,98.8,48,68,201,1/4/25 0:00
60,Nevada,MWC,13.33,114.2,51,100.9,84,63.7,353,1/4/25 0:00
61,Arizona St.,B12,13.09,111.1,91,98,40,68.7,177,1/4/25 0:00
62,Georgetown,BE,12.26,109.5,117,97.2,31,69.4,138,1/4/25 0:00
63,South Carolina,SEC,12.1,111.5,86,99.4,61,66.5,266,1/4/25 0:00
64,UCF,B12,12.09,112.4,70,100.3,78,70.4,91,1/4/25 0:00
65,Liberty,CUSA,12.02,110,108,98,39,64.4,347,1/4/25 0:00
66,New Mexico,MWC,11.99,113.5,57,101.5,90,74.6,5,1/4/25 0:00
67,UC Irvine,BW,11.31,106.1,172,94.8,19,70.5,87,1/4/25 0:00
68,Utah,B12,11.2,110.5,99,99.3,59,72.3,30,1/4/25 0:00
69,TCU,B12,11.01,107.8,143,96.7,27,68,206,1/4/25 0:00
70,Florida St.,ACC,11,111.1,92,100.1,74,70.8,78,1/4/25 0:00
71,Drake,MVC,10.8,110.6,98,99.7,69,61.2,364,1/4/25 0:00
72,Butler,BE,10.75,112.7,64,102,96,67.8,212,1/4/25 0:00
73,St. Bonaventure,A10,10.75,109.7,111,99,52,65.7,307,1/4/25 0:00
74,Washington St.,WCC,10.71,110.4,101,99.7,68,72.3,32,1/4/25 0:00
75,UC San Diego,BW,10.57,111.9,80,101.4,87,67.4,235,1/4/25 0:00
76,Colorado,B12,10.47,109.5,116,99,53,68.3,194,1/4/25 0:00
77,McNeese,Slnd,10.39,110.3,102,99.9,72,65.5,320,1/4/25 0:00
78,USC,B10,10.31,110.7,95,100.4,81,68.7,173,1/4/25 0:00
79,Santa Clara,WCC,10.29,115.1,43,104.8,137,69.4,136,1/4/25 0:00
80,North Texas,Amer,10.27,108.4,135,98.1,44,63.5,355,1/4/25 0:00
,,,,,Strength of Schedule,NCSOS,,,,1/4/25 0:00
Rk,Team,Conf,NetRtg,ORtg,DRtg,AdjT,Luck,NetRtg,ORtg,1/4/25 0:00
81,Rutgers,B10,10.21,112.4,68,102.2,100,71.5,50,1/4/25 0:00
82,George Mason,A10,10.19,106.7,162,96.5,25,66.7,258,1/4/25 0:00
83,N.C. State,ACC,9.51,112.1,76,102.5,104,66.5,265,1/4/25 0:00
84,Bradley,MVC,9.45,113.1,63,103.6,124,66.2,284,1/4/25 0:00
85,Oregon St.,WCC,9.25,111.7,83,102.5,103,65.5,319,1/4/25 0:00
86,Kansas St.,B12,9.06,110.4,100,101.4,86,69,161,1/4/25 0:00
87,Yale,Ivy,9.06,113.9,55,104.8,135,68.4,185,1/4/25 0:00
88,Providence,BE,8.53,108.7,132,100.2,77,64.8,341,1/4/25 0:00
89,Washington,B10,8.39,108.1,139,99.7,66,69.5,132,1/4/25 0:00
90,Arkansas St.,SB,8.12,108.9,130,100.8,83,71,65,1/4/25 0:00
91,Notre Dame,ACC,8.06,113.2,61,105.1,145,66,294,1/4/25 0:00
92,Colorado St.,MWC,7.96,107,155,99,54,68.3,190,1/4/25 0:00
93,Wake Forest,ACC,7.96,105.3,187,97.3,34,67.1,248,1/4/25 0:00
94,Lipscomb,ASun,7.95,109.3,120,101.4,88,67.2,244,1/4/25 0:00
95,UNLV,MWC,7.73,111,93,103.3,115,66.2,281,1/4/25 0:00
96,Stanford,ACC,7.6,112.4,67,104.8,138,68,203,1/4/25 0:00
97,Northern Iowa,MVC,7.5,111.7,84,104.2,129,65.7,310,1/4/25 0:00
98,Grand Canyon,WAC,7.46,107,154,99.6,64,73.6,12,1/4/25 0:00
99,Rhode Island,A10,7.24,109.3,121,102.1,98,72.3,33,1/4/25 0:00
100,Saint Joseph's,A10,7.18,107.6,146,100.4,79,69.8,116,1/4/25 0:00
101,Virginia,ACC,6.85,105.7,179,98.8,49,61.3,363,1/4/25 0:00
102,DePaul,BE,6.61,109.9,109,103.3,116,69.4,144,1/4/25 0:00
103,Florida Atlantic,Amer,6.58,113.5,60,106.9,188,72.4,27,1/4/25 0:00
104,Wichita St.,Amer,6.55,109.6,113,103,112,72,41,1/4/25 0:00
105,Furman,SC,6.38,108.7,133,102.4,101,65.8,304,1/4/25 0:00
106,Georgia Tech,ACC,6.02,109,128,102.9,111,70.8,74,1/4/25 0:00
107,Louisiana Tech,CUSA,6,109.4,118,103.4,117,65.7,308,1/4/25 0:00
108,Oklahoma St.,B12,5.82,107.6,147,101.7,91,72.3,34,1/4/25 0:00
109,Western Kentucky,CUSA,5.51,105.4,185,99.9,71,74.5,6,1/4/25 0:00
110,Troy,SB,5.01,106.9,158,101.9,94,67.3,242,1/4/25 0:00
111,Davidson,A10,4.89,111.5,87,106.6,178,66.8,253,1/4/25 0:00
112,Princeton,Ivy,4.85,111.2,90,106.3,174,68.7,178,1/4/25 0:00
113,Miami FL,ACC,4.67,115,44,110.3,254,67.5,229,1/4/25 0:00
114,Samford,SC,4.65,114.9,45,110.2,251,71.9,42,1/4/25 0:00
115,Saint Louis,A10,4.36,112,77,107.6,204,67.9,207,1/4/25 0:00
116,North Dakota St.,Sum,4.33,115.3,41,111,278,65.7,306,1/4/25 0:00
117,Loyola Chicago,A10,4.31,106.1,173,101.8,93,69.3,148,1/4/25 0:00
118,St. Thomas,Sum,4.26,112.7,65,108.4,218,69.5,130,1/4/25 0:00
119,Kent St.,MAC,4.24,103.1,226,98.9,50,65.8,303,1/4/25 0:00
120,South Dakota St.,Sum,4.19,109.4,119,105.2,146,70.9,68,1/4/25 0:00
,,,,,Strength of Schedule,NCSOS,,,,1/4/25 0:00
Rk,Team,Conf,NetRtg,ORtg,DRtg,AdjT,Luck,NetRtg,ORtg,1/4/25 0:00
121,High Point,BSth,3.92,114.2,50,110.3,255,66.2,283,1/4/25 0:00
122,Temple,Amer,3.82,108,140,104.2,130,70.3,101,1/4/25 0:00
123,Minnesota,B10,3.76,106.5,165,102.7,108,62.7,361,1/4/25 0:00
124,Syracuse,ACC,3.7,110.1,107,106.4,175,71.1,59,1/4/25 0:00
125,Charleston,CAA,3.57,106.8,159,103.3,114,73,15,1/4/25 0:00
126,Murray St.,MVC,2.92,107.8,141,104.9,140,65.9,299,1/4/25 0:00
127,East Tennessee St.,SC,2.74,109.2,123,106.5,177,67.4,237,1/4/25 0:00
128,South Alabama,SB,2.67,106.2,171,103.5,119,64.3,349,1/4/25 0:00
129,UMass Lowell,AE,2.63,112,79,109.4,232,72.1,36,1/4/25 0:00
130,Middle Tennessee,CUSA,2.58,106.9,157,104.3,131,69.6,129,1/4/25 0:00
131,California,ACC,2.42,111.9,81,109.4,234,69.4,145,1/4/25 0:00
132,Loyola Marymount,WCC,2.35,104.5,201,102.2,99,68.7,171,1/4/25 0:00
133,UTEP,CUSA,2.31,104.7,198,102.4,102,69.5,133,1/4/25 0:00
134,UAB,Amer,2.25,113.5,59,111.2,284,70.8,79,1/4/25 0:00
135,Akron,MAC,1.87,106.3,169,104.4,132,72.1,37,1/4/25 0:00
136,Texas St.,SB,1.87,109,127,107.2,195,65.5,321,1/4/25 0:00
137,UC Santa Barbara,BW,1.86,107.5,150,105.6,156,65.6,313,1/4/25 0:00
138,CSUN,BW,1.74,105.4,186,103.6,123,73.4,13,1/4/25 0:00
139,Belmont,MVC,1.72,110.6,96,108.9,225,72.3,31,1/4/25 0:00
140,Purdue Fort Wayne,Horz,1.66,112.3,73,110.6,266,68.5,184,1/4/25 0:00
141,UNC Greensboro,SC,1.48,104.9,194,103.4,118,65.3,330,1/4/25 0:00
142,George Washington,A10,1.41,106.7,160,105.3,152,69.1,157,1/4/25 0:00
143,Sam Houston St.,CUSA,1.27,112.3,74,111,277,69.7,124,1/4/25 0:00
144,Wofford,SC,1.2,110.6,97,109.4,233,65.2,331,1/4/25 0:00
145,Illinois St.,MVC,1.1,110.3,103,109.2,230,66,293,1/4/25 0:00
146,Seattle,WAC,1.06,107.7,144,106.6,179,67.6,225,1/4/25 0:00
147,Cornell,Ivy,0.94,111.4,89,110.5,259,72.1,39,1/4/25 0:00
148,Elon,CAA,0.92,107,153,106.1,168,65.6,315,1/4/25 0:00
149,UNC Wilmington,CAA,0.85,108.3,136,107.5,201,67.7,219,1/4/25 0:00
150,Florida Gulf Coast,ASun,0.84,107,152,106.2,170,65.4,322,1/4/25 0:00
151,James Madison,SB,0.79,108.9,131,108.1,212,66.7,257,1/4/25 0:00
152,Seton Hall,BE,0.73,100,293,99.3,57,63.9,351,1/4/25 0:00
153,Northern Colorado,BSky,0.67,109.6,114,108.9,224,71.2,55,1/4/25 0:00
154,Norfolk St.,MEAC,0.51,108.2,137,107.7,205,66.3,278,1/4/25 0:00
155,UC Riverside,BW,0.4,105.5,183,105.1,142,68.1,200,1/4/25 0:00
156,Milwaukee,Horz,0.34,108.1,138,107.8,207,69.9,113,1/4/25 0:00
157,Virginia Tech,ACC,0.26,106.1,174,105.8,161,65.4,324,1/4/25 0:00
158,Duquesne,A10,0.25,103.1,228,102.8,109,64.9,339,1/4/25 0:00
159,Jacksonville St.,CUSA,0.13,110.8,94,110.6,267,66.3,277,1/4/25 0:00
160,UT Arlington,WAC,0.06,109.6,112,109.6,236,71,64,1/4/25 0:00
,,,,,Strength of Schedule,NCSOS,,,,1/4/25 0:00
Rk,Team,Conf,NetRtg,ORtg,DRtg,AdjT,Luck,NetRtg,ORtg,1/4/25 0:00
161,Ohio,MAC,-0.02,109.1,125,109.1,227,70.8,76,1/4/25 0:00
162,Cal Baptist,WAC,-0.07,109.7,110,109.8,241,66.5,270,1/4/25 0:00
163,Wyoming,MWC,-0.11,105.1,190,105.2,148,65.9,298,1/4/25 0:00
164,Columbia,Ivy,-0.2,110.2,104,110.4,257,68.9,165,1/4/25 0:00
165,Utah Valley,WAC,-0.26,102.4,243,102.7,107,69.7,123,1/4/25 0:00
166,La Salle,A10,-0.28,104.8,196,105.1,144,71.8,45,1/4/25 0:00
167,Boston College,ACC,-0.55,106.2,170,106.8,184,67.5,233,1/4/25 0:00
168,Winthrop,BSth,-0.69,106,177,106.7,182,73.8,10,1/4/25 0:00
169,North Alabama,ASun,-0.75,107.3,151,108,211,68.3,192,1/4/25 0:00
170,Montana St.,BSky,-0.78,106.1,176,106.8,186,68,202,1/4/25 0:00
171,Illinois Chicago,MVC,-0.78,107.6,148,108.3,217,69.9,115,1/4/25 0:00
172,Northeastern,CAA,-0.79,104,211,104.8,134,69.4,140,1/4/25 0:00
173,Wright St.,Horz,-0.93,109.1,126,110,247,67.8,210,1/4/25 0:00
174,Rice,Amer,-1.09,102.7,237,103.8,127,66.3,276,1/4/25 0:00
175,South Florida,Amer,-1.24,106.5,164,107.7,206,69.6,128,1/4/25 0:00
176,East Carolina,Amer,-1.36,104.9,192,106.3,173,66.8,255,1/4/25 0:00
177,Indiana St.,MVC,-1.43,110.2,106,111.6,289,74.2,8,1/4/25 0:00
178,Merrimack,MAAC,-1.45,101.7,259,103.2,113,65.3,325,1/4/25 0:00
179,Hawaii,BW,-1.48,104.3,208,105.7,158,65.8,300,1/4/25 0:00
180,UNC Asheville,BSth,-1.51,108.9,129,110.4,258,67.3,241,1/4/25 0:00
181,Montana,BSky,-1.54,108.7,134,110.2,250,69.5,131,1/4/25 0:00
182,Miami OH,MAC,-1.55,105.1,189,106.7,181,69.5,135,1/4/25 0:00
183,Jacksonville,ASun,-1.58,102,252,103.6,122,69.2,150,1/4/25 0:00
184,Chattanooga,SC,-1.59,109.2,124,110.8,273,67.7,217,1/4/25 0:00
185,Longwood,BSth,-1.6,103.6,215,105.2,149,69.9,110,1/4/25 0:00
186,Texas A&M Corpus Chris,Slnd,-1.64,106.7,161,108.3,216,70,109,1/4/25 0:00
187,Appalachian St.,SB,-1.68,101.9,255,103.5,120,65.2,333,1/4/25 0:00
188,Tulane,Amer,-1.73,104.5,202,106.2,171,69.2,153,1/4/25 0:00
189,Lamar,Slnd,-1.77,103.2,223,105,141,67.3,240,1/4/25 0:00
190,Oakland,Horz,-1.9,105.4,184,107.3,199,63.2,358,1/4/25 0:00
191,Drexel,CAA,-2.19,103.2,225,105.3,153,64.7,342,1/4/25 0:00
192,Youngstown St.,Horz,-2.21,98.3,317,100.6,82,70.5,88,1/4/25 0:00
193,Marshall,SB,-2.37,104.4,205,106.8,183,70.3,100,1/4/25 0:00
194,Cleveland St.,Horz,-2.61,102.6,240,105.2,147,67.5,230,1/4/25 0:00
195,William & Mary,CAA,-2.68,110.2,105,112.9,313,72.1,35,1/4/25 0:00
196,Central Connecticut,NEC,-2.78,100.9,276,103.7,125,65.9,297,1/4/25 0:00
197,New Mexico St.,CUSA,-2.83,103.4,219,106.2,172,67.5,231,1/4/25 0:00
198,Brown,Ivy,-2.93,104.9,195,107.8,208,65.7,311,1/4/25 0:00
199,Northern Kentucky,Horz,-2.97,99.7,298,102.7,106,66.1,287,1/4/25 0:00
200,North Florida,ASun,-2.99,112.4,69,115.4,346,72.8,23,1/4/25 0:00
,,,,,Strength of Schedule,NCSOS,,,,1/4/25 0:00
Rk,Team,Conf,NetRtg,ORtg,DRtg,AdjT,Luck,NetRtg,ORtg,1/4/25 0:00
201,Valparaiso,MVC,-3.15,107.6,145,110.8,272,69.4,142,1/4/25 0:00
202,San Jose St.,MWC,-3.2,106.1,175,109.3,231,66.3,279,1/4/25 0:00
203,Hofstra,CAA,-3.31,99.3,304,102.6,105,65.3,326,1/4/25 0:00
204,Radford,BSth,-3.31,106.6,163,109.9,242,65.2,332,1/4/25 0:00
205,Eastern Kentucky,ASun,-3.37,107.5,149,110.8,275,69.4,139,1/4/25 0:00
206,Missouri St.,MVC,-3.47,102.5,241,106,166,65.1,336,1/4/25 0:00
207,Stephen F. Austin,Slnd,-3.65,94.7,354,98.4,47,67.2,243,1/4/25 0:00
208,Bryant,AE,-3.72,104.4,206,108.1,213,75.2,2,1/4/25 0:00
209,Massachusetts,A10,-3.76,103.6,216,107.3,200,72.1,38,1/4/25 0:00
210,Pepperdine,WCC,-3.78,103.2,222,107,190,70.4,94,1/4/25 0:00
211,Little Rock,OVC,-3.8,98.2,322,102,97,67.6,226,1/4/25 0:00
212,Towson,CAA,-3.86,100.9,275,104.8,136,63.5,356,1/4/25 0:00
213,Southern Utah,WAC,-3.87,104.8,197,108.7,220,70.2,103,1/4/25 0:00
214,Kennesaw St.,CUSA,-4.06,104.1,209,108.2,214,72.8,22,1/4/25 0:00
215,Toledo,MAC,-4.15,109.3,122,113.5,319,70.9,67,1/4/25 0:00
216,Kansas City,Sum,-4.34,102.3,245,106.7,180,65.6,314,1/4/25 0:00
217,Marist,MAAC,-4.4,102.1,249,106.5,176,64.9,340,1/4/25 0:00
218,Central Michigan,MAC,-4.49,101.6,261,106.1,169,69.7,121,1/4/25 0:00
219,Quinnipiac,MAAC,-4.57,100.5,282,105.1,143,71.1,58,1/4/25 0:00
220,Fordham,A10,-4.62,102.6,239,107.2,197,71.6,47,1/4/25 0:00
221,Nicholls,Slnd,-4.73,102.5,242,107.2,196,69.5,134,1/4/25 0:00
222,UT Rio Grande Valley,Slnd,-4.88,105.6,180,110.5,264,71.2,54,1/4/25 0:00
223,Southern Illinois,MVC,-5.05,101.8,257,106.9,187,70.2,102,1/4/25 0:00
224,Maine,AE,-5.08,100.4,283,105.5,155,68.3,193,1/4/25 0:00
225,Charlotte,Amer,-5.12,106.4,168,111.5,287,66.5,269,1/4/25 0:00
226,Mercer,SC,-5.19,104.4,204,109.6,237,72.3,29,1/4/25 0:00
227,Southeastern Louisiana,Slnd,-5.46,98.2,321,103.7,126,68.9,163,1/4/25 0:00
228,Mount St. Mary's,MAAC,-5.47,100.4,284,105.9,163,69.4,141,1/4/25 0:00
229,South Carolina St.,MEAC,-5.5,100.4,285,105.9,165,68.9,162,1/4/25 0:00
230,Abilene Christian,WAC,-5.61,100.2,288,105.8,160,69.6,126,1/4/25 0:00
231,UMBC,AE,-5.77,106.5,166,112.2,302,72.4,26,1/4/25 0:00
232,Albany,AE,-5.78,105.3,188,111,281,70.4,97,1/4/25 0:00
233,Saint Peter's,MAAC,-5.8,99.5,300,105.3,151,63,359,1/4/25 0:00
234,UTSA,Amer,-5.86,104.1,210,109.9,245,72.8,19,1/4/25 0:00
235,Delaware,CAA,-5.86,107.8,142,113.6,322,70.9,70,1/4/25 0:00
236,UC Davis,BW,-5.88,96.9,341,102.8,110,71.3,53,1/4/25 0:00
237,Idaho St.,BSky,-5.88,101.4,263,107.3,198,66.2,285,1/4/25 0:00
238,Gardner Webb,BSth,-5.89,103.8,212,109.7,239,70.7,82,1/4/25 0:00
239,Richmond,A10,-5.9,102.8,231,108.7,221,67.2,246,1/4/25 0:00
240,Presbyterian,BSth,-5.92,104.4,207,110.3,253,65.1,337,1/4/25 0:00
,,,,,Strength of Schedule,NCSOS,,,,1/4/25 0:00
Rk,Team,Conf,NetRtg,ORtg,DRtg,AdjT,Luck,NetRtg,ORtg,1/4/25 0:00
241,Cal Poly,BW,-6.21,104.9,193,111.2,282,76.8,1,1/4/25 0:00
242,Vermont,AE,-6.27,98.4,316,104.7,133,64.4,346,1/4/25 0:00
243,Hampton,CAA,-6.33,102.8,232,109.1,228,66.7,260,1/4/25 0:00
244,Robert Morris,Horz,-6.43,99.5,301,105.9,164,70.1,105,1/4/25 0:00
245,Cal St. Bakersfield,BW,-6.47,102.7,234,109.2,229,65.3,327,1/4/25 0:00
246,Lehigh,PL,-6.79,103.8,213,110.6,265,68.1,199,1/4/25 0:00
247,South Dakota,Sum,-6.81,109.5,115,116.3,353,74.1,9,1/4/25 0:00
248,Portland St.,BSky,-6.83,103,229,109.8,240,71.3,52,1/4/25 0:00
249,Georgia Southern,SB,-6.84,101.3,266,108.2,215,72.8,21,1/4/25 0:00
250,Weber St.,BSky,-6.97,104.6,199,111.5,288,66.1,290,1/4/25 0:00
251,Idaho,BSky,-6.99,107,156,114,326,67,251,1/4/25 0:00
252,FIU,CUSA,-7.06,97.8,332,104.9,139,70.9,69,1/4/25 0:00
253,Southern,SWAC,-7.2,98.5,314,105.7,157,69.2,149,1/4/25 0:00
254,Bethune Cookman,SWAC,-7.46,98.3,318,105.8,159,69.9,111,1/4/25 0:00
255,Monmouth,CAA,-7.66,103.5,217,111.2,283,67.8,211,1/4/25 0:00
256,Ball St.,MAC,-7.84,102.6,238,110.5,261,67.2,245,1/4/25 0:00
257,Bucknell,PL,-7.93,95.6,347,103.6,121,69.1,158,1/4/25 0:00
258,Harvard,Ivy,-7.94,100,294,107.9,209,67.5,232,1/4/25 0:00
259,SIUE,OVC,-7.99,100.6,280,108.6,219,66.4,275,1/4/25 0:00
260,Boston University,PL,-8.03,100.9,277,108.9,226,63.4,357,1/4/25 0:00
261,Southeast Missouri,OVC,-8.14,98.9,311,107,189,70.9,71,1/4/25 0:00
262,Colgate,PL,-8.23,101.7,260,109.9,244,66.5,272,1/4/25 0:00
263,Austin Peay,ASun,-8.29,97.7,333,106,167,65.3,329,1/4/25 0:00
264,Tulsa,Amer,-8.35,101.9,254,110.3,252,68.7,176,1/4/25 0:00
265,Queens,ASun,-8.36,102,251,110.3,256,70.8,73,1/4/25 0:00
266,Northwestern St.,Slnd,-8.41,101.2,269,109.6,238,65.1,335,1/4/25 0:00
267,Siena,MAAC,-8.47,100.3,287,108.7,222,65.5,318,1/4/25 0:00
268,American,PL,-8.52,103.3,221,111.8,297,64.4,348,1/4/25 0:00
269,Alabama St.,SWAC,-8.54,104.4,203,113,315,70.3,99,1/4/25 0:00
270,Eastern Washington,BSky,-8.6,106.5,167,115.1,342,68.4,186,1/4/25 0:00
271,Northern Arizona,BSky,-8.7,104.5,200,113.2,318,67.9,208,1/4/25 0:00
272,Fresno St.,MWC,-8.88,98.3,320,107.1,194,74.8,3,1/4/25 0:00
273,Lafayette,PL,-9.02,98.1,324,107.1,193,67.1,247,1/4/25 0:00
274,Manhattan,MAAC,-9.15,105.8,178,114.9,336,70.5,85,1/4/25 0:00
275,Incarnate Word,Slnd,-9.16,105.6,181,114.8,334,66.8,256,1/4/25 0:00
276,Western Michigan,MAC,-9.45,102.4,244,111.8,298,67.6,223,1/4/25 0:00
277,San Diego,WCC,-9.49,95.9,346,105.4,154,71.8,46,1/4/25 0:00
278,Charleston Southern,BSth,-9.5,101.1,270,110.6,268,69.6,125,1/4/25 0:00
279,Campbell,CAA,-9.5,98.5,315,108,210,67.8,213,1/4/25 0:00
280,Iona,MAAC,-9.54,98.1,326,107.6,203,70.3,98,1/4/25 0:00
,,,,,Strength of Schedule,NCSOS,,,,1/4/25 0:00
Rk,Team,Conf,NetRtg,ORtg,DRtg,AdjT,Luck,NetRtg,ORtg,1/4/25 0:00
281,Bowling Green,MAC,-9.61,102,250,111.6,290,71,63,1/4/25 0:00
282,Evansville,MVC,-9.75,97.3,337,107.1,192,67.5,234,1/4/25 0:00
283,Dartmouth,Ivy,-9.82,99,308,108.8,223,71.2,57,1/4/25 0:00
284,Sacred Heart,MAAC,-9.89,102.2,248,112.1,300,70,106,1/4/25 0:00
285,Pacific,WCC,-9.91,101.4,264,111.3,286,68.2,195,1/4/25 0:00
286,Coastal Carolina,SB,-9.95,100.8,279,110.8,271,63.9,350,1/4/25 0:00
287,Howard,MEAC,-9.96,105,191,114.9,339,68.6,182,1/4/25 0:00
288,Southern Miss,SB,-10.03,100,291,110.1,248,69.2,156,1/4/25 0:00
289,Nebraska Omaha,Sum,-10.05,102.8,230,112.9,312,67.9,209,1/4/25 0:00
290,Tennessee Martin,OVC,-10.18,97.3,336,107.5,202,68,205,1/4/25 0:00
291,Air Force,MWC,-10.31,100.2,289,110.5,262,64.6,344,1/4/25 0:00
292,Louisiana,SB,-10.38,102.3,247,112.7,310,68.4,188,1/4/25 0:00
293,Morehead St.,OVC,-10.41,101.3,267,111.7,296,67,250,1/4/25 0:00
294,Jackson St.,SWAC,-10.45,94.8,352,105.3,150,70.7,80,1/4/25 0:00
295,Long Beach St.,BW,-10.75,101.8,258,112.5,305,65.1,334,1/4/25 0:00
296,Tarleton St.,WAC,-10.87,95,350,105.8,162,66.2,280,1/4/25 0:00
297,Navy,PL,-11.19,102.3,246,113.5,320,69.2,154,1/4/25 0:00
298,Utah Tech,WAC,-11.2,101.1,271,112.3,304,68.4,189,1/4/25 0:00
299,North Dakota,Sum,-11.22,105.5,182,116.7,354,69.3,146,1/4/25 0:00
300,North Carolina Central,MEAC,-11.55,103.5,218,115,340,66.8,254,1/4/25 0:00
301,Army,PL,-11.55,101.3,265,112.9,311,68.6,180,1/4/25 0:00
302,Loyola MD,PL,-11.56,99.4,303,110.9,276,68.7,175,1/4/25 0:00
303,Stonehill,NEC,-11.57,101,272,112.6,307,66.6,264,1/4/25 0:00
304,Grambling St.,SWAC,-11.7,100,292,111.7,295,66.4,273,1/4/25 0:00
305,Holy Cross,PL,-11.72,103.7,214,115.4,345,65.8,302,1/4/25 0:00
306,Oral Roberts,Sum,-11.72,103.4,220,115.1,344,69.2,155,1/4/25 0:00
307,Georgia St.,SB,-11.76,98.8,312,110.5,263,69.8,117,1/4/25 0:00
308,Penn,Ivy,-11.94,101.8,256,113.8,323,66.2,286,1/4/25 0:00
309,Cal St. Fullerton,BW,-12.3,99,307,111.3,285,65.3,328,1/4/25 0:00
310,Detroit Mercy,Horz,-12.32,98.1,323,110.5,260,68.4,187,1/4/25 0:00
311,Texas Southern,SWAC,-12.36,97.1,340,109.5,235,71.5,49,1/4/25 0:00
312,Niagara,MAAC,-12.37,102,253,114.3,330,65,338,1/4/25 0:00
313,North Carolina A&T,CAA,-12.49,101.6,262,114.1,327,73.3,14,1/4/25 0:00
314,Eastern Michigan,MAC,-12.72,100.9,278,113.6,321,68.3,191,1/4/25 0:00
315,Binghamton,AE,-12.76,98.3,319,111,279,66,292,1/4/25 0:00
316,Fairfield,MAAC,-12.9,103.2,224,116.1,352,67,252,1/4/25 0:00
317,Portland,WCC,-12.94,100,295,112.9,314,69.9,112,1/4/25 0:00
318,Delaware St.,MEAC,-13.03,98,328,111,280,70.4,90,1/4/25 0:00
319,Tennessee Tech,OVC,-13.12,99.5,299,112.6,308,69.4,143,1/4/25 0:00
320,Rider,MAAC,-13.17,100.1,290,113.2,317,64.7,343,1/4/25 0:00
,,,,,Strength of Schedule,NCSOS,,,,1/4/25 0:00
Rk,Team,Conf,NetRtg,ORtg,DRtg,AdjT,Luck,NetRtg,ORtg,1/4/25 0:00
321,Eastern Illinois,OVC,-13.66,96.3,343,110,246,67.7,218,1/4/25 0:00
322,Tennessee St.,OVC,-13.68,97.9,330,111.6,291,72,40,1/4/25 0:00
323,Old Dominion,SB,-13.76,98.9,310,112.6,309,68.8,170,1/4/25 0:00
324,Denver,Sum,-13.92,101,273,114.9,337,67.4,236,1/4/25 0:00
325,LIU,NEC,-13.99,96.1,345,110.1,249,67.7,220,1/4/25 0:00
326,Southern Indiana,OVC,-14.22,97.4,335,111.6,292,67.7,215,1/4/25 0:00
327,Stony Brook,CAA,-14.43,100.5,281,114.9,338,66.6,263,1/4/25 0:00
328,Fairleigh Dickinson,NEC,-14.45,102.8,233,117.2,355,70.4,92,1/4/25 0:00
329,Green Bay,Horz,-14.73,101.2,268,116,349,71.1,61,1/4/25 0:00
330,Western Carolina,SC,-14.92,95,349,109.9,243,72.5,24,1/4/25 0:00
331,Buffalo,MAC,-14.93,98.9,309,113.8,324,70.8,77,1/4/25 0:00
332,Saint Francis,NEC,-15.23,99.2,305,114.5,331,69.2,152,1/4/25 0:00
333,Wagner,NEC,-15.29,91.5,362,106.8,185,61.6,362,1/4/25 0:00
334,Central Arkansas,ASun,-15.47,96.2,344,111.7,293,68.5,183,1/4/25 0:00
335,VMI,SC,-15.58,99.9,297,115.4,347,68.1,198,1/4/25 0:00
336,Prairie View A&M,SWAC,-15.61,103.1,227,118.7,359,71.8,44,1/4/25 0:00
337,Western Illinois,OVC,-15.65,100.3,286,116,350,63.7,354,1/4/25 0:00
338,Louisiana Monroe,SB,-15.84,97.2,338,113,316,68.2,197,1/4/25 0:00
339,West Georgia,ASun,-15.86,98,327,113.9,325,67.8,214,1/4/25 0:00
340,Lindenwood,OVC,-15.95,94.8,353,110.7,270,69.9,114,1/4/25 0:00
341,Sacramento St.,BSky,-16.22,94.5,356,110.7,269,66,295,1/4/25 0:00
342,Alcorn St.,SWAC,-16.58,99,306,115.6,348,66.5,271,1/4/25 0:00
343,New Orleans,Slnd,-16.83,97.8,331,114.6,332,70.1,104,1/4/25 0:00
344,IU Indy,Horz,-17.01,102.7,236,119.7,360,66.2,282,1/4/25 0:00
345,Houston Christian,Slnd,-17.07,98,329,115,341,65.7,305,1/4/25 0:00
346,Morgan St.,MEAC,-17.3,101,274,118.3,358,71.6,48,1/4/25 0:00
347,USC Upstate,BSth,-17.35,97.7,334,115.1,343,73.6,11,1/4/25 0:00
348,Le Moyne,NEC,-17.6,97.2,339,114.8,333,70,108,1/4/25 0:00
349,Northern Illinois,MAC,-17.72,94.8,351,112.5,306,70.5,89,1/4/25 0:00
350,Mercyhurst,NEC,-17.81,96.5,342,114.3,329,65.6,316,1/4/25 0:00
351,Stetson,ASun,-17.92,99.4,302,117.3,356,69.7,122,1/4/25 0:00
352,Florida A&M,SWAC,-17.97,92.9,358,110.8,274,70.5,86,1/4/25 0:00
353,Bellarmine,ASun,-17.97,102.7,235,120.7,363,67.3,239,1/4/25 0:00
354,East Texas A&M,Slnd,-18.09,94,357,112,299,69.6,127,1/4/25 0:00
355,Maryland Eastern Shore,MEAC,-19.43,98.6,313,118,357,68,204,1/4/25 0:00
356,NJIT,AE,-19.51,92.6,360,112.1,301,65.8,301,1/4/25 0:00
357,Chicago St.,NEC,-19.74,91.9,361,111.7,294,70.4,96,1/4/25 0:00
358,The Citadel,SC,-19.88,95,348,114.9,335,65.4,323,1/4/25 0:00
359,Canisius,MAAC,-19.91,99.9,296,119.9,361,65.9,296,1/4/25 0:00
360,New Hampshire,AE,-21.37,92.8,359,114.2,328,68.9,164,1/4/25 0:00
,,,,,Strength of Schedule,NCSOS,,,,1/4/25 0:00
Rk,Team,Conf,NetRtg,ORtg,DRtg,AdjT,Luck,NetRtg,ORtg,1/4/25 0:00
361,Alabama A&M,SWAC,-21.42,94.6,355,116,351,72.3,28,1/4/25 0:00
362,Coppin St.,MEAC,-24.48,87.9,363,112.3,303,67.5,228,1/4/25 0:00
363,Arkansas Pine Bluff,SWAC,-24.64,98.1,325,122.7,364,73,16,1/4/25 0:00
364,Mississippi Valley St.,SWAC,-33.94,86.3,364,120.3,362,66,291,1/4/25 0:00
1,Auburn,SEC,36.69,130.5,1,93.8,14,68.9,169,1/5/25 0:00
2,Duke,ACC,35.08,122.5,10,87.4,3,66.4,271,1/5/25 0:00
3,Houston,B12,32.81,120.1,14,87.2,2,62.7,361,1/5/25 0:00
4,Tennessee,SEC,32.09,119.2,20,87.1,1,65.9,297,1/5/25 0:00
5,Iowa St.,B12,30.38,123.4,8,93,8,70.2,99,1/5/25 0:00
6,Gonzaga,WCC,28.1,123.6,6,95.5,20,71.3,56,1/5/25 0:00
7,Florida,SEC,26.78,124.1,3,97.3,37,70.6,85,1/5/25 0:00
8,Illinois,B10,26.09,119.3,19,93.3,9,72.8,23,1/5/25 0:00
9,Alabama,SEC,25.97,124,4,98,44,74.6,5,1/5/25 0:00
10,Marquette,BE,25.78,120,15,94.3,19,68.8,174,1/5/25 0:00
11,Texas A&M,SEC,24.13,115.9,38,91.8,5,67.6,229,1/5/25 0:00
12,Michigan,B10,23.87,118.1,23,94.2,18,71.2,60,1/5/25 0:00
13,Kansas,B12,23.42,116.9,30,93.5,12,69.5,133,1/5/25 0:00
14,Texas Tech,B12,23.22,122.6,9,99.3,58,66.9,252,1/5/25 0:00
15,Mississippi St.,SEC,22.92,119.8,16,96.9,30,69,163,1/5/25 0:00
16,Arizona,B12,22.86,119.4,18,96.5,27,71.5,50,1/5/25 0:00
17,Michigan St.,B10,22.79,116.1,36,93.3,11,69.2,154,1/5/25 0:00
18,Kentucky,SEC,22.64,123.7,5,101,89,71.7,42,1/5/25 0:00
19,Connecticut,BE,22.33,124.6,2,102.2,101,65.5,321,1/5/25 0:00
20,UCLA,B10,22.06,111.2,89,89.2,4,67,249,1/5/25 0:00
21,Purdue,B10,21.98,122,11,100,69,65.8,302,1/5/25 0:00
22,Baylor,B12,21.69,120.7,13,99,53,66.8,254,1/5/25 0:00
23,Pittsburgh,ACC,21.63,119.5,17,97.9,43,68.8,172,1/5/25 0:00
24,St. John's,BE,21.59,114.3,48,92.7,7,71.3,58,1/5/25 0:00
25,Wisconsin,B10,21.22,121.6,12,100.4,76,68.9,167,1/5/25 0:00
26,Maryland,B10,21.14,115.3,40,94.2,17,70.8,75,1/5/25 0:00
27,Oregon,B10,20.45,117.6,25,97.2,36,69.8,119,1/5/25 0:00
28,Cincinnati,B12,20.35,112.8,61,92.5,6,66.6,267,1/5/25 0:00
29,Mississippi,SEC,19.82,116.2,34,96.3,26,68.7,181,1/5/25 0:00
30,Ohio St.,B10,19.67,116.7,31,97.1,34,68.8,171,1/5/25 0:00
31,Memphis,Amer,19.65,116.6,32,96.9,31,71.1,67,1/5/25 0:00
32,Clemson,ACC,19.21,116.1,35,96.9,32,66,287,1/5/25 0:00
33,Nebraska,B10,18.52,111.8,78,93.3,10,69.5,137,1/5/25 0:00
34,San Diego St.,MWC,18.43,112,76,93.6,13,66.9,251,1/5/25 0:00
35,North Carolina,ACC,18.14,117.6,26,99.4,60,74.4,7,1/5/25 0:00
36,Penn St.,B10,17.87,116.5,33,98.7,49,72.9,22,1/5/25 0:00
37,West Virginia,B12,17.65,111.5,82,93.8,15,66,289,1/5/25 0:00
38,Villanova,BE,17.07,123.5,7,106.5,179,64.5,346,1/5/25 0:00
39,Arkansas,SEC,17.04,113.2,58,96.1,24,70.6,83,1/5/25 0:00
40,Texas,SEC,16.79,114.3,49,97.5,38,67.8,219,1/5/25 0:00
,,,,,Strength of Schedule,NCSOS,,,,1/5/25 0:00
Rk,Team,Conf,NetRtg,ORtg,DRtg,AdjT,Luck,NetRtg,ORtg,1/5/25 0:00
41,VCU,A10,16.78,112.7,63,95.9,23,67.6,232,1/5/25 0:00
42,Louisville,ACC,16.77,115,43,98.3,48,69,162,1/5/25 0:00
43,BYU,B12,16.77,117.2,28,100.4,79,68.7,176,1/5/25 0:00
44,Vanderbilt,SEC,16.64,117.4,27,100.8,86,72.3,31,1/5/25 0:00
45,Oklahoma,SEC,16.59,117.7,24,101.1,92,68.5,188,1/5/25 0:00
46,Saint Mary's,WCC,16.57,114.3,47,97.8,41,63.9,352,1/5/25 0:00
47,Northwestern,B10,16.48,112.2,75,95.7,21,65.6,318,1/5/25 0:00
48,Utah St.,MWC,16.39,114.2,50,97.8,42,70.7,80,1/5/25 0:00
49,Dayton,A10,16.29,117,29,100.8,84,66.7,262,1/5/25 0:00
50,Georgia,SEC,15.82,112.4,73,96.5,28,67.3,239,1/5/25 0:00
51,Creighton,BE,15.78,113.4,57,97.6,39,69.7,123,1/5/25 0:00
52,SMU,ACC,15.67,118.5,21,102.9,109,70.7,78,1/5/25 0:00
53,Missouri,SEC,15.25,116,37,100.8,85,69.4,145,1/5/25 0:00
54,Xavier,BE,14.69,114.5,46,99.8,66,69.8,116,1/5/25 0:00
55,Iowa,B10,14.68,118.5,22,103.8,126,73,17,1/5/25 0:00
56,Indiana,B10,14.39,113.4,56,99,52,71.1,65,1/5/25 0:00
57,Arizona St.,B12,14.01,111,93,97,33,69,166,1/5/25 0:00
58,Nevada,MWC,13.33,113.9,51,100.6,82,63.8,354,1/5/25 0:00
59,LSU,SEC,13.05,111.2,90,98.2,47,69.7,122,1/5/25 0:00
60,Boise St.,MWC,12.95,113.4,55,100.4,78,67.9,215,1/5/25 0:00
61,San Francisco,WCC,12.63,112.5,71,99.8,67,68.3,202,1/5/25 0:00
62,UCF,B12,12.46,112.6,67,100.1,73,70.5,89,1/5/25 0:00
63,Georgetown,BE,12.36,109.5,117,97.1,35,69.5,134,1/5/25 0:00
64,UC Irvine,BW,12.34,106.5,166,94.1,16,70.4,90,1/5/25 0:00
65,New Mexico,MWC,12.27,113.7,53,101.4,95,74.6,6,1/5/25 0:00
66,UC San Diego,BW,12.21,112.8,62,100.5,81,67.7,225,1/5/25 0:00
67,Liberty,CUSA,11.94,109.7,111,97.8,40,64.5,345,1/5/25 0:00
68,St. Bonaventure,A10,11.93,110.7,100,98.7,50,65.6,315,1/5/25 0:00
69,Florida St.,ACC,11.62,111.7,79,100,71,70.8,74,1/5/25 0:00
70,Washington St.,WCC,11.11,111.2,88,100.1,74,72.5,28,1/5/25 0:00
71,Butler,BE,10.98,111.4,85,100.4,80,68.4,197,1/5/25 0:00
72,Drake,MVC,10.61,110.2,103,99.6,62,61.2,363,1/5/25 0:00
73,McNeese,Slnd,10.61,109.8,110,99.2,55,65.7,312,1/5/25 0:00
74,TCU,B12,10.6,106.9,155,96.3,25,67.8,221,1/5/25 0:00
75,South Carolina,SEC,10.47,110.2,105,99.7,64,66.7,258,1/5/25 0:00
76,Rutgers,B10,10.4,112.4,72,102,98,71.5,49,1/5/25 0:00
77,North Texas,Amer,10.31,108.4,130,98.1,46,63.5,357,1/5/25 0:00
78,George Mason,A10,10.24,106,174,95.8,22,66.3,275,1/5/25 0:00
79,Santa Clara,WCC,10.2,114.9,44,104.7,142,69.5,140,1/5/25 0:00
80,USC,B10,9.96,110.7,99,100.7,83,68.8,173,1/5/25 0:00
,,,,,Strength of Schedule,NCSOS,,,,1/5/25 0:00
Rk,Team,Conf,NetRtg,ORtg,DRtg,AdjT,Luck,NetRtg,ORtg,1/5/25 0:00
81,Lipscomb,ASun,9.95,109.6,113,99.6,63,67.5,234,1/5/25 0:00
82,Oregon St.,WCC,9.88,111.9,77,102.1,99,65.4,326,1/5/25 0:00
83,Yale,Ivy,9.24,113.8,52,104.5,139,68.5,189,1/5/25 0:00
84,Kansas St.,B12,9.19,110.1,106,100.9,88,68.8,170,1/5/25 0:00
85,Wake Forest,ACC,9.13,106,175,96.9,29,67,248,1/5/25 0:00
86,Colorado,B12,9.12,108.6,129,99.4,61,68.6,185,1/5/25 0:00
87,Bradley,MVC,8.99,112.6,66,103.6,122,66.1,285,1/5/25 0:00
88,Utah,B12,8.8,110.9,94,102.1,100,71.6,46,1/5/25 0:00
89,Notre Dame,ACC,8.44,113.1,59,104.6,141,65.7,310,1/5/25 0:00
90,Washington,B10,8.38,108.1,137,99.7,65,69.6,131,1/5/25 0:00
91,Providence,BE,8.31,108.4,134,100.1,72,64.8,341,1/5/25 0:00
92,Colorado St.,MWC,8.05,106.9,157,98.8,51,68.4,198,1/5/25 0:00
93,N.C. State,ACC,7.87,111.5,84,103.6,121,66.4,270,1/5/25 0:00
94,Arkansas St.,SB,7.73,108,139,100.2,75,71,70,1/5/25 0:00
95,UNLV,MWC,7.5,111.4,86,103.9,128,66.2,280,1/5/25 0:00
96,Rhode Island,A10,7.45,108.7,127,101.2,93,72,37,1/5/25 0:00
97,Saint Joseph's,A10,7.25,107.3,150,100,70,69.8,118,1/5/25 0:00
98,Stanford,ACC,7.23,112.3,74,105.1,152,68,212,1/5/25 0:00
99,Grand Canyon,WAC,7.11,107,153,99.9,68,73.6,10,1/5/25 0:00
100,Northern Iowa,MVC,6.85,111.3,87,104.5,137,65.7,305,1/5/25 0:00
101,Georgia Tech,ACC,6.62,109.1,119,102.5,106,71.1,63,1/5/25 0:00
102,Florida Atlantic,Amer,6.62,113.4,54,106.8,184,72.3,30,1/5/25 0:00
103,Wichita St.,Amer,6.17,109.2,118,103,110,72,36,1/5/25 0:00
104,Samford,SC,5.17,115.2,41,110.1,255,71.7,45,1/5/25 0:00
105,Oklahoma St.,B12,5.09,106.2,170,101.1,91,72.1,35,1/5/25 0:00
106,Davidson,A10,5,112.5,70,107.5,200,66.8,256,1/5/25 0:00
107,Virginia,ACC,5,104.3,205,99.3,57,61.1,364,1/5/25 0:00
108,South Alabama,SB,4.97,106.8,160,101.8,97,64.3,348,1/5/25 0:00
109,Furman,SC,4.87,108.9,122,104.1,133,65.7,306,1/5/25 0:00
110,Troy,SB,4.82,105.9,178,101.1,90,66.7,260,1/5/25 0:00
111,DePaul,BE,4.76,109,121,104.3,134,69.4,142,1/5/25 0:00
112,Miami FL,ACC,4.42,115.9,39,111.4,284,67.8,216,1/5/25 0:00
113,Princeton,Ivy,4.4,110.7,97,106.4,178,68.7,177,1/5/25 0:00
114,Saint Louis,A10,4.22,111.7,80,107.4,199,68,209,1/5/25 0:00
115,St. Thomas,Sum,4.12,112.7,64,108.6,222,69.8,114,1/5/25 0:00
116,South Dakota St.,Sum,4.05,109.1,120,105,150,70.9,72,1/5/25 0:00
117,George Washington,A10,4.02,107.9,142,103.8,127,69.3,153,1/5/25 0:00
118,Temple,Amer,3.93,108,138,104,130,70.4,95,1/5/25 0:00
119,High Point,BSth,3.85,115.1,42,111.2,278,67,250,1/5/25 0:00
120,Minnesota,B10,3.81,106.5,164,102.7,108,62.8,360,1/5/25 0:00
,,,,,Strength of Schedule,NCSOS,,,,1/5/25 0:00
Rk,Team,Conf,NetRtg,ORtg,DRtg,AdjT,Luck,NetRtg,ORtg,1/5/25 0:00
121,Western Kentucky,CUSA,3.7,104.1,207,100.4,77,74.9,4,1/5/25 0:00
122,Charleston,CAA,3.54,107,154,103.4,118,73.3,16,1/5/25 0:00
123,UAB,Amer,3.28,113,60,109.7,246,70.9,73,1/5/25 0:00
124,Syracuse,ACC,3.22,110.2,104,107,190,71.1,66,1/5/25 0:00
125,UNC Greensboro,SC,3.08,106.4,167,103.4,117,65.2,331,1/5/25 0:00
126,North Dakota St.,Sum,2.98,114.9,45,111.9,299,66,288,1/5/25 0:00
127,Middle Tennessee,CUSA,2.9,107.3,151,104.4,135,69.8,120,1/5/25 0:00
128,California,ACC,2.82,112.7,65,109.8,250,69.1,160,1/5/25 0:00
129,UTEP,CUSA,2.77,105,191,102.3,102,69.4,146,1/5/25 0:00
130,Murray St.,MVC,2.65,107.7,144,105.1,151,66,292,1/5/25 0:00
131,Loyola Chicago,A10,2.62,105.9,177,103.3,114,69.1,161,1/5/25 0:00
132,Louisiana Tech,CUSA,2.57,107.5,146,105,147,65.5,323,1/5/25 0:00
133,UMass Lowell,AE,2.56,111.5,83,108.9,228,71.6,47,1/5/25 0:00
134,Kent St.,MAC,2.38,101.6,254,99.3,56,66.6,265,1/5/25 0:00
135,East Tennessee St.,SC,2.33,109.5,116,107.1,194,67.6,230,1/5/25 0:00
136,Purdue Fort Wayne,Horz,2.14,112.6,68,110.4,261,69.3,147,1/5/25 0:00
137,Loyola Marymount,WCC,2.13,104.4,203,102.3,103,68.9,168,1/5/25 0:00
138,Wofford,SC,2.08,111.5,81,109.5,241,65.5,322,1/5/25 0:00
139,UC Santa Barbara,BW,2.04,107.4,149,105.4,158,65.8,303,1/5/25 0:00
140,Akron,MAC,2.01,106.5,165,104.5,136,72.2,33,1/5/25 0:00
141,CSUN,BW,2,105,190,103,111,73.4,14,1/5/25 0:00
142,Belmont,MVC,1.91,110.9,96,109,229,72.6,26,1/5/25 0:00
143,James Madison,SB,1.71,108.7,128,107,189,66.7,263,1/5/25 0:00
144,Illinois St.,MVC,1.18,110.4,101,109.2,236,66,290,1/5/25 0:00
145,Cornell,Ivy,1.11,111.2,91,110.1,254,72.1,34,1/5/25 0:00
146,Elon,CAA,1.07,106.8,159,105.7,166,65.8,301,1/5/25 0:00
147,Seattle,WAC,1.03,106.6,162,105.5,161,67.6,231,1/5/25 0:00
148,Norfolk St.,MEAC,0.98,108.2,136,107.3,196,66.5,268,1/5/25 0:00
149,Sam Houston St.,CUSA,0.97,112.5,69,111.5,287,69.6,132,1/5/25 0:00
150,Seton Hall,BE,0.91,100,287,99.1,54,64,351,1/5/25 0:00
151,North Alabama,ASun,0.75,107.9,141,107.1,193,68.4,193,1/5/25 0:00
152,Texas St.,SB,0.6,108.7,126,108.1,212,65.7,304,1/5/25 0:00
153,UNC Wilmington,CAA,0.56,108.4,132,107.9,209,67.5,236,1/5/25 0:00
154,Milwaukee,Horz,0.33,106.6,163,106.2,174,70.1,103,1/5/25 0:00
155,Cal Baptist,WAC,0.28,108.7,125,108.4,218,66.6,266,1/5/25 0:00
156,Duquesne,A10,0.21,103.9,209,103.7,123,64.9,340,1/5/25 0:00
157,Virginia Tech,ACC,0.19,106.9,156,106.7,183,65.6,317,1/5/25 0:00
158,New Mexico St.,CUSA,0.18,104.7,199,104.5,140,67.3,238,1/5/25 0:00
159,Northern Colorado,BSky,0.18,110,108,109.8,248,71.3,55,1/5/25 0:00
160,Wyoming,MWC,0.12,105.5,185,105.4,156,65.7,309,1/5/25 0:00
,,,,,Strength of Schedule,NCSOS,,,,1/5/25 0:00
Rk,Team,Conf,NetRtg,ORtg,DRtg,AdjT,Luck,NetRtg,ORtg,1/5/25 0:00
161,Ohio,MAC,-0.08,107.5,148,107.5,202,70.4,93,1/5/25 0:00
162,Rice,Amer,-0.15,103.3,220,103.4,119,65.9,299,1/5/25 0:00
163,Florida Gulf Coast,ASun,-0.16,107.6,145,107.7,206,65.7,307,1/5/25 0:00
164,Utah Valley,WAC,-0.17,101.2,266,101.3,94,69.9,113,1/5/25 0:00
165,Columbia,Ivy,-0.21,110,107,110.2,259,69,165,1/5/25 0:00
166,Texas A&M Corpus Chris,Slnd,-0.24,108.4,133,108.7,225,69.9,110,1/5/25 0:00
167,La Salle,A10,-0.26,105,192,105.2,154,71.8,40,1/5/25 0:00
168,Jacksonville,ASun,-0.3,101.4,258,101.7,96,69.5,135,1/5/25 0:00
169,Tulane,Amer,-0.49,104.8,197,105.2,155,69.4,143,1/5/25 0:00
170,Jacksonville St.,CUSA,-0.56,110.7,98,111.3,281,66.1,283,1/5/25 0:00
171,UC Riverside,BW,-0.77,104.9,195,105.7,165,68,211,1/5/25 0:00
172,Illinois Chicago,MVC,-0.78,107.7,143,108.5,221,70.2,100,1/5/25 0:00
173,Appalachian St.,SB,-0.91,101.8,252,102.7,107,65.3,330,1/5/25 0:00
174,Hawaii,BW,-0.96,103.5,215,104.5,138,65.1,332,1/5/25 0:00
175,Hofstra,CAA,-1.07,98.3,318,99.4,59,65.3,328,1/5/25 0:00
176,Wright St.,Horz,-1.14,108.8,123,110,252,67.9,214,1/5/25 0:00
177,East Carolina,Amer,-1.15,105.1,188,106.3,176,66.8,255,1/5/25 0:00
178,Indiana St.,MVC,-1.16,109.5,115,110.6,265,74,9,1/5/25 0:00
179,UT Arlington,WAC,-1.19,109.5,114,110.7,267,71.2,62,1/5/25 0:00
180,Chattanooga,SC,-1.2,109.9,109,111.1,275,67.7,222,1/5/25 0:00
181,UNC Asheville,BSth,-1.25,110.2,102,111.5,286,68.4,194,1/5/25 0:00
182,Miami OH,MAC,-1.31,106.2,172,107.5,201,69.5,139,1/5/25 0:00
183,South Florida,Amer,-1.38,106.2,171,107.6,204,69.6,128,1/5/25 0:00
184,Montana St.,BSky,-1.44,104.7,200,106.1,171,68,208,1/5/25 0:00
185,Merrimack,MAAC,-1.49,101.8,251,103.3,115,65.4,325,1/5/25 0:00
186,Montana,BSky,-1.57,107.9,140,109.5,244,69.7,126,1/5/25 0:00
187,Drexel,CAA,-1.61,102.4,236,104,129,64.7,343,1/5/25 0:00
188,Boston College,ACC,-1.71,105.3,186,107,191,67.6,228,1/5/25 0:00
189,Radford,BSth,-1.88,107.5,147,109.4,240,65,336,1/5/25 0:00
190,Longwood,BSth,-1.91,104.4,204,106.3,175,69.9,111,1/5/25 0:00
191,Bryant,AE,-2.09,104.6,202,106.6,181,75,2,1/5/25 0:00
192,Northern Kentucky,Horz,-2.17,100.3,282,102.5,105,65.7,313,1/5/25 0:00
193,Valparaiso,MVC,-2.4,108.3,135,110.7,269,69.6,129,1/5/25 0:00
194,Northeastern,CAA,-2.42,101.4,260,103.8,125,69.4,144,1/5/25 0:00
195,Lamar,Slnd,-2.44,101.6,255,104.1,132,67.6,233,1/5/25 0:00
196,William & Mary,CAA,-2.48,110.9,95,113.4,318,72,38,1/5/25 0:00
197,Winthrop,BSth,-2.52,105.5,184,108,211,73.6,11,1/5/25 0:00
198,Marshall,SB,-2.59,103.6,213,106.2,173,69.8,115,1/5/25 0:00
199,Youngstown St.,Horz,-2.59,98.2,320,100.8,87,71.3,59,1/5/25 0:00
200,Pepperdine,WCC,-2.66,103.8,211,106.5,180,70.6,87,1/5/25 0:00
,,,,,Strength of Schedule,NCSOS,,,,1/5/25 0:00
Rk,Team,Conf,NetRtg,ORtg,DRtg,AdjT,Luck,NetRtg,ORtg,1/5/25 0:00
201,San Jose St.,MWC,-2.76,106.7,161,109.5,242,66.4,272,1/5/25 0:00
202,Kennesaw St.,CUSA,-2.83,104.8,196,107.7,205,72.6,27,1/5/25 0:00
203,Brown,Ivy,-2.91,104.9,194,107.9,208,65.8,300,1/5/25 0:00
204,Central Connecticut,NEC,-3,100.8,274,103.8,124,66,286,1/5/25 0:00
205,Kansas City,Sum,-3.27,103.4,218,106.7,182,65.7,311,1/5/25 0:00
206,Oakland,Horz,-3.3,105.6,182,108.9,226,63.2,358,1/5/25 0:00
207,Southern Utah,WAC,-3.4,105,193,108.4,216,70.1,105,1/5/25 0:00
208,Cleveland St.,Horz,-3.48,102,242,105.4,160,67.1,245,1/5/25 0:00
209,Missouri St.,MVC,-3.53,102.4,235,105.9,169,64.9,338,1/5/25 0:00
210,Toledo,MAC,-3.61,108.7,124,112.3,304,71.4,52,1/5/25 0:00
211,Towson,CAA,-3.91,101,270,104.9,146,63.5,356,1/5/25 0:00
212,UT Rio Grande Valley,Slnd,-3.96,106.1,173,110.1,257,70.7,79,1/5/25 0:00
213,Central Michigan,MAC,-4.23,99.8,292,104.1,131,69.3,148,1/5/25 0:00
214,Delaware,CAA,-4.39,108.4,131,112.8,314,70.8,76,1/5/25 0:00
215,Marist,MAAC,-4.51,101.8,248,106.3,177,65,334,1/5/25 0:00
216,Quinnipiac,MAAC,-4.58,100.7,276,105.2,153,71.2,61,1/5/25 0:00
217,Eastern Kentucky,ASun,-4.76,106.8,158,111.5,288,69.5,136,1/5/25 0:00
218,South Carolina St.,MEAC,-4.77,100.9,273,105.6,164,69.2,158,1/5/25 0:00
219,North Florida,ASun,-4.81,111.1,92,115.9,348,73,18,1/5/25 0:00
220,Richmond,A10,-4.93,103,227,108,210,66.8,257,1/5/25 0:00
221,Nicholls,Slnd,-4.97,102.3,237,107.3,197,69.5,141,1/5/25 0:00
222,FIU,CUSA,-4.97,98.3,317,103.3,116,71.3,54,1/5/25 0:00
223,Robert Morris,Horz,-5.05,101,269,106.1,172,70.1,101,1/5/25 0:00
224,Stephen F. Austin,Slnd,-5.1,92.9,357,98,45,66.8,253,1/5/25 0:00
225,Massachusetts,A10,-5.16,103,229,108.2,213,71.9,39,1/5/25 0:00
226,Little Rock,OVC,-5.23,98.2,319,103.5,120,68.6,184,1/5/25 0:00
227,Mercer,SC,-5.24,103.1,225,108.3,215,72.6,24,1/5/25 0:00
228,Idaho St.,BSky,-5.34,102.5,234,107.8,207,66.1,282,1/5/25 0:00
229,Vermont,AE,-5.38,97.7,328,103.1,112,64.2,349,1/5/25 0:00
230,Mount St. Mary's,MAAC,-5.46,100.1,285,105.5,162,69.3,150,1/5/25 0:00
231,Cal St. Bakersfield,BW,-5.66,103.7,212,109.4,239,65.3,327,1/5/25 0:00
232,Southern Illinois,MVC,-5.68,101.4,261,107,192,70.2,96,1/5/25 0:00
233,Fordham,A10,-5.69,102.8,231,108.5,220,71.6,48,1/5/25 0:00
234,Saint Peter's,MAAC,-5.71,99.3,302,105,148,63.1,359,1/5/25 0:00
235,Albany,AE,-5.82,104.7,198,110.6,263,69.9,112,1/5/25 0:00
236,Abilene Christian,WAC,-5.83,98.9,309,104.8,143,69.8,117,1/5/25 0:00
237,Charlotte,Amer,-5.9,105.9,176,111.9,297,66.2,281,1/5/25 0:00
238,Gardner Webb,BSth,-5.95,103,228,109,230,70.6,86,1/5/25 0:00
239,UC Davis,BW,-6.03,96.3,338,102.3,104,71.3,57,1/5/25 0:00
240,Presbyterian,BSth,-6.08,103.5,216,109.6,245,64.9,339,1/5/25 0:00
,,,,,Strength of Schedule,NCSOS,,,,1/5/25 0:00
Rk,Team,Conf,NetRtg,ORtg,DRtg,AdjT,Luck,NetRtg,ORtg,1/5/25 0:00
241,Ball St.,MAC,-6.17,103.3,219,109.5,243,68.1,206,1/5/25 0:00
242,Hampton,CAA,-6.21,102.2,239,108.4,217,66.7,261,1/5/25 0:00
243,Southeastern Louisiana,Slnd,-6.28,98.5,315,104.8,144,68.7,182,1/5/25 0:00
244,UMBC,AE,-6.35,107.2,152,113.5,323,72.2,32,1/5/25 0:00
245,Cal Poly,BW,-6.61,104.2,206,110.8,272,76.3,1,1/5/25 0:00
246,South Dakota,Sum,-6.64,109.7,112,116.3,352,74.3,8,1/5/25 0:00
247,Maine,AE,-6.68,98.9,311,105.6,163,68.2,203,1/5/25 0:00
248,Southern,SWAC,-6.7,98.1,321,104.8,145,69.1,159,1/5/25 0:00
249,Bethune Cookman,SWAC,-6.91,98.1,322,105,149,69.3,149,1/5/25 0:00
250,Weber St.,BSky,-7.02,105.1,187,112.2,302,66.1,284,1/5/25 0:00
251,Incarnate Word,Slnd,-7.07,105.7,180,112.7,312,66.3,276,1/5/25 0:00
252,Idaho,BSky,-7.08,106.4,168,113.4,322,67.1,246,1/5/25 0:00
253,Lehigh,PL,-7.11,103.6,214,110.7,270,68.1,207,1/5/25 0:00
254,Queens,ASun,-7.4,103.9,210,111.3,282,71,68,1/5/25 0:00
255,Fresno St.,MWC,-7.43,99.4,299,106.9,186,75,3,1/5/25 0:00
256,Portland St.,BSky,-7.55,101.7,253,109.2,237,70.7,81,1/5/25 0:00
257,Bucknell,PL,-7.57,95.6,346,103.1,113,69.2,155,1/5/25 0:00
258,UTSA,Amer,-7.71,103,230,110.7,268,72.9,20,1/5/25 0:00
259,SIUE,OVC,-7.72,99.2,305,106.9,187,66.3,274,1/5/25 0:00
260,Northwestern St.,Slnd,-7.81,101.5,257,109.3,238,65,335,1/5/25 0:00
261,Eastern Washington,BSky,-7.99,105.8,179,113.8,329,68.5,191,1/5/25 0:00
262,Alabama St.,SWAC,-8,104.6,201,112.6,309,70.2,97,1/5/25 0:00
263,Southeast Missouri,OVC,-8,99.1,306,107.1,195,70.1,104,1/5/25 0:00
264,Siena,MAAC,-8.22,100.3,281,108.6,223,65.6,316,1/5/25 0:00
265,Colgate,PL,-8.27,101.5,256,109.8,249,66.6,264,1/5/25 0:00
266,Boston University,PL,-8.32,100.7,275,109,232,63.5,355,1/5/25 0:00
267,Nebraska Omaha,Sum,-8.43,104.1,208,112.5,307,68.3,199,1/5/25 0:00
268,Harvard,Ivy,-8.48,99.8,293,108.3,214,67.5,235,1/5/25 0:00
269,American,PL,-8.48,103.1,226,111.6,289,64.4,347,1/5/25 0:00
270,Northern Arizona,BSky,-8.5,105.1,189,113.6,325,67.9,213,1/5/25 0:00
271,Lafayette,PL,-8.77,98.1,323,106.8,185,67.2,243,1/5/25 0:00
272,Monmouth,CAA,-9.16,102.6,232,111.7,294,67.7,226,1/5/25 0:00
273,Iona,MAAC,-9.21,98.3,316,107.5,203,70.4,91,1/5/25 0:00
274,Georgia Southern,SB,-9.29,99.4,301,108.6,224,72.9,19,1/5/25 0:00
275,Coastal Carolina,SB,-9.31,100.5,277,109.9,251,63.9,353,1/5/25 0:00
276,Manhattan,MAAC,-9.31,105.6,181,114.9,339,70.6,84,1/5/25 0:00
277,Charleston Southern,BSth,-9.38,101.8,249,111.2,276,69.7,127,1/5/25 0:00
278,Bowling Green,MAC,-9.38,101.8,250,111.2,277,71.1,64,1/5/25 0:00
279,Campbell,CAA,-9.52,98.9,310,108.4,219,67.7,224,1/5/25 0:00
280,Austin Peay,ASun,-9.74,96,342,105.7,167,65.4,324,1/5/25 0:00
,,,,,Strength of Schedule,NCSOS,,,,1/5/25 0:00
Rk,Team,Conf,NetRtg,ORtg,DRtg,AdjT,Luck,NetRtg,ORtg,1/5/25 0:00
281,Tennessee Martin,OVC,-9.79,97.5,331,107.3,198,67.3,240,1/5/25 0:00
282,Howard,MEAC,-9.89,106.2,169,116.1,349,69,164,1/5/25 0:00
283,San Diego,WCC,-9.93,95.4,347,105.4,157,71.8,41,1/5/25 0:00
284,Tulsa,Amer,-9.96,100.1,286,110,253,68.8,175,1/5/25 0:00
285,Dartmouth,Ivy,-9.97,99,307,109,231,71.3,53,1/5/25 0:00
286,Evansville,MVC,-9.98,96,341,106,170,67.1,244,1/5/25 0:00
287,Western Michigan,MAC,-9.99,101.2,264,111.2,279,67.8,220,1/5/25 0:00
288,Sacred Heart,MAAC,-10.01,101.9,243,112,300,70.1,102,1/5/25 0:00
289,Jackson St.,SWAC,-10.03,95.4,348,105.4,159,70.5,88,1/5/25 0:00
290,Georgia St.,SB,-10.13,100,288,110.1,258,70,107,1/5/25 0:00
291,Southern Miss,SB,-10.13,100.5,280,110.6,264,69.2,157,1/5/25 0:00
292,Tarleton St.,WAC,-10.24,95.6,344,105.9,168,66.5,269,1/5/25 0:00
293,Air Force,MWC,-10.63,100.2,284,110.8,273,64.6,344,1/5/25 0:00
294,Utah Tech,WAC,-11.04,101.1,268,112.1,301,68.5,190,1/5/25 0:00
295,Navy,PL,-11.27,102.2,240,113.4,320,69.2,156,1/5/25 0:00
296,North Dakota,Sum,-11.34,105.5,183,116.9,356,69.5,138,1/5/25 0:00
297,Pacific,WCC,-11.35,100.9,272,112.2,303,68.4,192,1/5/25 0:00
298,Army,PL,-11.45,101.3,262,112.7,311,68.7,178,1/5/25 0:00
299,Long Beach St.,BW,-11.51,101.9,247,113.4,319,65.1,333,1/5/25 0:00
300,Tennessee Tech,OVC,-11.55,99.7,294,111.3,280,69.6,130,1/5/25 0:00
301,Stonehill,NEC,-11.55,101.1,267,112.7,310,66.7,259,1/5/25 0:00
302,Loyola MD,PL,-11.63,99.4,300,111,274,68.6,183,1/5/25 0:00
303,Penn,Ivy,-11.86,101.9,245,113.8,328,66.2,278,1/5/25 0:00
304,Holy Cross,PL,-12.1,103.4,217,115.5,345,65.9,294,1/5/25 0:00
305,Morehead St.,OVC,-12.12,99.7,295,111.9,296,67.2,242,1/5/25 0:00
306,Louisiana,SB,-12.15,101.9,246,114,330,68.6,186,1/5/25 0:00
307,Binghamton,AE,-12.19,99.3,303,111.4,285,65.9,293,1/5/25 0:00
308,Detroit Mercy,Horz,-12.34,96.8,335,109.2,235,68.3,201,1/5/25 0:00
309,Niagara,MAAC,-12.34,101.9,244,114.3,333,65,337,1/5/25 0:00
310,North Carolina Central,MEAC,-12.43,102,241,114.4,335,67.2,241,1/5/25 0:00
311,Tennessee St.,OVC,-12.74,98.9,312,111.6,290,72.9,21,1/5/25 0:00
312,North Carolina A&T,CAA,-12.8,100.5,279,113.3,317,73.3,15,1/5/25 0:00
313,Fairfield,MAAC,-13,103.3,222,116.3,351,67.1,247,1/5/25 0:00
314,Delaware St.,MEAC,-13.1,99.2,304,112.3,305,71,69,1/5/25 0:00
315,Rider,MAAC,-13.1,100,289,113.1,315,64.8,342,1/5/25 0:00
316,Eastern Michigan,MAC,-13.17,100.3,283,113.4,321,68.6,187,1/5/25 0:00
317,Oral Roberts,Sum,-13.28,103.3,221,116.6,353,69.3,151,1/5/25 0:00
318,Portland,WCC,-13.28,99.5,297,112.8,313,70.1,106,1/5/25 0:00
319,Texas Southern,SWAC,-13.43,95.7,343,109.1,233,71.5,51,1/5/25 0:00
320,Prairie View A&M,SWAC,-13.49,103.1,224,116.6,354,71.7,44,1/5/25 0:00
,,,,,Strength of Schedule,NCSOS,,,,1/5/25 0:00
Rk,Team,Conf,NetRtg,ORtg,DRtg,AdjT,Luck,NetRtg,ORtg,1/5/25 0:00
321,Grambling St.,SWAC,-13.63,97.8,325,111.4,283,66.2,279,1/5/25 0:00
322,Old Dominion,SB,-13.72,98.8,313,112.5,308,68.7,180,1/5/25 0:00
323,Cal St. Fullerton,BW,-13.8,97.9,324,111.7,295,65.5,320,1/5/25 0:00
324,Denver,Sum,-14.03,101.3,263,115.3,341,67.6,227,1/5/25 0:00
325,LIU,NEC,-14.06,96,339,110.1,256,67.8,217,1/5/25 0:00
326,Southern Indiana,OVC,-14.2,97.4,332,111.6,292,67.7,223,1/5/25 0:00
327,Western Illinois,OVC,-14.28,101.2,265,115.5,344,64.1,350,1/5/25 0:00
328,Fairleigh Dickinson,NEC,-14.47,102.5,233,117,357,70.4,92,1/5/25 0:00
329,Stony Brook,CAA,-14.84,100.9,271,115.8,347,66.4,273,1/5/25 0:00
330,Buffalo,MAC,-14.87,100,290,114.9,338,71,71,1/5/25 0:00
331,VMI,SC,-14.89,98.7,314,113.6,324,68.4,195,1/5/25 0:00
332,Eastern Illinois,OVC,-15.1,95.6,345,110.7,266,68.2,204,1/5/25 0:00
333,Saint Francis,NEC,-15.14,99,308,114.1,331,69.3,152,1/5/25 0:00
334,Sacramento St.,BSky,-15.27,93.9,355,109.1,234,65.3,329,1/5/25 0:00
335,Wagner,NEC,-15.33,91.6,361,106.9,188,61.5,362,1/5/25 0:00
336,Green Bay,Horz,-15.36,101.4,259,116.8,355,70.8,77,1/5/25 0:00
337,Western Carolina,SC,-15.68,94.1,353,109.7,247,72.4,29,1/5/25 0:00
338,Central Arkansas,ASun,-15.73,95.1,350,110.8,271,68.4,196,1/5/25 0:00
339,Houston Christian,Slnd,-15.86,97.7,327,113.6,326,65.9,295,1/5/25 0:00
340,Lindenwood,OVC,-15.9,93,356,108.9,227,70,108,1/5/25 0:00
341,Stetson,ASun,-15.97,99.6,296,115.6,346,69.7,124,1/5/25 0:00
342,IU Indy,Horz,-16.18,103.2,223,119.4,360,65.7,308,1/5/25 0:00
343,Alcorn St.,SWAC,-16.77,99.5,298,116.2,350,66.3,277,1/5/25 0:00
344,Louisiana Monroe,SB,-17.12,96,340,113.1,316,68.3,200,1/5/25 0:00
345,New Orleans,Slnd,-17.37,97.6,330,114.9,340,69.7,125,1/5/25 0:00
346,Le Moyne,NEC,-17.4,97,334,114.4,334,70.2,98,1/5/25 0:00
347,USC Upstate,BSth,-17.47,97.4,333,114.8,337,73.6,12,1/5/25 0:00
348,East Texas A&M,Slnd,-17.7,93.9,354,111.6,291,69.8,121,1/5/25 0:00
349,Mercyhurst,NEC,-17.75,96.4,337,114.2,332,65.6,314,1/5/25 0:00
350,West Georgia,ASun,-17.82,96.6,336,114.5,336,67.8,218,1/5/25 0:00
351,Bellarmine,ASun,-17.94,102.3,238,120.2,362,67.4,237,1/5/25 0:00
352,Northern Illinois,MAC,-18.09,94.3,352,112.4,306,70.6,82,1/5/25 0:00
353,Morgan St.,MEAC,-18.11,100.5,278,118.6,359,71.7,43,1/5/25 0:00
354,Florida A&M,SWAC,-18.58,91.8,360,110.4,260,70,109,1/5/25 0:00
355,NJIT,AE,-19.6,92.3,358,111.9,298,65.9,296,1/5/25 0:00
356,Chicago St.,NEC,-19.9,91.8,359,111.7,293,70.4,94,1/5/25 0:00
357,Maryland Eastern Shore,MEAC,-19.91,97.8,326,117.7,358,68.1,205,1/5/25 0:00
358,Canisius,MAAC,-19.98,99.9,291,119.8,361,66,291,1/5/25 0:00
359,The Citadel,SC,-20.18,95.2,349,115.4,343,65.6,319,1/5/25 0:00
360,Alabama A&M,SWAC,-20.68,94.7,351,115.3,342,72.6,25,1/5/25 0:00
,,,,,Strength of Schedule,NCSOS,,,,1/5/25 0:00
Rk,Team,Conf,NetRtg,ORtg,DRtg,AdjT,Luck,NetRtg,ORtg,1/5/25 0:00
361,New Hampshire,AE,-22.94,90.7,362,113.6,327,68.7,179,1/5/25 0:00
362,Coppin St.,MEAC,-23.79,86.7,363,110.5,262,68,210,1/5/25 0:00
363,Arkansas Pine Bluff,SWAC,-25.32,97.6,329,122.9,364,73.4,13,1/5/25 0:00
364,Mississippi Valley St.,SWAC,-35.55,85.6,364,121.2,363,65.9,298,1/5/25 0:00
1,Auburn,SEC,36.75,130.5,1,93.8,14,68.7,172,1/6/25 0:00
2,Duke,ACC,35.29,122.7,9,87.4,3,66.2,271,1/6/25 0:00
3,Houston,B12,32.81,120.1,14,87.3,2,62.6,361,1/6/25 0:00
4,Tennessee,SEC,32.04,119.1,20,87.1,1,65.7,297,1/6/25 0:00
5,Iowa St.,B12,30.36,123.5,8,93.1,9,70.1,99,1/6/25 0:00
6,Gonzaga,WCC,28.11,123.5,6,95.4,19,71.2,54,1/6/25 0:00
7,Florida,SEC,26.73,124.1,3,97.3,36,70.5,87,1/6/25 0:00
8,Kansas,B12,26.33,117.8,25,91.5,5,69.9,108,1/6/25 0:00
9,Alabama,SEC,26.03,123.9,4,97.9,44,74.5,5,1/6/25 0:00
10,Marquette,BE,25.9,120,15,94.1,16,68.7,176,1/6/25 0:00
11,Illinois,B10,25.66,119.3,19,93.6,13,72.8,19,1/6/25 0:00
12,Texas A&M,SEC,23.99,115.8,40,91.8,6,67.5,230,1/6/25 0:00
13,Michigan,B10,23.83,118.1,24,94.3,18,71.1,60,1/6/25 0:00
14,Texas Tech,B12,23.01,122.5,10,99.5,63,66.7,254,1/6/25 0:00
15,Michigan St.,B10,22.98,116.3,33,93.3,11,69.1,155,1/6/25 0:00
16,Mississippi St.,SEC,22.89,119.8,16,96.9,30,68.9,161,1/6/25 0:00
17,Arizona,B12,22.86,119.3,18,96.5,27,71.4,51,1/6/25 0:00
18,Purdue,B10,22.83,122.3,11,99.4,60,65.9,290,1/6/25 0:00
19,Kentucky,SEC,22.65,123.7,5,101.1,91,71.7,41,1/6/25 0:00
20,UCLA,B10,22.11,111.2,89,89.1,4,66.9,249,1/6/25 0:00
21,Pittsburgh,ACC,21.67,119.5,17,97.9,43,68.7,175,1/6/25 0:00
22,Baylor,B12,21.6,120.5,13,98.9,52,66.7,255,1/6/25 0:00
23,St. John's,BE,21.59,114.3,48,92.7,8,71.1,62,1/6/25 0:00
24,Maryland,B10,21.17,116.7,31,95.6,20,70.3,94,1/6/25 0:00
25,Connecticut,BE,21.15,125.4,2,104.2,134,65.7,302,1/6/25 0:00
26,Wisconsin,B10,20.96,121.6,12,100.6,80,68.8,168,1/6/25 0:00
27,Oregon,B10,20.5,118.7,21,98.2,47,69.3,142,1/6/25 0:00
28,Cincinnati,B12,20.33,112.8,61,92.5,7,66.5,264,1/6/25 0:00
29,Mississippi,SEC,19.88,116.3,34,96.4,26,68.6,179,1/6/25 0:00
30,Ohio St.,B10,19.67,116.6,32,97,31,68.7,171,1/6/25 0:00
31,Memphis,Amer,19.14,116.1,36,97,32,70.8,70,1/6/25 0:00
32,Clemson,ACC,19.08,116.1,37,97,33,66,289,1/6/25 0:00
33,Nebraska,B10,18.76,111.9,75,93.2,10,69.4,135,1/6/25 0:00
34,San Diego St.,MWC,18.45,112,74,93.5,12,66.9,252,1/6/25 0:00
35,North Carolina,ACC,18.34,117.7,26,99.4,58,74.3,7,1/6/25 0:00
36,West Virginia,B12,17.83,111.7,79,93.9,15,65.8,294,1/6/25 0:00
37,Villanova,BE,17.12,123.5,7,106.4,178,64.4,346,1/6/25 0:00
38,Arkansas,SEC,17,113.2,57,96.2,24,70.5,86,1/6/25 0:00
39,Penn St.,B10,16.9,116,38,99.1,53,72.4,28,1/6/25 0:00
40,Louisville,ACC,16.89,115.1,42,98.2,46,68.9,160,1/6/25 0:00
,,,,,Strength of Schedule,NCSOS,,,,1/6/25 0:00
Rk,Team,Conf,NetRtg,ORtg,DRtg,AdjT,Luck,NetRtg,ORtg,1/6/25 0:00
41,BYU,B12,16.85,117.2,29,100.3,73,68.6,180,1/6/25 0:00
42,VCU,A10,16.8,112.7,63,95.9,22,67.4,232,1/6/25 0:00
43,Texas,SEC,16.68,114.2,50,97.5,37,67.7,217,1/6/25 0:00
44,Oklahoma,SEC,16.65,117.7,27,101,90,68.4,188,1/6/25 0:00
45,Saint Mary's,WCC,16.58,114.4,47,97.8,41,63.8,351,1/6/25 0:00
46,Vanderbilt,SEC,16.48,117.3,28,100.9,85,72.2,32,1/6/25 0:00
47,Utah St.,MWC,16.43,114.3,49,97.9,42,70.6,81,1/6/25 0:00
48,Dayton,A10,16.13,116.9,30,100.8,83,66.5,262,1/6/25 0:00
49,Creighton,BE,16.01,113.6,55,97.6,38,69.5,128,1/6/25 0:00
50,Georgia,SEC,15.8,112.4,72,96.6,28,67.1,238,1/6/25 0:00
51,SMU,ACC,15.66,118.5,22,102.9,108,70.6,79,1/6/25 0:00
52,Northwestern,B10,15.51,111.6,82,96,23,65.7,300,1/6/25 0:00
53,Missouri,SEC,15.46,116.2,35,100.8,82,69.3,143,1/6/25 0:00
54,Indiana,B10,15.31,113.7,53,98.4,49,70.6,80,1/6/25 0:00
55,Xavier,BE,14.6,114.4,46,99.8,66,69.6,122,1/6/25 0:00
56,Iowa,B10,14.58,118.4,23,103.9,126,72.9,17,1/6/25 0:00
57,Arizona St.,B12,14.01,111,92,97,34,68.8,165,1/6/25 0:00
58,Nevada,MWC,13.35,113.9,51,100.6,79,63.7,354,1/6/25 0:00
59,Boise St.,MWC,12.96,113.4,56,100.4,75,67.8,215,1/6/25 0:00
60,LSU,SEC,12.83,111.1,90,98.3,48,69.6,126,1/6/25 0:00
61,San Francisco,WCC,12.55,112.5,69,99.9,67,68.2,200,1/6/25 0:00
62,UC Irvine,BW,12.33,106.5,166,94.1,17,70.3,91,1/6/25 0:00
63,New Mexico,MWC,12.28,113.7,54,101.4,95,74.5,6,1/6/25 0:00
64,Georgetown,BE,12.27,109.5,117,97.2,35,69.3,137,1/6/25 0:00
65,UC San Diego,BW,12.22,112.8,62,100.5,78,67.6,224,1/6/25 0:00
66,St. Bonaventure,A10,11.94,110.6,101,98.7,50,65.4,320,1/6/25 0:00
67,Liberty,CUSA,11.93,109.7,111,97.8,40,64.4,345,1/6/25 0:00
68,Florida St.,ACC,11.63,111.7,80,100,70,70.7,76,1/6/25 0:00
69,Washington St.,WCC,11.11,111.2,88,100.1,71,72.3,29,1/6/25 0:00
70,North Texas,Amer,10.86,108.5,131,97.7,39,63.3,357,1/6/25 0:00
71,Butler,BE,10.83,111.3,86,100.5,77,68.2,198,1/6/25 0:00
72,McNeese,Slnd,10.75,110,108,99.2,54,65.6,315,1/6/25 0:00
73,TCU,B12,10.56,106.9,155,96.4,25,67.7,220,1/6/25 0:00
74,South Carolina,SEC,10.51,110.2,103,99.7,65,66.6,259,1/6/25 0:00
75,Rutgers,B10,10.34,112.4,70,102.1,99,71.5,50,1/6/25 0:00
76,George Mason,A10,10.27,106.1,174,95.9,21,66.1,280,1/6/25 0:00
77,Santa Clara,WCC,10.22,114.9,44,104.7,145,69.3,138,1/6/25 0:00
78,USC,B10,9.98,110.6,100,100.7,81,68.7,174,1/6/25 0:00
79,Lipscomb,ASun,9.96,109.6,114,99.6,64,67.4,233,1/6/25 0:00
80,Oregon St.,WCC,9.93,111.9,76,102,98,65.3,325,1/6/25 0:00
,,,,,Strength of Schedule,NCSOS,,,,1/6/25 0:00
Rk,Team,Conf,NetRtg,ORtg,DRtg,AdjT,Luck,NetRtg,ORtg,1/6/25 0:00
81,UCF,B12,9.82,110.8,97,101,89,70.8,74,1/6/25 0:00
82,Yale,Ivy,9.31,113.8,52,104.5,139,68.3,192,1/6/25 0:00
83,Providence,BE,9.18,110,107,100.8,84,65,336,1/6/25 0:00
84,Wake Forest,ACC,9.14,106,177,96.9,29,66.9,248,1/6/25 0:00
85,Drake,MVC,9.08,109.5,116,100.5,76,60.9,364,1/6/25 0:00
86,Kansas St.,B12,9.07,110,106,101,87,68.7,173,1/6/25 0:00
87,Colorado,B12,9.06,108.4,135,99.4,57,68.4,186,1/6/25 0:00
88,Washington,B10,8.87,108.4,136,99.5,62,69.5,130,1/6/25 0:00
89,Bradley,MVC,8.84,112.5,66,103.7,122,66,288,1/6/25 0:00
90,Utah,B12,8.76,110.9,94,102.1,100,71.5,48,1/6/25 0:00
91,Notre Dame,ACC,8.49,113.1,58,104.6,143,65.6,307,1/6/25 0:00
92,Colorado St.,MWC,8.08,106.9,156,98.8,51,68.2,199,1/6/25 0:00
93,N.C. State,ACC,8.03,111.6,81,103.6,121,66.3,267,1/6/25 0:00
94,Arkansas St.,SB,7.72,108,139,100.3,72,70.9,68,1/6/25 0:00
95,Rhode Island,A10,7.53,108.6,129,101.1,92,71.9,35,1/6/25 0:00
96,UNLV,MWC,7.41,111.4,84,104,127,66.1,282,1/6/25 0:00
97,Saint Joseph's,A10,7.31,107.3,150,100,69,69.7,115,1/6/25 0:00
98,Stanford,ACC,7.23,112.3,73,105,152,67.9,210,1/6/25 0:00
99,Grand Canyon,WAC,7.07,107,153,100,68,73.5,11,1/6/25 0:00
100,Northern Iowa,MVC,6.79,111.3,85,104.6,141,65.6,305,1/6/25 0:00
101,Georgia Tech,ACC,6.6,109.1,120,102.5,105,71,65,1/6/25 0:00
102,Florida Atlantic,Amer,6.29,113,60,106.7,182,72.5,24,1/6/25 0:00
103,Wichita St.,Amer,6.18,109.2,119,103,111,71.9,36,1/6/25 0:00
104,Samford,SC,5.18,115.2,41,110.1,254,71.6,46,1/6/25 0:00
105,Davidson,A10,5.07,112.4,71,107.3,199,66.7,257,1/6/25 0:00
106,Furman,SC,5.01,109,122,104,129,65.6,314,1/6/25 0:00
107,Virginia,ACC,4.99,104.3,205,99.3,56,61,363,1/6/25 0:00
108,South Alabama,SB,4.96,106.8,160,101.8,96,64.2,348,1/6/25 0:00
109,Oklahoma St.,B12,4.95,106.2,173,101.2,93,72,34,1/6/25 0:00
110,Troy,SB,4.82,105.8,180,101,88,66.6,258,1/6/25 0:00
111,DePaul,BE,4.71,108.8,123,104.1,132,69.2,147,1/6/25 0:00
112,Princeton,Ivy,4.42,110.8,98,106.4,179,68.5,183,1/6/25 0:00
113,Miami FL,ACC,4.39,115.9,39,111.5,288,67.7,218,1/6/25 0:00
114,Murray St.,MVC,4.31,108.6,130,104.3,136,65.9,292,1/6/25 0:00
115,Saint Louis,A10,4.27,111.8,77,107.5,201,67.9,211,1/6/25 0:00
116,George Washington,A10,4.13,107.9,141,103.8,124,69.2,152,1/6/25 0:00
117,South Dakota St.,Sum,4.06,109.1,121,105.1,154,70.8,73,1/6/25 0:00
118,St. Thomas,Sum,4.05,112.7,64,108.7,227,69.8,113,1/6/25 0:00
119,Minnesota,B10,4.03,106.7,162,102.6,106,62.7,360,1/6/25 0:00
120,Temple,Amer,3.99,108,140,104,128,70.2,95,1/6/25 0:00
,,,,,Strength of Schedule,NCSOS,,,,1/6/25 0:00
Rk,Team,Conf,NetRtg,ORtg,DRtg,AdjT,Luck,NetRtg,ORtg,1/6/25 0:00
121,High Point,BSth,3.82,115.1,43,111.2,279,66.9,250,1/6/25 0:00
122,Western Kentucky,CUSA,3.81,104.1,207,100.3,74,74.8,4,1/6/25 0:00
123,Charleston,CAA,3.47,107,154,103.5,120,73.1,16,1/6/25 0:00
124,UAB,Amer,3.43,113.1,59,109.6,247,70.8,75,1/6/25 0:00
125,Syracuse,ACC,3.19,110.1,105,106.9,188,71,64,1/6/25 0:00
126,UNC Greensboro,SC,3.13,106.5,165,103.3,117,65.2,331,1/6/25 0:00
127,Middle Tennessee,CUSA,2.99,107.3,151,104.3,135,69.7,119,1/6/25 0:00
128,North Dakota St.,Sum,2.96,114.9,45,112,299,65.9,291,1/6/25 0:00
129,California,ACC,2.81,112.7,65,109.9,250,69,159,1/6/25 0:00
130,Illinois St.,MVC,2.79,110.9,93,108.1,214,66,286,1/6/25 0:00
131,UTEP,CUSA,2.78,105,191,102.2,101,69.3,146,1/6/25 0:00
132,UMass Lowell,AE,2.71,111.8,78,109,234,71.6,45,1/6/25 0:00
133,Loyola Chicago,A10,2.63,105.9,178,103.3,115,69,157,1/6/25 0:00
134,Louisiana Tech,CUSA,2.44,107.5,148,105.1,153,65.3,323,1/6/25 0:00
135,Kent St.,MAC,2.37,101.7,251,99.4,59,66.4,265,1/6/25 0:00
136,East Tennessee St.,SC,2.32,109.4,118,107.1,193,67.5,227,1/6/25 0:00
137,Loyola Marymount,WCC,2.14,104.4,203,102.3,102,68.8,169,1/6/25 0:00
138,Wofford,SC,2.07,111.5,83,109.5,241,65.4,321,1/6/25 0:00
139,UC Santa Barbara,BW,2.04,107.4,149,105.4,159,65.6,304,1/6/25 0:00
140,Akron,MAC,2,106.5,167,104.5,138,72.1,33,1/6/25 0:00
141,CSUN,BW,1.95,105.1,189,103.2,113,73.4,13,1/6/25 0:00
142,Purdue Fort Wayne,Horz,1.93,112.5,68,110.6,262,69.2,150,1/6/25 0:00
143,Belmont,MVC,1.92,110.9,96,108.9,232,72.5,26,1/6/25 0:00
144,James Madison,SB,1.72,108.7,128,106.9,189,66.5,260,1/6/25 0:00
145,Cornell,Ivy,1.17,111.3,87,110.1,256,71.9,37,1/6/25 0:00
146,Elon,CAA,1.09,106.8,159,105.7,167,65.7,301,1/6/25 0:00
147,Seattle,WAC,1.07,106.6,163,105.5,163,67.5,228,1/6/25 0:00
148,Sam Houston St.,CUSA,0.99,112.5,67,111.5,287,69.5,131,1/6/25 0:00
149,Norfolk St.,MEAC,0.98,108.3,138,107.3,197,66.4,266,1/6/25 0:00
150,Seton Hall,BE,0.78,100,286,99.3,55,63.8,352,1/6/25 0:00
151,North Alabama,ASun,0.73,107.9,143,107.1,195,68.3,195,1/6/25 0:00
152,UNC Wilmington,CAA,0.65,108.5,132,107.9,209,67.3,236,1/6/25 0:00
153,Texas St.,SB,0.58,108.7,127,108.1,212,65.6,309,1/6/25 0:00
154,Duquesne,A10,0.22,104,209,103.7,123,64.8,341,1/6/25 0:00
155,Milwaukee,Horz,0.18,106.5,164,106.3,177,70,104,1/6/25 0:00
156,Cal Baptist,WAC,0.17,108.8,125,108.6,223,66.5,263,1/6/25 0:00
157,Northern Colorado,BSky,0.15,109.9,110,109.8,249,71.2,55,1/6/25 0:00
158,New Mexico St.,CUSA,0.15,104.7,199,104.5,140,67.2,237,1/6/25 0:00
159,Virginia Tech,ACC,0.14,106.9,157,106.7,184,65.5,317,1/6/25 0:00
160,Wyoming,MWC,0.12,105.5,185,105.4,158,65.6,313,1/6/25 0:00
,,,,,Strength of Schedule,NCSOS,,,,1/6/25 0:00
Rk,Team,Conf,NetRtg,ORtg,DRtg,AdjT,Luck,NetRtg,ORtg,1/6/25 0:00
161,Ohio,MAC,0.01,107.5,146,107.5,202,70.3,92,1/6/25 0:00
162,Utah Valley,WAC,-0.09,101.2,263,101.3,94,69.8,114,1/6/25 0:00
163,Rice,Amer,-0.13,103.3,221,103.5,118,65.7,299,1/6/25 0:00
164,La Salle,A10,-0.15,105,190,105.2,155,71.7,40,1/6/25 0:00
165,Columbia,Ivy,-0.16,110.2,104,110.3,259,68.9,162,1/6/25 0:00
166,Texas A&M Corpus Chris,Slnd,-0.21,108.4,134,108.6,225,69.8,111,1/6/25 0:00
167,Florida Gulf Coast,ASun,-0.26,107.5,147,107.8,207,65.6,311,1/6/25 0:00
168,Tulane,Amer,-0.46,104.8,196,105.2,156,69.3,141,1/6/25 0:00
169,Jacksonville,ASun,-0.52,101.4,257,101.9,97,69.3,145,1/6/25 0:00
170,Jacksonville St.,CUSA,-0.56,110.7,99,111.3,282,66,287,1/6/25 0:00
171,UC Riverside,BW,-0.77,104.8,194,105.6,165,67.9,209,1/6/25 0:00
172,Illinois Chicago,MVC,-0.81,107.8,144,108.6,224,70,101,1/6/25 0:00
173,Appalachian St.,SB,-0.9,101.8,248,102.7,107,65.2,329,1/6/25 0:00
174,Hawaii,BW,-0.91,103.5,216,104.5,137,65,334,1/6/25 0:00
175,Hofstra,CAA,-1.08,98.4,315,99.5,61,65.1,333,1/6/25 0:00
176,UT Arlington,WAC,-1.1,109.6,115,110.7,265,71,63,1/6/25 0:00
177,Indiana St.,MVC,-1.14,109.6,113,110.7,268,73.9,9,1/6/25 0:00
178,Chattanooga,SC,-1.15,110,109,111.1,275,67.6,221,1/6/25 0:00
179,Wright St.,Horz,-1.15,108.8,124,110,252,67.8,213,1/6/25 0:00
180,East Carolina,Amer,-1.22,104.7,197,106,170,67,246,1/6/25 0:00
181,UNC Asheville,BSth,-1.23,110.2,102,111.5,286,68.3,194,1/6/25 0:00
182,Miami OH,MAC,-1.25,106.2,172,107.4,200,69.3,144,1/6/25 0:00
183,South Florida,Amer,-1.39,106.2,171,107.6,204,69.5,132,1/6/25 0:00
184,Montana St.,BSky,-1.5,104.6,200,106.1,174,67.9,208,1/6/25 0:00
185,Merrimack,MAAC,-1.51,101.8,250,103.3,114,65.3,326,1/6/25 0:00
186,Boston College,ACC,-1.57,105.5,186,107,191,67.5,229,1/6/25 0:00
187,Montana,BSky,-1.58,107.9,142,109.5,242,69.6,125,1/6/25 0:00
188,Drexel,CAA,-1.73,102.4,236,104.1,133,64.7,343,1/6/25 0:00
189,Longwood,BSth,-1.92,104.4,204,106.3,176,69.8,112,1/6/25 0:00
190,Radford,BSth,-1.95,107.6,145,109.5,245,64.9,337,1/6/25 0:00
191,Bryant,AE,-2.09,104.6,201,106.7,183,74.9,2,1/6/25 0:00
192,Northern Kentucky,Horz,-2.16,100.3,282,102.5,104,65.5,316,1/6/25 0:00
193,Central Connecticut,NEC,-2.33,100.6,277,102.9,109,65.6,303,1/6/25 0:00
194,Northeastern,CAA,-2.42,101.4,255,103.9,125,69.3,139,1/6/25 0:00
195,Winthrop,BSth,-2.44,105.6,183,108.1,211,73.5,10,1/6/25 0:00
196,Lamar,Slnd,-2.46,101.6,253,104.1,131,67.4,231,1/6/25 0:00
197,William & Mary,CAA,-2.47,110.9,95,113.3,317,71.9,38,1/6/25 0:00
198,Valparaiso,MVC,-2.52,108.3,137,110.8,271,69.5,129,1/6/25 0:00
199,Marshall,SB,-2.54,103.7,213,106.2,175,69.7,116,1/6/25 0:00
200,Youngstown St.,Horz,-2.68,98.3,319,100.9,86,71.2,57,1/6/25 0:00
,,,,,Strength of Schedule,NCSOS,,,,1/6/25 0:00
Rk,Team,Conf,NetRtg,ORtg,DRtg,AdjT,Luck,NetRtg,ORtg,1/6/25 0:00
201,Pepperdine,WCC,-2.7,103.8,211,106.5,180,70.4,89,1/6/25 0:00
202,San Jose St.,MWC,-2.76,106.7,161,109.5,243,66.3,268,1/6/25 0:00
203,Brown,Ivy,-2.83,104.9,193,107.7,206,65.6,312,1/6/25 0:00
204,Kennesaw St.,CUSA,-2.84,104.8,195,107.7,205,72.5,27,1/6/25 0:00
205,Kansas City,Sum,-3.21,103.4,220,106.6,181,65.6,308,1/6/25 0:00
206,Oakland,Horz,-3.23,105.7,182,108.9,229,63.1,358,1/6/25 0:00
207,Southern Utah,WAC,-3.4,105,192,108.4,219,69.9,105,1/6/25 0:00
208,Cleveland St.,Horz,-3.5,102,243,105.5,161,67,245,1/6/25 0:00
209,Missouri St.,MVC,-3.54,102.4,237,105.9,169,64.8,339,1/6/25 0:00
210,Toledo,MAC,-3.58,108.7,126,112.3,305,71.2,53,1/6/25 0:00
211,Towson,CAA,-3.91,101,269,104.9,149,63.4,356,1/6/25 0:00
212,UT Rio Grande Valley,Slnd,-3.97,106.1,175,110.1,255,70.6,82,1/6/25 0:00
213,Marist,MAAC,-4.13,101.4,258,105.5,162,65.2,332,1/6/25 0:00
214,Central Michigan,MAC,-4.21,99.8,290,104.1,130,69.2,149,1/6/25 0:00
215,Delaware,CAA,-4.35,108.5,133,112.8,314,70.6,78,1/6/25 0:00
216,South Carolina St.,MEAC,-4.78,100.9,272,105.6,166,69.1,154,1/6/25 0:00
217,North Florida,ASun,-4.81,111.1,91,115.9,348,72.9,18,1/6/25 0:00
218,Richmond,A10,-4.89,103.1,228,108,210,66.7,256,1/6/25 0:00
219,Quinnipiac,MAAC,-4.92,99.7,295,104.6,142,71.5,47,1/6/25 0:00
220,Eastern Kentucky,ASun,-4.95,106.8,158,111.8,295,69.4,134,1/6/25 0:00
221,Nicholls,Slnd,-4.97,102.3,239,107.3,196,69.3,140,1/6/25 0:00
222,FIU,CUSA,-4.98,98.3,316,103.3,116,71.2,59,1/6/25 0:00
223,Robert Morris,Horz,-5.08,101,266,106.1,173,70.1,98,1/6/25 0:00
224,Massachusetts,A10,-5.09,103,230,108.1,213,71.8,39,1/6/25 0:00
225,Stephen F. Austin,Slnd,-5.2,92.8,357,98,45,66.8,253,1/6/25 0:00
226,Little Rock,OVC,-5.27,98.2,320,103.5,119,68.5,184,1/6/25 0:00
227,Mercer,SC,-5.3,103.2,226,108.5,221,72.6,23,1/6/25 0:00
228,Idaho St.,BSky,-5.33,102.5,235,107.8,208,66,285,1/6/25 0:00
229,Vermont,AE,-5.34,97.8,326,103.1,112,64.1,349,1/6/25 0:00
230,Mount St. Mary's,MAAC,-5.41,99.3,304,104.7,144,69.8,110,1/6/25 0:00
231,Saint Peter's,MAAC,-5.61,99.4,301,105,150,62.8,359,1/6/25 0:00
232,Cal St. Bakersfield,BW,-5.67,103.7,212,109.4,240,65.2,328,1/6/25 0:00
233,Fordham,A10,-5.67,102.8,232,108.4,220,71.5,49,1/6/25 0:00
234,Albany,AE,-5.75,104.7,198,110.5,261,69.7,121,1/6/25 0:00
235,Charlotte,Amer,-5.76,106.1,176,111.9,297,66.1,279,1/6/25 0:00
236,Abilene Christian,WAC,-5.84,99,308,104.8,147,69.7,118,1/6/25 0:00
237,Gardner Webb,BSth,-5.95,103.1,229,109,233,70.4,88,1/6/25 0:00
238,UC Davis,BW,-6.02,96.3,337,102.3,103,71.2,56,1/6/25 0:00
239,Presbyterian,BSth,-6.09,103.4,219,109.5,246,64.8,340,1/6/25 0:00
240,Hampton,CAA,-6.1,102.1,241,108.2,215,66.5,261,1/6/25 0:00
,,,,,Strength of Schedule,NCSOS,,,,1/6/25 0:00
Rk,Team,Conf,NetRtg,ORtg,DRtg,AdjT,Luck,NetRtg,ORtg,1/6/25 0:00
241,Ball St.,MAC,-6.19,103.3,222,109.5,244,68,206,1/6/25 0:00
242,Southeastern Louisiana,Slnd,-6.26,98.5,314,104.8,146,68.6,181,1/6/25 0:00
243,UMBC,AE,-6.3,107.2,152,113.5,322,72.2,31,1/6/25 0:00
244,Cal Poly,BW,-6.62,104.2,206,110.8,273,76.2,1,1/6/25 0:00
245,South Dakota,Sum,-6.65,109.7,112,116.3,353,74.1,8,1/6/25 0:00
246,Southern,SWAC,-6.72,98.1,322,104.8,148,69,158,1/6/25 0:00
247,Maine,AE,-6.74,98.8,311,105.6,164,68.1,204,1/6/25 0:00
248,Bethune Cookman,SWAC,-6.89,98.1,321,105,151,69.2,148,1/6/25 0:00
249,Weber St.,BSky,-7.01,105.1,188,112.1,302,66,284,1/6/25 0:00
250,Idaho,BSky,-7.06,106.4,169,113.5,321,67,247,1/6/25 0:00
251,Incarnate Word,Slnd,-7.09,105.7,181,112.7,313,66.2,276,1/6/25 0:00
252,Bucknell,PL,-7.33,95.6,344,102.9,110,68.8,164,1/6/25 0:00
253,Queens,ASun,-7.4,103.9,210,111.3,280,70.9,66,1/6/25 0:00
254,Southern Illinois,MVC,-7.41,100.1,284,107.5,203,70.2,96,1/6/25 0:00
255,Fresno St.,MWC,-7.44,99.4,300,106.9,187,74.9,3,1/6/25 0:00
256,Portland St.,BSky,-7.56,101.7,252,109.2,237,70.5,83,1/6/25 0:00
257,Lehigh,PL,-7.74,103.6,215,111.3,281,68.4,189,1/6/25 0:00
258,UTSA,Amer,-7.74,103,231,110.7,270,72.8,22,1/6/25 0:00
259,SIUE,OVC,-7.76,99.1,306,106.9,185,66.2,273,1/6/25 0:00
260,Northwestern St.,Slnd,-7.83,101.5,254,109.3,239,64.9,338,1/6/25 0:00
261,American,PL,-7.85,103.6,214,111.5,285,64.2,347,1/6/25 0:00
262,Southeast Missouri,OVC,-7.9,99.2,305,107.1,192,70,102,1/6/25 0:00
263,Eastern Washington,BSky,-7.97,105.8,179,113.8,330,68.3,191,1/6/25 0:00
264,Alabama St.,SWAC,-7.99,104.6,202,112.6,309,70.1,97,1/6/25 0:00
265,Boston University,PL,-8.06,100.6,273,108.7,228,63.4,355,1/6/25 0:00
266,Harvard,Ivy,-8.42,99.9,289,108.3,216,67.3,234,1/6/25 0:00
267,Nebraska Omaha,Sum,-8.44,104,208,112.5,307,68.2,201,1/6/25 0:00
268,Northern Arizona,BSky,-8.49,105.1,187,113.6,328,67.8,214,1/6/25 0:00
269,Siena,MAAC,-8.55,99.8,292,108.3,217,66.2,275,1/6/25 0:00
270,Colgate,PL,-8.6,101.4,256,110,253,66.2,277,1/6/25 0:00
271,Lafayette,PL,-8.81,98.3,317,107.1,194,67,242,1/6/25 0:00
272,Iona,MAAC,-8.87,98,323,106.9,186,71.1,61,1/6/25 0:00
273,Monmouth,CAA,-9.2,102.5,234,111.7,293,67.6,225,1/6/25 0:00
274,Manhattan,MAAC,-9.28,106.2,170,115.5,343,70.5,84,1/6/25 0:00
275,Coastal Carolina,SB,-9.31,100.6,275,109.9,251,63.8,353,1/6/25 0:00
276,Georgia Southern,SB,-9.36,99.3,303,108.7,226,72.8,20,1/6/25 0:00
277,Bowling Green,MAC,-9.37,101.8,247,111.2,278,70.9,67,1/6/25 0:00
278,Charleston Southern,BSth,-9.37,101.8,249,111.2,276,69.6,127,1/6/25 0:00
279,Sacred Heart,MAAC,-9.39,103.3,223,112.7,310,70.3,93,1/6/25 0:00
280,Campbell,CAA,-9.53,98.9,309,108.5,222,67.6,223,1/6/25 0:00
,,,,,Strength of Schedule,NCSOS,,,,1/6/25 0:00
Rk,Team,Conf,NetRtg,ORtg,DRtg,AdjT,Luck,NetRtg,ORtg,1/6/25 0:00
281,Tennessee Martin,OVC,-9.7,97.6,331,107.3,198,67.1,239,1/6/25 0:00
282,Howard,MEAC,-9.77,106.4,168,116.2,350,68.8,167,1/6/25 0:00
283,Dartmouth,Ivy,-9.84,99.1,307,108.9,230,71.2,58,1/6/25 0:00
284,Austin Peay,ASun,-9.87,95.9,340,105.8,168,65.3,324,1/6/25 0:00
285,San Diego,WCC,-9.91,95.4,346,105.4,157,71.6,42,1/6/25 0:00
286,Evansville,MVC,-9.96,96,339,106,171,67,243,1/6/25 0:00
287,Jackson St.,SWAC,-10.04,95.4,347,105.4,160,70.4,90,1/6/25 0:00
288,Western Michigan,MAC,-10.08,101.1,264,111.2,277,67.7,219,1/6/25 0:00
289,Tulsa,Amer,-10.1,100.1,285,110.2,258,68.6,177,1/6/25 0:00
290,Southern Miss,SB,-10.13,100.5,279,110.6,264,69.1,153,1/6/25 0:00
291,Georgia St.,SB,-10.14,100,287,110.1,257,69.9,106,1/6/25 0:00
292,Tarleton St.,WAC,-10.35,95.6,342,106,172,66.3,269,1/6/25 0:00
293,Air Force,MWC,-10.64,100.3,281,111,274,64.5,344,1/6/25 0:00
294,Loyola MD,PL,-10.94,99.8,291,110.7,269,68.9,163,1/6/25 0:00
295,Utah Tech,WAC,-11.04,101.1,265,112.1,301,68.3,190,1/6/25 0:00
296,Stonehill,NEC,-11.06,100.9,271,112,300,66.2,272,1/6/25 0:00
297,Navy,PL,-11.21,102.4,238,113.6,325,69,156,1/6/25 0:00
298,Pacific,WCC,-11.28,100.9,270,112.2,303,68.3,193,1/6/25 0:00
299,North Dakota,Sum,-11.33,105.5,184,116.9,357,69.4,136,1/6/25 0:00
300,Long Beach St.,BW,-11.51,101.9,244,113.4,318,65,335,1/6/25 0:00
301,Tennessee Tech,OVC,-11.69,99.7,294,111.4,283,69.4,133,1/6/25 0:00
302,Army,PL,-11.76,101,267,112.7,312,68.8,170,1/6/25 0:00
303,Penn,Ivy,-11.91,101.8,246,113.8,329,66.2,278,1/6/25 0:00
304,Morehead St.,OVC,-12.13,99.7,293,111.8,296,67.1,241,1/6/25 0:00
305,Louisiana,SB,-12.14,101.9,245,114,333,68.5,185,1/6/25 0:00
306,Binghamton,AE,-12.15,99.5,297,111.7,291,65.8,293,1/6/25 0:00
307,Niagara,MAAC,-12.2,101.2,261,113.4,319,65.3,322,1/6/25 0:00
308,Detroit Mercy,Horz,-12.37,96.9,335,109.2,238,68.1,203,1/6/25 0:00
309,North Carolina Central,MEAC,-12.43,102,242,114.4,334,67.1,240,1/6/25 0:00
310,Holy Cross,PL,-12.61,103.5,217,116.1,349,65.6,306,1/6/25 0:00
311,Tennessee St.,OVC,-12.72,98.9,310,111.6,289,72.8,21,1/6/25 0:00
312,North Carolina A&T,CAA,-12.8,100.5,278,113.3,316,73.2,15,1/6/25 0:00
313,Fairfield,MAAC,-12.87,103.4,218,116.3,352,66.9,251,1/6/25 0:00
314,Delaware St.,MEAC,-12.98,99.3,302,112.3,304,70.8,71,1/6/25 0:00
315,Fairleigh Dickinson,NEC,-13.14,102.6,233,115.7,346,70.8,72,1/6/25 0:00
316,Eastern Michigan,MAC,-13.18,100.3,283,113.4,320,68.4,187,1/6/25 0:00
317,Rider,MAAC,-13.22,100.4,280,113.6,326,64.7,342,1/6/25 0:00
318,Portland,WCC,-13.26,99.5,298,112.7,311,70,103,1/6/25 0:00
319,Oral Roberts,Sum,-13.28,103.3,224,116.6,354,69.2,151,1/6/25 0:00
320,LIU,NEC,-13.29,95.1,349,108.4,218,67,244,1/6/25 0:00
,,,,,Strength of Schedule,NCSOS,,,,1/6/25 0:00
Rk,Team,Conf,NetRtg,ORtg,DRtg,AdjT,Luck,NetRtg,ORtg,1/6/25 0:00
321,Texas Southern,SWAC,-13.43,95.7,341,109.1,235,71.3,52,1/6/25 0:00
322,Prairie View A&M,SWAC,-13.48,103.1,227,116.6,355,71.6,44,1/6/25 0:00
323,Grambling St.,SWAC,-13.62,97.8,325,111.4,284,66.1,281,1/6/25 0:00
324,Old Dominion,SB,-13.71,98.8,312,112.5,308,68.5,182,1/6/25 0:00
325,Cal St. Fullerton,BW,-13.81,97.9,324,111.8,294,65.4,319,1/6/25 0:00
326,Denver,Sum,-14.04,101.3,260,115.3,340,67.5,226,1/6/25 0:00
327,Southern Indiana,OVC,-14.29,97.4,332,111.7,292,67.6,222,1/6/25 0:00
328,Western Illinois,OVC,-14.31,101.2,262,115.5,344,63.9,350,1/6/25 0:00
329,Stony Brook,CAA,-14.81,101,268,115.8,347,66.2,270,1/6/25 0:00
330,VMI,SC,-14.84,98.7,313,113.6,323,68.3,197,1/6/25 0:00
331,Buffalo,MAC,-14.89,100,288,114.9,338,70.9,69,1/6/25 0:00
332,Eastern Illinois,OVC,-15.15,95.6,345,110.7,267,68.1,205,1/6/25 0:00
333,Sacramento St.,BSky,-15.31,93.9,355,109.2,236,65.2,330,1/6/25 0:00
334,Green Bay,Horz,-15.43,101.3,259,116.8,356,70.6,77,1/6/25 0:00
335,Saint Francis,NEC,-15.56,98.3,318,113.8,332,68.8,166,1/6/25 0:00
336,Western Carolina,SC,-15.66,94.1,353,109.7,248,72.3,30,1/6/25 0:00
337,Central Arkansas,ASun,-15.74,95.1,350,110.8,272,68.3,196,1/6/25 0:00
338,Houston Christian,Slnd,-15.83,97.8,327,113.6,327,65.8,295,1/6/25 0:00
339,Lindenwood,OVC,-15.89,93,356,108.9,231,69.9,107,1/6/25 0:00
340,Stetson,ASun,-15.98,99.7,296,115.6,345,69.6,124,1/6/25 0:00
341,IU Indy,Horz,-16.22,103.2,225,119.4,360,65.6,310,1/6/25 0:00
342,Alcorn St.,SWAC,-16.74,99.4,299,116.2,351,66.2,274,1/6/25 0:00
343,Wagner,NEC,-16.86,90.2,361,107,190,62,362,1/6/25 0:00
344,Louisiana Monroe,SB,-17.12,96,338,113.1,315,68.2,202,1/6/25 0:00
345,New Orleans,Slnd,-17.34,97.6,329,115,339,69.6,123,1/6/25 0:00
346,Le Moyne,NEC,-17.36,97.1,334,114.5,335,70.1,100,1/6/25 0:00
347,USC Upstate,BSth,-17.47,97.4,333,114.8,337,73.4,12,1/6/25 0:00
348,East Texas A&M,Slnd,-17.71,93.9,354,111.6,290,69.7,117,1/6/25 0:00
349,West Georgia,ASun,-17.84,96.6,336,114.5,336,67.7,216,1/6/25 0:00
350,Bellarmine,ASun,-17.94,102.3,240,120.2,361,67.3,235,1/6/25 0:00
351,Northern Illinois,MAC,-18.03,94.3,352,112.4,306,70.5,85,1/6/25 0:00
352,Morgan St.,MEAC,-18.13,100.6,276,118.7,359,71.6,43,1/6/25 0:00
353,Mercyhurst,NEC,-18.21,95.6,343,113.8,331,65.2,327,1/6/25 0:00
354,Florida A&M,SWAC,-18.6,91.7,359,110.3,260,69.9,109,1/6/25 0:00
355,NJIT,AE,-19.61,92.3,358,111.9,298,65.7,298,1/6/25 0:00
356,Maryland Eastern Shore,MEAC,-19.99,97.7,328,117.7,358,68,207,1/6/25 0:00
357,The Citadel,SC,-20.18,95.2,348,115.4,342,65.4,318,1/6/25 0:00
358,Alabama A&M,SWAC,-20.68,94.7,351,115.3,341,72.5,25,1/6/25 0:00
359,Canisius,MAAC,-20.81,100.6,274,121.4,363,66.1,283,1/6/25 0:00
360,Chicago St.,NEC,-20.98,89.7,362,110.7,266,69.7,120,1/6/25 0:00
,,,,,Strength of Schedule,NCSOS,,,,1/6/25 0:00
Rk,Team,Conf,NetRtg,ORtg,DRtg,AdjT,Luck,NetRtg,ORtg,1/6/25 0:00
361,New Hampshire,AE,-22.87,90.7,360,113.6,324,68.6,178,1/6/25 0:00
362,Coppin St.,MEAC,-23.88,86.7,363,110.6,263,67.8,212,1/6/25 0:00
363,Arkansas Pine Bluff,SWAC,-25.33,97.6,330,122.9,364,73.3,14,1/6/25 0:00
364,Mississippi Valley St.,SWAC,-35.54,85.6,364,121.2,362,65.8,296,1/6/25 0:00
1,Auburn,SEC,36.7,130.4,1,93.7,14,68.7,170,1/7/25 0:00
2,Duke,ACC,35.26,122.6,9,87.4,3,66.2,271,1/7/25 0:00
3,Houston,B12,33.14,119.9,15,86.7,1,62.2,361,1/7/25 0:00
4,Tennessee,SEC,32.06,119.1,20,87.1,2,65.7,297,1/7/25 0:00
5,Iowa St.,B12,30.35,123.4,8,93,9,70,98,1/7/25 0:00
6,Gonzaga,WCC,28.15,123.5,6,95.3,19,71.2,55,1/7/25 0:00
7,Florida,SEC,26.65,124,3,97.3,36,70.5,86,1/7/25 0:00
8,Kansas,B12,26.34,117.8,25,91.4,5,69.9,109,1/7/25 0:00
9,Alabama,SEC,26.07,123.9,4,97.8,44,74.5,5,1/7/25 0:00
10,Marquette,BE,25.95,120,14,94,16,68.7,174,1/7/25 0:00
11,Illinois,B10,25.71,119.3,19,93.6,13,72.8,19,1/7/25 0:00
12,Texas A&M,SEC,23.98,115.8,40,91.8,6,67.4,229,1/7/25 0:00
13,Michigan,B10,23.85,118.1,24,94.3,18,71.1,56,1/7/25 0:00
14,Texas Tech,B12,23.05,122.4,10,99.4,60,66.7,255,1/7/25 0:00
15,Mississippi St.,SEC,22.99,119.7,16,96.7,29,68.9,161,1/7/25 0:00
16,Michigan St.,B10,22.94,116.2,34,93.3,11,69,155,1/7/25 0:00
17,Arizona,B12,22.89,119.4,18,96.5,27,71.4,51,1/7/25 0:00
18,Purdue,B10,22.86,122.2,11,99.3,57,65.9,293,1/7/25 0:00
19,Kentucky,SEC,22.6,123.6,5,101,90,71.6,42,1/7/25 0:00
20,UCLA,B10,22.11,111.1,90,89,4,66.8,251,1/7/25 0:00
21,Wisconsin,B10,21.79,121.1,12,99.3,59,68.7,173,1/7/25 0:00
22,Pittsburgh,ACC,21.69,119.5,17,97.8,43,68.7,175,1/7/25 0:00
23,Baylor,B12,21.61,120.5,13,98.9,51,66.6,258,1/7/25 0:00
24,St. John's,BE,21.58,114.3,49,92.7,8,71.1,63,1/7/25 0:00
25,Connecticut,BE,21.11,125.3,2,104.2,134,65.7,298,1/7/25 0:00
26,Maryland,B10,21.1,116.6,32,95.5,20,70.2,94,1/7/25 0:00
27,Oregon,B10,20.44,118.6,21,98.1,45,69.2,144,1/7/25 0:00
28,Cincinnati,B12,20.36,112.7,62,92.3,7,66.5,261,1/7/25 0:00
29,Mississippi,SEC,19.86,116.3,33,96.4,26,68.5,183,1/7/25 0:00
30,Memphis,Amer,19.14,116.1,35,96.9,31,70.8,71,1/7/25 0:00
31,Clemson,ACC,19.07,116,37,97,33,65.9,288,1/7/25 0:00
32,Ohio St.,B10,19.03,116.7,31,97.7,40,68.8,162,1/7/25 0:00
33,Nebraska,B10,18.76,111.9,75,93.1,10,69.3,137,1/7/25 0:00
34,San Diego St.,MWC,18.48,112,73,93.5,12,66.9,250,1/7/25 0:00
35,North Carolina,ACC,18.33,117.6,26,99.3,56,74.3,7,1/7/25 0:00
36,West Virginia,B12,17.85,111.6,77,93.8,15,65.8,296,1/7/25 0:00
37,Villanova,BE,17.09,123.4,7,106.3,178,64.3,345,1/7/25 0:00
38,Arkansas,SEC,17.02,113.1,57,96.1,24,70.5,85,1/7/25 0:00
39,BYU,B12,16.88,117.1,29,100.2,74,68.6,178,1/7/25 0:00
40,Louisville,ACC,16.87,115,43,98.2,46,68.9,159,1/7/25 0:00
,,,,,Strength of Schedule,NCSOS,,,,1/7/25 0:00
Rk,Team,Conf,NetRtg,ORtg,DRtg,AdjT,Luck,NetRtg,ORtg,1/7/25 0:00
41,Penn St.,B10,16.84,115.9,38,99.1,52,72.3,29,1/7/25 0:00
42,VCU,A10,16.82,112.7,63,95.9,22,67.4,230,1/7/25 0:00
43,Texas,SEC,16.68,114,50,97.3,35,67.5,223,1/7/25 0:00
44,Saint Mary's,WCC,16.61,114.3,47,97.7,42,63.8,352,1/7/25 0:00
45,Oklahoma,SEC,16.58,117.5,27,100.9,87,68.3,192,1/7/25 0:00
46,Utah St.,MWC,16.57,114.3,48,97.7,41,70.5,81,1/7/25 0:00
47,Vanderbilt,SEC,16.42,117.3,28,100.9,85,72.1,31,1/7/25 0:00
48,Dayton,A10,16.12,116.8,30,100.7,83,66.5,264,1/7/25 0:00
49,Creighton,BE,16.06,113.5,55,97.4,38,69.5,131,1/7/25 0:00
50,Georgia,SEC,15.78,112.3,71,96.5,28,67,241,1/7/25 0:00
51,SMU,ACC,15.61,118.4,23,102.8,108,70.6,79,1/7/25 0:00
52,Northwestern,B10,15.5,111.5,82,96,23,65.6,301,1/7/25 0:00
53,Missouri,SEC,15.43,116.1,36,100.6,81,69.3,140,1/7/25 0:00
54,Indiana,B10,15.28,113.7,54,98.4,48,70.6,78,1/7/25 0:00
55,Iowa,B10,14.62,118.4,22,103.8,125,72.8,18,1/7/25 0:00
56,Xavier,BE,14.57,114.4,46,99.8,67,69.6,123,1/7/25 0:00
57,Arizona St.,B12,14.02,111,92,96.9,32,68.8,165,1/7/25 0:00
58,Nevada,MWC,13.38,113.9,51,100.5,80,63.6,354,1/7/25 0:00
59,Boise St.,MWC,12.98,113.4,56,100.4,76,67.7,215,1/7/25 0:00
60,LSU,SEC,12.71,110.9,93,98.2,47,69.5,129,1/7/25 0:00
61,San Francisco,WCC,12.55,112.4,68,99.9,68,68.2,202,1/7/25 0:00
62,New Mexico,MWC,12.36,113.7,53,101.3,95,74.5,6,1/7/25 0:00
63,UC Irvine,BW,12.32,106.4,168,94.1,17,70.3,91,1/7/25 0:00
64,Georgetown,BE,12.27,109.4,116,97.1,34,69.3,141,1/7/25 0:00
65,UC San Diego,BW,12.24,112.7,61,100.5,79,67.5,222,1/7/25 0:00
66,Liberty,CUSA,12.03,109.6,111,97.6,39,64.3,346,1/7/25 0:00
67,St. Bonaventure,A10,11.94,110.5,102,98.6,49,65.3,320,1/7/25 0:00
68,McNeese,Slnd,11.93,111.5,81,99.6,64,65.6,300,1/7/25 0:00
69,Florida St.,ACC,11.62,111.6,78,100,70,70.7,76,1/7/25 0:00
70,Washington St.,WCC,11.11,111.2,89,100.1,72,72.3,28,1/7/25 0:00
71,North Texas,Amer,11.08,108.4,133,97.4,37,63.2,357,1/7/25 0:00
72,Butler,BE,10.89,111.3,84,100.4,78,68.2,200,1/7/25 0:00
73,South Carolina,SEC,10.5,110.1,105,99.6,65,66.5,260,1/7/25 0:00
74,George Mason,A10,10.3,106.1,175,95.8,21,66.1,282,1/7/25 0:00
75,TCU,B12,10.26,106.4,169,96.1,25,67.4,231,1/7/25 0:00
76,Santa Clara,WCC,10.26,114.9,45,104.6,143,69.3,138,1/7/25 0:00
77,USC,B10,9.96,110.6,101,100.7,82,68.6,176,1/7/25 0:00
78,Oregon St.,WCC,9.96,111.9,74,101.9,99,65.3,324,1/7/25 0:00
79,Lipscomb,ASun,9.94,109.5,114,99.6,63,67.4,232,1/7/25 0:00
80,UCF,B12,9.86,110.9,94,101,91,70.8,74,1/7/25 0:00
,,,,,Strength of Schedule,NCSOS,,,,1/7/25 0:00
Rk,Team,Conf,NetRtg,ORtg,DRtg,AdjT,Luck,NetRtg,ORtg,1/7/25 0:00
81,Rutgers,B10,9.57,111.3,85,101.7,96,71.4,52,1/7/25 0:00
82,Yale,Ivy,9.32,113.8,52,104.4,138,68.3,190,1/7/25 0:00
83,Wake Forest,ACC,9.17,105.9,178,96.7,30,66.8,252,1/7/25 0:00
84,Providence,BE,9.15,110,107,100.8,84,64.9,337,1/7/25 0:00
85,Colorado,B12,9.06,108.4,135,99.3,58,68.4,187,1/7/25 0:00
86,Drake,MVC,8.95,109.4,117,100.4,77,60.8,364,1/7/25 0:00
87,Kansas St.,B12,8.89,109.9,110,101,89,68.7,171,1/7/25 0:00
88,Washington,B10,8.87,108.3,136,99.4,61,69.5,130,1/7/25 0:00
89,Bradley,MVC,8.87,112.5,67,103.6,122,65.9,290,1/7/25 0:00
90,Utah,B12,8.77,110.8,97,102.1,100,71.5,48,1/7/25 0:00
91,Notre Dame,ACC,8.46,113.1,58,104.6,144,65.6,305,1/7/25 0:00
92,Colorado St.,MWC,8.07,106.8,157,98.8,50,68.2,199,1/7/25 0:00
93,N.C. State,ACC,8.06,111.6,80,103.5,121,66.2,268,1/7/25 0:00
94,Arkansas St.,SB,7.62,107.8,140,100.2,73,70.9,69,1/7/25 0:00
95,Rhode Island,A10,7.54,108.6,130,101.1,92,71.9,36,1/7/25 0:00
96,UNLV,MWC,7.37,111.2,86,103.9,127,66.1,281,1/7/25 0:00
97,Saint Joseph's,A10,7.3,107.3,151,100,71,69.6,121,1/7/25 0:00
98,Stanford,ACC,7.24,112.3,72,105,153,67.8,212,1/7/25 0:00
99,Grand Canyon,WAC,7.07,107,155,100,69,73.5,11,1/7/25 0:00
100,Northern Iowa,MVC,6.67,111.2,88,104.5,141,65.6,307,1/7/25 0:00
101,Georgia Tech,ACC,6.59,109.1,120,102.5,105,70.9,66,1/7/25 0:00
102,Florida Atlantic,Amer,6.29,112.9,60,106.6,183,72.5,25,1/7/25 0:00
103,Samford,SC,5.16,115.2,41,110.1,254,71.5,49,1/7/25 0:00
104,Davidson,A10,5.07,112.4,70,107.3,200,66.6,257,1/7/25 0:00
105,Virginia,ACC,5,104.2,206,99.2,53,61,363,1/7/25 0:00
106,Furman,SC,5,108.9,122,103.9,128,65.5,315,1/7/25 0:00
107,Oklahoma St.,B12,4.97,106.2,173,101.2,93,72,35,1/7/25 0:00
108,South Alabama,SB,4.9,106.6,162,101.7,97,64.3,347,1/7/25 0:00
109,Troy,SB,4.84,105.8,180,100.9,88,66.6,259,1/7/25 0:00
110,DePaul,BE,4.53,108.6,128,104.1,132,69.2,149,1/7/25 0:00
111,Miami FL,ACC,4.38,115.8,39,111.5,288,67.6,221,1/7/25 0:00
112,Princeton,Ivy,4.38,110.8,99,106.4,180,68.5,182,1/7/25 0:00
113,Minnesota,B10,4.36,107.1,154,102.7,107,62.7,360,1/7/25 0:00
114,Murray St.,MVC,4.32,108.6,129,104.3,135,65.8,294,1/7/25 0:00
115,George Washington,A10,4.14,107.9,138,103.8,124,69.1,153,1/7/25 0:00
116,South Dakota St.,Sum,4.13,109,121,104.9,151,70.8,73,1/7/25 0:00
117,Saint Louis,A10,4.08,111.6,79,107.5,204,67.9,210,1/7/25 0:00
118,St. Thomas,Sum,4.05,112.7,64,108.6,226,69.7,114,1/7/25 0:00
119,Wichita St.,Amer,3.99,108.5,131,104.5,140,71.8,40,1/7/25 0:00
120,High Point,BSth,3.86,115.1,42,111.2,280,66.8,253,1/7/25 0:00
,,,,,Strength of Schedule,NCSOS,,,,1/7/25 0:00
Rk,Team,Conf,NetRtg,ORtg,DRtg,AdjT,Luck,NetRtg,ORtg,1/7/25 0:00
121,Temple,Amer,3.82,107.8,142,104,129,70.2,95,1/7/25 0:00
122,Western Kentucky,CUSA,3.68,104,207,100.3,75,74.8,4,1/7/25 0:00
123,Charleston,CAA,3.63,106.9,156,103.3,119,73.1,16,1/7/25 0:00
124,UAB,Amer,3.48,113,59,109.6,246,70.7,75,1/7/25 0:00
125,Syracuse,ACC,3.18,110.1,106,106.9,190,71,65,1/7/25 0:00
126,Middle Tennessee,CUSA,3.15,107.3,152,104.2,133,69.7,118,1/7/25 0:00
127,UNC Greensboro,SC,3.12,106.4,166,103.3,118,65.1,331,1/7/25 0:00
128,North Dakota St.,Sum,2.98,114.9,44,111.9,299,65.9,292,1/7/25 0:00
129,Illinois St.,MVC,2.85,110.9,96,108,213,65.9,286,1/7/25 0:00
130,Loyola Chicago,A10,2.8,105.9,177,103.1,114,69,156,1/7/25 0:00
131,UTEP,CUSA,2.79,105,191,102.2,101,69.2,145,1/7/25 0:00
132,California,ACC,2.75,112.5,66,109.8,249,68.9,158,1/7/25 0:00
133,UMass Lowell,AE,2.69,111.7,76,109,234,71.5,44,1/7/25 0:00
134,Louisiana Tech,CUSA,2.46,107.5,148,105,152,65.3,325,1/7/25 0:00
135,Kent St.,MAC,2.4,101.7,251,99.3,55,66.4,266,1/7/25 0:00
136,East Tennessee St.,SC,2.17,109.3,118,107.1,198,67.5,226,1/7/25 0:00
137,Loyola Marymount,WCC,2.13,104.4,203,102.2,102,68.7,172,1/7/25 0:00
138,UC Santa Barbara,BW,2.05,107.4,150,105.4,159,65.6,304,1/7/25 0:00
139,Wofford,SC,2.05,111.5,83,109.4,241,65.3,321,1/7/25 0:00
140,Akron,MAC,1.99,106.4,170,104.4,137,72.1,34,1/7/25 0:00
141,CSUN,BW,1.94,105,189,103.1,113,73.3,13,1/7/25 0:00
142,Belmont,MVC,1.92,110.8,98,108.9,232,72.5,26,1/7/25 0:00
143,Purdue Fort Wayne,Horz,1.87,112.4,69,110.5,261,69.2,147,1/7/25 0:00
144,James Madison,SB,1.72,108.7,127,107,191,66.5,262,1/7/25 0:00
145,Cornell,Ivy,1.17,111.2,87,110.1,255,71.9,37,1/7/25 0:00
146,Seattle,WAC,1.15,106.5,164,105.4,161,67.5,224,1/7/25 0:00
147,Norfolk St.,MEAC,1.09,107.4,149,106.3,179,66.7,254,1/7/25 0:00
148,Elon,CAA,1.07,106.7,160,105.6,166,65.6,302,1/7/25 0:00
149,Sam Houston St.,CUSA,1.07,112.6,65,111.5,289,69.5,132,1/7/25 0:00
150,South Florida,Amer,0.99,107.9,139,106.9,189,69.4,134,1/7/25 0:00
151,Seton Hall,BE,0.7,100,287,99.3,54,63.8,351,1/7/25 0:00
152,North Alabama,ASun,0.68,107.7,143,107.1,195,68.3,196,1/7/25 0:00
153,UNC Wilmington,CAA,0.67,108.5,132,107.8,208,67.3,237,1/7/25 0:00
154,Texas St.,SB,0.57,108.7,125,108.1,215,65.6,309,1/7/25 0:00
155,Duquesne,A10,0.21,103.9,209,103.7,123,64.7,340,1/7/25 0:00
156,Milwaukee,Horz,0.17,106.5,165,106.3,177,69.9,106,1/7/25 0:00
157,New Mexico St.,CUSA,0.17,104.6,200,104.4,139,67.1,238,1/7/25 0:00
158,Wyoming,MWC,0.16,105.4,184,105.3,157,65.6,311,1/7/25 0:00
159,Northern Colorado,BSky,0.15,109.9,109,109.7,248,71.1,60,1/7/25 0:00
160,Cal Baptist,WAC,0.13,108.7,126,108.6,225,66.4,265,1/7/25 0:00
,,,,,Strength of Schedule,NCSOS,,,,1/7/25 0:00
Rk,Team,Conf,NetRtg,ORtg,DRtg,AdjT,Luck,NetRtg,ORtg,1/7/25 0:00
161,Virginia Tech,ACC,0.12,106.8,158,106.7,185,65.5,316,1/7/25 0:00
162,Texas A&M Corpus Chris,Slnd,0.09,109.2,119,109.1,235,70.2,96,1/7/25 0:00
163,Ohio,MAC,0.03,107.5,147,107.5,202,70.2,92,1/7/25 0:00
164,Rice,Amer,-0.06,103.2,225,103.3,117,65.6,312,1/7/25 0:00
165,Utah Valley,WAC,-0.08,101.2,262,101.2,94,69.7,115,1/7/25 0:00
166,La Salle,A10,-0.15,105,190,105.1,156,71.7,41,1/7/25 0:00
167,Columbia,Ivy,-0.25,110.1,104,110.4,258,68.9,160,1/7/25 0:00
168,Florida Gulf Coast,ASun,-0.28,107.5,146,107.8,207,65.6,308,1/7/25 0:00
169,Tulane,Amer,-0.43,104.7,197,105.1,155,69.3,142,1/7/25 0:00
170,Jacksonville,ASun,-0.55,101.3,258,101.8,98,69.2,148,1/7/25 0:00
171,Jacksonville St.,CUSA,-0.56,110.7,100,111.2,282,65.9,287,1/7/25 0:00
172,UC Riverside,BW,-0.79,104.8,195,105.6,165,67.9,211,1/7/25 0:00
173,Illinois Chicago,MVC,-0.82,107.7,144,108.5,224,70,102,1/7/25 0:00
174,Appalachian St.,SB,-0.82,101.8,247,102.6,106,65.2,329,1/7/25 0:00
175,Hawaii,BW,-0.88,103.5,217,104.3,136,64.9,336,1/7/25 0:00
176,Wright St.,Horz,-1,108.8,123,109.8,250,67.8,213,1/7/25 0:00
177,East Carolina,Amer,-1.06,104.7,196,105.8,168,66.9,247,1/7/25 0:00
178,Hofstra,CAA,-1.08,98.4,316,99.5,62,65,333,1/7/25 0:00
179,UT Arlington,WAC,-1.1,109.5,113,110.6,265,71,64,1/7/25 0:00
180,Chattanooga,SC,-1.17,109.9,108,111,276,67.6,220,1/7/25 0:00
181,Indiana St.,MVC,-1.18,109.5,115,110.7,267,73.8,9,1/7/25 0:00
182,UNC Asheville,BSth,-1.22,110.2,103,111.4,285,68.3,195,1/7/25 0:00
183,Miami OH,MAC,-1.23,106.1,174,107.4,201,69.2,143,1/7/25 0:00
184,Merrimack,MAAC,-1.54,101.7,250,103.3,116,65.2,326,1/7/25 0:00
185,Lamar,Slnd,-1.58,101.5,254,103,111,67.3,236,1/7/25 0:00
186,Montana,BSky,-1.58,107.8,141,109.4,240,69.5,125,1/7/25 0:00
187,Boston College,ACC,-1.59,105.4,185,107,193,67.5,228,1/7/25 0:00
188,Montana St.,BSky,-1.66,104.6,202,106.2,176,67.9,208,1/7/25 0:00
189,Drexel,CAA,-1.75,102.3,236,104.1,131,64.7,342,1/7/25 0:00
190,Longwood,BSth,-1.87,104.3,204,106.1,175,69.8,113,1/7/25 0:00
191,Radford,BSth,-1.95,107.5,145,109.5,244,64.9,338,1/7/25 0:00
192,Northern Kentucky,Horz,-2.08,100.3,280,102.4,104,65.5,317,1/7/25 0:00
193,Bryant,AE,-2.1,104.6,201,106.7,184,74.9,2,1/7/25 0:00
194,Central Connecticut,NEC,-2.34,100.5,276,102.8,109,65.6,303,1/7/25 0:00
195,Northeastern,CAA,-2.43,101.4,255,103.8,126,69.3,139,1/7/25 0:00
196,Winthrop,BSth,-2.44,105.6,182,108,212,73.5,10,1/7/25 0:00
197,William & Mary,CAA,-2.45,110.9,95,113.3,317,71.8,39,1/7/25 0:00
198,Marshall,SB,-2.56,103.6,213,106.1,174,69.6,122,1/7/25 0:00
199,Valparaiso,MVC,-2.57,108.2,137,110.7,270,69.5,127,1/7/25 0:00
200,Pepperdine,WCC,-2.7,103.8,211,106.5,181,70.4,88,1/7/25 0:00
,,,,,Strength of Schedule,NCSOS,,,,1/7/25 0:00
Rk,Team,Conf,NetRtg,ORtg,DRtg,AdjT,Luck,NetRtg,ORtg,1/7/25 0:00
201,San Jose St.,MWC,-2.76,106.7,161,109.4,242,66.2,269,1/7/25 0:00
202,Brown,Ivy,-2.84,104.8,193,107.7,205,65.5,313,1/7/25 0:00
203,Youngstown St.,Horz,-2.86,98.1,324,100.9,86,71.1,62,1/7/25 0:00
204,Kennesaw St.,CUSA,-2.91,104.8,194,107.7,206,72.4,27,1/7/25 0:00
205,Oakland,Horz,-3.21,105.6,181,108.8,229,63,358,1/7/25 0:00
206,Kansas City,Sum,-3.37,103.3,221,106.6,182,65.6,310,1/7/25 0:00
207,Southern Utah,WAC,-3.4,104.9,192,108.3,219,69.9,105,1/7/25 0:00
208,Cleveland St.,Horz,-3.48,101.9,244,105.4,160,67,246,1/7/25 0:00
209,Missouri St.,MVC,-3.53,102.3,237,105.9,169,64.8,339,1/7/25 0:00
210,Toledo,MAC,-3.56,108.7,124,112.3,304,71.2,54,1/7/25 0:00
211,Nicholls,Slnd,-3.59,103.4,218,107,194,68.8,163,1/7/25 0:00
212,Towson,CAA,-3.82,100.9,270,104.7,146,63.4,355,1/7/25 0:00
213,Marist,MAAC,-4.14,101.3,257,105.5,163,65.1,332,1/7/25 0:00
214,Central Michigan,MAC,-4.19,99.8,290,104,130,69.2,150,1/7/25 0:00
215,UT Rio Grande Valley,Slnd,-4.2,106.6,163,110.8,272,70.3,90,1/7/25 0:00
216,Delaware,CAA,-4.39,108.4,134,112.8,314,70.6,80,1/7/25 0:00
217,North Florida,ASun,-4.82,111,91,115.9,348,72.9,17,1/7/25 0:00
218,Richmond,A10,-4.89,103,229,107.9,211,66.7,256,1/7/25 0:00
219,Quinnipiac,MAAC,-4.94,99.6,296,104.6,142,71.5,46,1/7/25 0:00
220,Eastern Kentucky,ASun,-4.96,106.8,159,111.7,294,69.4,135,1/7/25 0:00
221,FIU,CUSA,-4.96,98.3,317,103.3,115,71.1,57,1/7/25 0:00
222,South Carolina St.,MEAC,-5.03,101,265,106.1,173,69.7,116,1/7/25 0:00
223,Robert Morris,Horz,-5.1,100.9,269,106,172,70,99,1/7/25 0:00
224,Massachusetts,A10,-5.1,103,231,108.1,214,71.8,38,1/7/25 0:00
225,Little Rock,OVC,-5.25,98.2,321,103.4,120,68.5,185,1/7/25 0:00
226,Mercer,SC,-5.3,103.1,228,108.4,222,72.6,24,1/7/25 0:00
227,Idaho St.,BSky,-5.33,102.5,235,107.8,209,66,285,1/7/25 0:00
228,Vermont,AE,-5.34,97.7,328,103.1,112,64.1,349,1/7/25 0:00
229,Mount St. Mary's,MAAC,-5.43,99.3,305,104.7,145,69.8,112,1/7/25 0:00
230,Cal St. Bakersfield,BW,-5.66,103.7,212,109.3,239,65.2,328,1/7/25 0:00
231,Saint Peter's,MAAC,-5.67,99.4,302,105,154,62.8,359,1/7/25 0:00
232,Fordham,A10,-5.7,102.7,233,108.4,221,71.4,50,1/7/25 0:00
233,Southeastern Louisiana,Slnd,-5.72,99.2,306,104.9,150,68.4,186,1/7/25 0:00
234,Charlotte,Amer,-5.74,106.1,176,111.8,297,66.1,280,1/7/25 0:00
235,Albany,AE,-5.77,104.7,199,110.4,259,69.6,120,1/7/25 0:00
236,Gardner Webb,BSth,-5.9,103,230,108.9,233,70.4,87,1/7/25 0:00
237,UC Davis,BW,-6.01,96.3,337,102.3,103,71.1,59,1/7/25 0:00
238,Abilene Christian,WAC,-6.04,98.8,312,104.8,149,69.6,119,1/7/25 0:00
239,Hampton,CAA,-6.08,102.2,242,108.2,217,66.5,263,1/7/25 0:00
240,Ball St.,MAC,-6.18,103.3,222,109.4,243,68,207,1/7/25 0:00
,,,,,Strength of Schedule,NCSOS,,,,1/7/25 0:00
Rk,Team,Conf,NetRtg,ORtg,DRtg,AdjT,Luck,NetRtg,ORtg,1/7/25 0:00
241,Presbyterian,BSth,-6.25,103.3,220,109.5,245,64.7,341,1/7/25 0:00
242,UMBC,AE,-6.28,107.2,153,113.4,322,72.1,33,1/7/25 0:00
243,Cal Poly,BW,-6.63,104.2,205,110.8,273,76.2,1,1/7/25 0:00
244,Southern,SWAC,-6.69,98.1,322,104.8,147,69.5,126,1/7/25 0:00
245,South Dakota,Sum,-6.71,109.6,112,116.3,353,74.1,8,1/7/25 0:00
246,Bethune Cookman,SWAC,-6.73,98.1,323,104.8,148,69.1,152,1/7/25 0:00
247,Maine,AE,-6.75,98.8,314,105.5,164,68,205,1/7/25 0:00
248,Weber St.,BSky,-7,105.1,188,112.1,303,66,284,1/7/25 0:00
249,Idaho,BSky,-7.07,106.3,171,113.4,321,66.9,248,1/7/25 0:00
250,Stephen F. Austin,Slnd,-7.24,92.5,357,99.7,66,67.3,233,1/7/25 0:00
251,Bucknell,PL,-7.35,95.5,343,102.9,110,68.8,164,1/7/25 0:00
252,Queens,ASun,-7.39,103.8,210,111.2,281,70.9,67,1/7/25 0:00
253,Southern Illinois,MVC,-7.4,100.1,284,107.5,203,70.2,97,1/7/25 0:00
254,Fresno St.,MWC,-7.44,99.4,301,106.8,187,74.8,3,1/7/25 0:00
255,Portland St.,BSky,-7.54,101.6,253,109.2,237,70.5,83,1/7/25 0:00
256,UTSA,Amer,-7.59,103,232,110.6,263,72.7,22,1/7/25 0:00
257,SIUE,OVC,-7.77,99,308,106.8,186,66.2,275,1/7/25 0:00
258,Lehigh,PL,-7.78,103.5,216,111.3,283,68.3,189,1/7/25 0:00
259,American,PL,-7.85,103.6,214,111.4,286,64.2,348,1/7/25 0:00
260,Southeast Missouri,OVC,-7.92,99.1,307,107.1,196,70,103,1/7/25 0:00
261,Eastern Washington,BSky,-7.96,105.8,179,113.7,329,68.3,193,1/7/25 0:00
262,Incarnate Word,Slnd,-7.99,104.7,198,112.7,311,65.9,289,1/7/25 0:00
263,Boston University,PL,-8.06,100.6,273,108.6,228,63.4,356,1/7/25 0:00
264,Northern Arizona,BSky,-8.42,105.1,187,113.5,324,67.7,214,1/7/25 0:00
265,Harvard,Ivy,-8.42,99.8,289,108.2,216,67.3,234,1/7/25 0:00
266,Nebraska Omaha,Sum,-8.46,103.9,208,112.4,306,68.2,201,1/7/25 0:00
267,Siena,MAAC,-8.56,99.7,292,108.3,218,66.1,276,1/7/25 0:00
268,Colgate,PL,-8.59,101.4,256,110,252,66.1,278,1/7/25 0:00
269,Northwestern St.,Slnd,-8.74,102.2,241,110.9,275,65,334,1/7/25 0:00
270,Lafayette,PL,-8.81,98.3,318,107.1,197,67,243,1/7/25 0:00
271,Iona,MAAC,-8.88,97.9,326,106.8,188,71.1,61,1/7/25 0:00
272,Alabama St.,SWAC,-9.04,105.3,186,114.3,334,69.8,111,1/7/25 0:00
273,Manhattan,MAAC,-9.3,106.2,172,115.5,342,70.5,82,1/7/25 0:00
274,Coastal Carolina,SB,-9.3,100.6,274,109.9,251,63.7,353,1/7/25 0:00
275,Georgia Southern,SB,-9.35,99.3,304,108.6,227,72.8,20,1/7/25 0:00
276,Bowling Green,MAC,-9.38,101.8,248,111.2,279,70.9,68,1/7/25 0:00
277,Sacred Heart,MAAC,-9.41,103.2,223,112.6,310,70.2,93,1/7/25 0:00
278,Charleston Southern,BSth,-9.41,101.7,252,111.1,277,69.5,128,1/7/25 0:00
279,Monmouth,CAA,-9.52,102.3,238,111.8,295,67.5,225,1/7/25 0:00
280,Campbell,CAA,-9.55,98.9,310,108.4,223,67.6,219,1/7/25 0:00
,,,,,Strength of Schedule,NCSOS,,,,1/7/25 0:00
Rk,Team,Conf,NetRtg,ORtg,DRtg,AdjT,Luck,NetRtg,ORtg,1/7/25 0:00
281,Tennessee Martin,OVC,-9.76,97.4,330,107.2,199,67.1,239,1/7/25 0:00
282,Howard,MEAC,-9.78,106.4,167,116.2,351,68.7,168,1/7/25 0:00
283,Dartmouth,Ivy,-9.85,99,309,108.8,230,71.1,58,1/7/25 0:00
284,Austin Peay,ASun,-9.88,95.9,339,105.8,167,65.3,323,1/7/25 0:00
285,San Diego,WCC,-9.9,95.4,345,105.3,158,71.6,43,1/7/25 0:00
286,Evansville,MVC,-9.98,95.9,338,105.9,171,67,244,1/7/25 0:00
287,Tulsa,Amer,-10.01,100,285,110,253,68.5,180,1/7/25 0:00
288,Jackson St.,SWAC,-10.08,95.3,346,105.4,162,70.3,89,1/7/25 0:00
289,Western Michigan,MAC,-10.09,101.1,264,111.2,278,67.6,217,1/7/25 0:00
290,Georgia St.,SB,-10.12,100,286,110.1,256,69.9,107,1/7/25 0:00
291,Southern Miss,SB,-10.17,100.4,279,110.5,262,69.1,154,1/7/25 0:00
292,Tarleton St.,WAC,-10.35,95.5,342,105.9,170,66.2,270,1/7/25 0:00
293,Air Force,MWC,-10.64,100.3,282,110.9,274,64.5,344,1/7/25 0:00
294,Loyola MD,PL,-10.96,99.7,291,110.7,269,68.7,169,1/7/25 0:00
295,Utah Tech,WAC,-11.03,101,266,112,301,68.3,191,1/7/25 0:00
296,Stonehill,NEC,-11.15,100.8,272,111.9,298,66.2,274,1/7/25 0:00
297,Navy,PL,-11.2,102.3,239,113.5,323,69,157,1/7/25 0:00
298,Pacific,WCC,-11.21,100.8,271,112.1,302,68.3,194,1/7/25 0:00
299,North Dakota,Sum,-11.26,105.5,183,116.8,356,69.3,136,1/7/25 0:00
300,Long Beach St.,BW,-11.49,101.8,246,113.3,318,65,335,1/7/25 0:00
301,Tennessee Tech,OVC,-11.72,99.6,298,111.3,284,69.4,133,1/7/25 0:00
302,Army,PL,-11.75,100.9,268,112.7,312,68.7,167,1/7/25 0:00
303,Louisiana,SB,-11.86,101.9,245,113.8,330,68.5,184,1/7/25 0:00
304,Penn,Ivy,-11.91,101.8,249,113.7,328,66.1,277,1/7/25 0:00
305,Morehead St.,OVC,-12.14,99.7,294,111.8,296,67.1,240,1/7/25 0:00
306,Binghamton,AE,-12.16,99.5,299,111.6,291,65.8,295,1/7/25 0:00
307,Niagara,MAAC,-12.2,101.2,263,113.4,319,65.3,322,1/7/25 0:00
308,Detroit Mercy,Horz,-12.32,96.9,334,109.2,238,68.1,203,1/7/25 0:00
309,North Carolina Central,MEAC,-12.39,101.9,243,114.3,333,67,242,1/7/25 0:00
310,Holy Cross,PL,-12.59,103.5,215,116.1,349,65.6,306,1/7/25 0:00
311,Tennessee St.,OVC,-12.74,98.8,311,111.5,290,72.8,21,1/7/25 0:00
312,North Carolina A&T,CAA,-12.78,100.5,278,113.2,315,73.1,15,1/7/25 0:00
313,Fairfield,MAAC,-12.9,103.4,219,116.3,352,66.9,249,1/7/25 0:00
314,Eastern Michigan,MAC,-13.04,100.2,283,113.3,316,68.4,188,1/7/25 0:00
315,Fairleigh Dickinson,NEC,-13.13,102.5,234,115.6,346,70.8,72,1/7/25 0:00
316,Portland,WCC,-13.14,99.4,300,112.6,308,69.9,104,1/7/25 0:00
317,Delaware St.,MEAC,-13.21,98.2,320,111.4,287,71.3,53,1/7/25 0:00
318,Rider,MAAC,-13.21,100.3,281,113.5,326,64.6,343,1/7/25 0:00
319,Oral Roberts,Sum,-13.26,103.2,224,116.5,354,69.2,151,1/7/25 0:00
320,LIU,NEC,-13.3,95,348,108.3,220,67,245,1/7/25 0:00
,,,,,Strength of Schedule,NCSOS,,,,1/7/25 0:00
Rk,Team,Conf,NetRtg,ORtg,DRtg,AdjT,Luck,NetRtg,ORtg,1/7/25 0:00
321,Texas Southern,SWAC,-13.32,94.6,350,107.9,210,71.5,47,1/7/25 0:00
322,Prairie View A&M,SWAC,-13.63,103.1,227,116.8,357,72.1,32,1/7/25 0:00
323,Old Dominion,SB,-13.72,98.8,313,112.5,307,68.5,181,1/7/25 0:00
324,Houston Christian,Slnd,-13.79,99.6,297,113.4,320,66.4,267,1/7/25 0:00
325,Cal St. Fullerton,BW,-13.8,97.9,327,111.7,293,65.4,319,1/7/25 0:00
326,Grambling St.,SWAC,-13.88,96.6,335,110.5,260,66.1,279,1/7/25 0:00
327,Denver,Sum,-14.04,101.2,260,115.3,339,67.5,227,1/7/25 0:00
328,Southern Indiana,OVC,-14.32,97.4,331,111.7,292,67.6,218,1/7/25 0:00
329,Western Illinois,OVC,-14.38,101.2,261,115.6,345,63.9,350,1/7/25 0:00
330,Stony Brook,CAA,-14.83,100.9,267,115.8,347,66.2,273,1/7/25 0:00
331,VMI,SC,-14.86,98.7,315,113.5,325,68.2,198,1/7/25 0:00
332,Buffalo,MAC,-14.91,99.9,288,114.8,338,70.9,70,1/7/25 0:00
333,Eastern Illinois,OVC,-15.17,95.5,344,110.7,266,68,206,1/7/25 0:00
334,Sacramento St.,BSky,-15.31,93.8,355,109.2,236,65.1,330,1/7/25 0:00
335,Green Bay,Horz,-15.45,101.3,259,116.7,355,70.6,77,1/7/25 0:00
336,Saint Francis,NEC,-15.58,98.2,319,113.8,332,68.8,166,1/7/25 0:00
337,Central Arkansas,ASun,-15.65,95,349,110.6,264,68.2,197,1/7/25 0:00
338,Western Carolina,SC,-15.67,94,353,109.7,247,72.2,30,1/7/25 0:00
339,Stetson,ASun,-15.83,99.7,295,115.5,343,69.5,124,1/7/25 0:00
340,Lindenwood,OVC,-15.93,93,356,108.9,231,69.8,110,1/7/25 0:00
341,IU Indy,Horz,-16.25,103.1,226,119.4,360,65.5,314,1/7/25 0:00
342,Wagner,NEC,-16.87,90.1,361,107,192,61.9,362,1/7/25 0:00
343,Alcorn St.,SWAC,-16.88,99.3,303,116.2,350,66.2,272,1/7/25 0:00
344,Louisiana Monroe,SB,-17.07,95.7,340,112.8,313,68.1,204,1/7/25 0:00
345,Le Moyne,NEC,-17.36,97,333,114.3,336,70,100,1/7/25 0:00
346,USC Upstate,BSth,-17.49,97.3,332,114.8,337,73.4,12,1/7/25 0:00
347,New Orleans,Slnd,-17.53,98,325,115.5,344,70,101,1/7/25 0:00
348,West Georgia,ASun,-17.72,96.6,336,114.3,335,67.7,216,1/7/25 0:00
349,Bellarmine,ASun,-17.94,102.2,240,120.2,361,67.3,235,1/7/25 0:00
350,Northern Illinois,MAC,-18.07,94.3,352,112.3,305,70.5,84,1/7/25 0:00
351,Morgan St.,MEAC,-18.13,100.5,277,118.6,359,71.5,45,1/7/25 0:00
352,Mercyhurst,NEC,-18.22,95.5,341,113.8,331,65.2,327,1/7/25 0:00
353,Florida A&M,SWAC,-18.62,91.7,359,110.3,257,69.9,108,1/7/25 0:00
354,East Texas A&M,Slnd,-18.75,93.9,354,112.6,309,69.2,146,1/7/25 0:00
355,NJIT,AE,-19.64,92.3,358,112,300,65.7,299,1/7/25 0:00
356,Maryland Eastern Shore,MEAC,-19.98,97.7,329,117.7,358,67.9,209,1/7/25 0:00
357,The Citadel,SC,-20.16,95.2,347,115.3,341,65.4,318,1/7/25 0:00
358,Canisius,MAAC,-20.8,100.5,275,121.3,363,66,283,1/7/25 0:00
359,Alabama A&M,SWAC,-20.85,94.4,351,115.3,340,72.7,23,1/7/25 0:00
360,Chicago St.,NEC,-20.98,89.7,362,110.7,268,69.7,117,1/7/25 0:00
,,,,,Strength of Schedule,NCSOS,,,,1/7/25 0:00
Rk,Team,Conf,NetRtg,ORtg,DRtg,AdjT,Luck,NetRtg,ORtg,1/7/25 0:00
361,New Hampshire,AE,-22.88,90.6,360,113.5,327,68.6,179,1/7/25 0:00
362,Coppin St.,MEAC,-23.49,87.3,363,110.8,271,68.6,177,1/7/25 0:00
363,Arkansas Pine Bluff,SWAC,-24.02,99.7,293,123.7,364,73.2,14,1/7/25 0:00
364,Mississippi Valley St.,SWAC,-35.65,85.5,364,121.2,362,65.9,291,1/7/25 0:00
1,Duke,ACC,36.73,122.8,9,86.1,1,66.1,281,1/8/25 0:00
2,Auburn,SEC,36.64,131.1,1,94.5,19,69.1,154,1/8/25 0:00
3,Houston,B12,33.13,119.8,16,86.6,2,62.3,361,1/8/25 0:00
4,Iowa St.,B12,30.94,123.4,6,92.4,8,69.9,110,1/8/25 0:00
5,Florida,SEC,29.94,124.3,3,94.4,16,70.5,86,1/8/25 0:00
6,Tennessee,SEC,29.4,116.4,33,87,3,65.7,298,1/8/25 0:00
7,Gonzaga,WCC,28,123.4,7,95.4,21,71.3,57,1/8/25 0:00
8,Kansas,B12,26.43,117.9,23,91.5,5,70,104,1/8/25 0:00
9,Alabama,SEC,26.14,124,4,97.9,44,74.6,5,1/8/25 0:00
10,Michigan,B10,25.89,120.3,14,94.4,17,71.4,55,1/8/25 0:00
11,Marquette,BE,25.63,119.5,18,93.9,14,68.8,164,1/8/25 0:00
12,Illinois,B10,25.6,119.4,19,93.8,13,72.9,18,1/8/25 0:00
13,Arizona,B12,24.64,120.2,15,95.5,22,71.1,64,1/8/25 0:00
14,Texas A&M,SEC,24.07,115.8,39,91.7,6,67.5,230,1/8/25 0:00
15,Mississippi St.,SEC,23.77,119.7,17,95.9,25,68.6,175,1/8/25 0:00
16,Texas Tech,B12,23.66,123,8,99.4,60,66.4,264,1/8/25 0:00
17,Baylor,B12,22.96,120.8,13,97.8,42,66.3,269,1/8/25 0:00
18,Michigan St.,B10,22.93,116.2,35,93.3,10,69.1,155,1/8/25 0:00
19,Purdue,B10,22.83,122.1,11,99.3,57,65.8,295,1/8/25 0:00
20,St. John's,BE,22.4,114.5,49,92.1,7,71.4,52,1/8/25 0:00
21,Wisconsin,B10,22,121.2,12,99.2,55,68.7,171,1/8/25 0:00
22,Kentucky,SEC,21.76,122.7,10,101,91,72.1,33,1/8/25 0:00
23,Connecticut,BE,21.19,125.3,2,104.1,131,65.7,302,1/8/25 0:00
24,Maryland,B10,21.07,116.7,30,95.7,23,70.3,93,1/8/25 0:00
25,Pittsburgh,ACC,20.51,118.4,22,97.9,43,68.7,172,1/8/25 0:00
26,UCLA,B10,20.36,111.5,82,91.1,4,67.2,239,1/8/25 0:00
27,Oregon,B10,20.32,118.4,21,98.1,46,69.3,145,1/8/25 0:00
28,Mississippi,SEC,19.99,116.4,32,96.4,30,68.5,181,1/8/25 0:00
29,Memphis,Amer,19.14,116.1,36,96.9,33,70.8,73,1/8/25 0:00
30,North Carolina,ACC,19.04,117.3,26,98.2,47,74.2,7,1/8/25 0:00
31,Ohio St.,B10,18.91,116.7,31,97.8,41,68.8,169,1/8/25 0:00
32,Cincinnati,B12,18.71,111.3,85,92.6,9,66.2,276,1/8/25 0:00
33,San Diego St.,MWC,18.46,111.9,72,93.5,11,66.9,250,1/8/25 0:00
34,Clemson,ACC,18.33,115.5,40,97.2,35,65.9,290,1/8/25 0:00
35,Nebraska,B10,18.06,111.8,75,93.7,12,69.2,151,1/8/25 0:00
36,Saint Mary's,WCC,17.54,115,44,97.5,38,63.8,353,1/8/25 0:00
37,Louisville,ACC,17.41,115.4,41,97.9,45,69,159,1/8/25 0:00
38,Texas,SEC,17.17,114.8,48,97.6,39,67.8,212,1/8/25 0:00
39,Georgia,SEC,17.08,112.3,69,95.2,20,67.4,234,1/8/25 0:00
40,Arkansas,SEC,17.01,113.1,57,96.1,29,70.6,82,1/8/25 0:00
,,,,,Strength of Schedule,NCSOS,,,,1/8/25 0:00
Rk,Team,Conf,NetRtg,ORtg,DRtg,AdjT,Luck,NetRtg,ORtg,1/8/25 0:00
41,Villanova,BE,16.98,123.4,5,106.4,180,64.4,345,1/8/25 0:00
42,Oklahoma,SEC,16.93,117.7,24,100.8,84,68.4,189,1/8/25 0:00
43,VCU,A10,16.85,112.8,60,95.9,26,67.5,231,1/8/25 0:00
44,Penn St.,B10,16.8,116,37,99.2,54,72.3,29,1/8/25 0:00
45,Utah St.,MWC,16.49,115.3,42,98.8,52,70.4,90,1/8/25 0:00
46,Missouri,SEC,16.43,116.7,29,100.3,77,69.1,152,1/8/25 0:00
47,BYU,B12,16.3,116.9,27,100.6,82,68.2,201,1/8/25 0:00
48,West Virginia,B12,16.14,110.6,98,94.5,18,65.5,318,1/8/25 0:00
49,Creighton,BE,16.02,113.5,56,97.5,37,69.5,132,1/8/25 0:00
50,Dayton,A10,15.95,116.8,28,100.9,88,66.5,259,1/8/25 0:00
51,Northwestern,B10,15.5,111.5,79,96.1,27,65.7,296,1/8/25 0:00
52,Iowa,B10,15.46,119.2,20,103.8,124,72.8,21,1/8/25 0:00
53,Vanderbilt,SEC,15.45,116.2,34,100.8,85,71.9,38,1/8/25 0:00
54,Indiana,B10,15.33,113.7,54,98.4,49,70.7,79,1/8/25 0:00
55,SMU,ACC,14.98,117.3,25,102.3,103,70.6,80,1/8/25 0:00
56,Arizona St.,B12,14.24,111.3,87,97,34,68.9,161,1/8/25 0:00
57,Boise St.,MWC,14.03,113.9,52,99.9,68,67.8,213,1/8/25 0:00
58,Xavier,BE,14.03,113.9,51,99.9,69,69.9,111,1/8/25 0:00
59,Nevada,MWC,13.36,114,50,100.7,83,63.8,354,1/8/25 0:00
60,Georgetown,BE,12.64,109.3,119,96.6,31,69.5,130,1/8/25 0:00
61,New Mexico,MWC,12.55,112.2,71,99.7,65,74.3,6,1/8/25 0:00
62,San Francisco,WCC,12.49,112.4,65,100,71,68.2,200,1/8/25 0:00
63,UC Irvine,BW,12.28,106.4,170,94.2,15,70.3,92,1/8/25 0:00
64,UC San Diego,BW,12.16,112.6,62,100.5,79,67.6,223,1/8/25 0:00
65,St. Bonaventure,A10,11.96,110.5,102,98.5,50,65.4,323,1/8/25 0:00
66,McNeese,Slnd,11.95,111.6,77,99.6,64,65.7,300,1/8/25 0:00
67,Liberty,CUSA,11.92,109.6,110,97.7,40,64.4,347,1/8/25 0:00
68,Florida St.,ACC,11.76,111.9,73,100.1,74,70.7,77,1/8/25 0:00
69,LSU,SEC,11.48,110.6,99,99.1,53,69.4,137,1/8/25 0:00
70,North Texas,Amer,11.08,108.4,135,97.3,36,63.3,357,1/8/25 0:00
71,Washington St.,WCC,10.99,111.1,90,100.1,73,72.4,28,1/8/25 0:00
72,Butler,BE,10.82,111.4,83,100.6,80,68.3,194,1/8/25 0:00
73,South Carolina,SEC,10.46,110.2,104,99.7,66,66.6,258,1/8/25 0:00
74,TCU,B12,10.3,106.4,172,96.1,28,67.5,229,1/8/25 0:00
75,George Mason,A10,10.27,106.1,176,95.8,24,66.2,277,1/8/25 0:00
76,Santa Clara,WCC,10.19,114.8,47,104.6,142,69.3,138,1/8/25 0:00
77,USC,B10,10.18,110.7,96,100.6,81,68.7,174,1/8/25 0:00
78,UCF,B12,9.91,110.9,92,101,89,70.9,72,1/8/25 0:00
79,Lipscomb,ASun,9.91,109.5,111,99.6,63,67.4,233,1/8/25 0:00
80,Oregon St.,WCC,9.84,111.8,74,102,101,65.4,322,1/8/25 0:00
,,,,,Strength of Schedule,NCSOS,,,,1/8/25 0:00
Rk,Team,Conf,NetRtg,ORtg,DRtg,AdjT,Luck,NetRtg,ORtg,1/8/25 0:00
81,Rutgers,B10,9.6,111.3,89,101.7,96,71.4,54,1/8/25 0:00
82,Yale,Ivy,9.5,113.7,53,104.2,133,68.4,187,1/8/25 0:00
83,Wake Forest,ACC,9.42,106.2,174,96.8,32,66.9,253,1/8/25 0:00
84,Colorado,B12,9.19,108.5,134,99.3,56,68.5,185,1/8/25 0:00
85,Providence,BE,9.18,110,106,100.9,86,65,338,1/8/25 0:00
86,Drake,MVC,8.87,109.3,116,100.5,78,60.9,364,1/8/25 0:00
87,Washington,B10,8.81,108.2,136,99.4,61,69.5,131,1/8/25 0:00
88,Utah,B12,8.76,110.6,101,101.8,98,71.4,53,1/8/25 0:00
89,Colorado St.,MWC,8.65,107.4,150,98.8,51,68.2,202,1/8/25 0:00
90,Bradley,MVC,8.65,112.4,68,103.7,122,66,285,1/8/25 0:00
91,Notre Dame,ACC,8.62,113.6,55,105,150,65.6,309,1/8/25 0:00
92,N.C. State,ACC,8.08,111.5,81,103.4,121,66.3,266,1/8/25 0:00
93,Arkansas St.,SB,7.69,107.9,140,100.2,75,70.9,70,1/8/25 0:00
94,Kansas St.,B12,7.56,109.5,112,101.9,100,68.5,186,1/8/25 0:00
95,Rhode Island,A10,7.54,108.6,129,101.1,93,71.9,34,1/8/25 0:00
96,Saint Joseph's,A10,7.37,107.3,152,100,70,69.7,120,1/8/25 0:00
97,Grand Canyon,WAC,7.13,107.1,157,100,72,73.5,11,1/8/25 0:00
98,Stanford,ACC,7.11,112.3,70,105.1,156,67.9,211,1/8/25 0:00
99,Northern Iowa,MVC,6.77,111.3,88,104.5,139,65.6,305,1/8/25 0:00
100,Florida Atlantic,Amer,6.34,113,59,106.6,184,72.5,25,1/8/25 0:00
101,UNLV,MWC,6.24,110.6,100,104.3,134,66.1,279,1/8/25 0:00
102,Georgia Tech,ACC,6.1,107.2,154,101.1,94,70.9,69,1/8/25 0:00
103,Oklahoma St.,B12,5.89,106.8,162,100.9,87,71.8,40,1/8/25 0:00
104,Samford,SC,5.24,115.3,43,110,250,71.5,48,1/8/25 0:00
105,Davidson,A10,5.21,112.4,67,107.2,196,66.7,255,1/8/25 0:00
106,Virginia,ACC,5.08,104.4,201,99.3,58,61,363,1/8/25 0:00
107,Furman,SC,4.99,109,121,104,129,65.5,314,1/8/25 0:00
108,South Alabama,SB,4.86,106.6,167,101.7,97,64.4,346,1/8/25 0:00
109,Troy,SB,4.72,105.7,180,101,90,66.6,257,1/8/25 0:00
110,DePaul,BE,4.54,108.7,126,104.2,132,69.2,146,1/8/25 0:00
111,Princeton,Ivy,4.44,110.8,95,106.3,179,68.6,179,1/8/25 0:00
112,Minnesota,B10,4.35,107,158,102.7,107,62.7,360,1/8/25 0:00
113,Miami FL,ACC,4.26,115.9,38,111.6,287,67.7,220,1/8/25 0:00
114,Murray St.,MVC,4.19,108.5,131,104.4,137,65.9,293,1/8/25 0:00
115,St. Thomas,Sum,4.11,112.6,63,108.5,225,69.8,114,1/8/25 0:00
116,Wichita St.,Amer,4.1,108.6,128,104.5,140,71.9,37,1/8/25 0:00
117,South Dakota St.,Sum,4.07,109,120,104.9,149,70.8,75,1/8/25 0:00
118,Saint Louis,A10,4.05,111.6,78,107.5,203,67.9,210,1/8/25 0:00
119,George Washington,A10,4.04,107.8,141,103.8,125,69.2,150,1/8/25 0:00
120,UAB,Amer,3.88,113,58,109.2,236,70.8,76,1/8/25 0:00
,,,,,Strength of Schedule,NCSOS,,,,1/8/25 0:00
Rk,Team,Conf,NetRtg,ORtg,DRtg,AdjT,Luck,NetRtg,ORtg,1/8/25 0:00
121,Temple,Amer,3.85,107.8,142,104,128,70.2,97,1/8/25 0:00
122,High Point,BSth,3.75,115,45,111.2,278,66.9,252,1/8/25 0:00
123,Western Kentucky,CUSA,3.74,104,206,100.3,76,74.7,3,1/8/25 0:00
124,Charleston,CAA,3.64,107,159,103.3,120,73.1,16,1/8/25 0:00
125,Syracuse,ACC,3.59,108.6,130,105,152,71,66,1/8/25 0:00
126,UNC Greensboro,SC,3.11,106.4,171,103.3,118,65.2,331,1/8/25 0:00
127,Middle Tennessee,CUSA,3.02,107.4,151,104.4,136,69.7,122,1/8/25 0:00
128,Illinois St.,MVC,2.94,110.9,91,108,211,66,288,1/8/25 0:00
129,North Dakota St.,Sum,2.93,114.8,46,111.9,298,65.9,292,1/8/25 0:00
130,Kent St.,MAC,2.9,101.2,262,98.3,48,66.3,265,1/8/25 0:00
131,Akron,MAC,2.88,107.8,144,104.9,147,71.8,42,1/8/25 0:00
132,Loyola Chicago,A10,2.88,105.9,178,103,111,69,157,1/8/25 0:00
133,UTEP,CUSA,2.85,105,190,102.1,102,69.3,142,1/8/25 0:00
134,UMass Lowell,AE,2.68,111.7,76,109.1,233,71.6,45,1/8/25 0:00
135,California,ACC,2.66,112.5,64,109.9,249,69,156,1/8/25 0:00
136,Louisiana Tech,CUSA,2.45,107.5,148,105,151,65.3,325,1/8/25 0:00
137,East Tennessee St.,SC,2.19,109.3,117,107.1,194,67.5,227,1/8/25 0:00
138,Wofford,SC,2.08,111.5,80,109.5,241,65.4,320,1/8/25 0:00
139,Purdue Fort Wayne,Horz,1.98,112.4,66,110.4,260,69.2,148,1/8/25 0:00
140,CSUN,BW,1.93,105.1,187,103.1,114,73.4,13,1/8/25 0:00
141,Belmont,MVC,1.91,110.8,94,108.9,231,72.6,24,1/8/25 0:00
142,James Madison,SB,1.85,108.7,124,106.9,189,66.5,260,1/8/25 0:00
143,UC Santa Barbara,BW,1.85,107.1,155,105.3,158,65.7,297,1/8/25 0:00
144,Seattle,WAC,1.3,106.6,165,105.3,159,67.6,222,1/8/25 0:00
145,Loyola Marymount,WCC,1.27,104.3,202,103.1,112,68.6,180,1/8/25 0:00
146,Cornell,Ivy,1.2,111.4,84,110.2,254,71.9,35,1/8/25 0:00
147,South Florida,Amer,1.12,107.9,138,106.8,187,69.5,133,1/8/25 0:00
148,Sam Houston St.,CUSA,1.09,112.7,61,111.6,286,69.5,129,1/8/25 0:00
149,Elon,CAA,1.06,106.8,161,105.7,167,65.7,301,1/8/25 0:00
150,Norfolk St.,MEAC,1.04,107.5,146,106.5,181,66.8,254,1/8/25 0:00
151,Illinois Chicago,MVC,0.99,109.4,115,108.4,221,69.7,117,1/8/25 0:00
152,Seton Hall,BE,0.69,100,287,99.3,59,63.9,351,1/8/25 0:00
153,UNC Wilmington,CAA,0.67,108.5,133,107.8,208,67.3,238,1/8/25 0:00
154,North Alabama,ASun,0.59,107.7,145,107.1,192,68.3,193,1/8/25 0:00
155,Texas St.,SB,0.57,108.7,125,108.2,215,65.5,313,1/8/25 0:00
156,Milwaukee,Horz,0.25,106.5,168,106.2,176,70,102,1/8/25 0:00
157,Duquesne,A10,0.23,103.9,207,103.7,123,64.8,339,1/8/25 0:00
158,New Mexico St.,CUSA,0.18,104.7,198,104.5,138,67.1,240,1/8/25 0:00
159,Northern Colorado,BSky,0.15,109.9,107,109.7,246,71.2,60,1/8/25 0:00
160,Virginia Tech,ACC,0.14,106.9,160,106.7,186,65.5,312,1/8/25 0:00
,,,,,Strength of Schedule,NCSOS,,,,1/8/25 0:00
Rk,Team,Conf,NetRtg,ORtg,DRtg,AdjT,Luck,NetRtg,ORtg,1/8/25 0:00
161,Texas A&M Corpus Chris,Slnd,0.09,109.3,118,109.2,238,70.2,96,1/8/25 0:00
162,La Salle,A10,0,105,188,105,155,71.8,41,1/8/25 0:00
163,Cal Baptist,WAC,0,108.7,127,108.7,227,66.5,262,1/8/25 0:00
164,Rice,Amer,-0.03,103.2,224,103.2,115,65.6,306,1/8/25 0:00
165,Wyoming,MWC,-0.07,103.9,209,104,127,65.5,317,1/8/25 0:00
166,Ohio,MAC,-0.09,107.1,156,107.2,198,70.9,71,1/8/25 0:00
167,Utah Valley,WAC,-0.1,101.2,263,101.3,95,69.8,115,1/8/25 0:00
168,Columbia,Ivy,-0.26,110.2,105,110.4,257,68.9,160,1/8/25 0:00
169,Jacksonville,ASun,-0.33,101.5,255,101.8,99,69.2,147,1/8/25 0:00
170,Miami OH,MAC,-0.35,106.7,164,107,191,69.3,141,1/8/25 0:00
171,Florida Gulf Coast,ASun,-0.36,107.5,149,107.8,209,65.6,307,1/8/25 0:00
172,Jacksonville St.,CUSA,-0.55,110.7,97,111.2,276,66,289,1/8/25 0:00
173,Appalachian St.,SB,-0.77,101.8,246,102.6,106,65.2,329,1/8/25 0:00
174,Hawaii,BW,-0.88,103.5,217,104.3,135,65,336,1/8/25 0:00
175,UC Riverside,BW,-0.89,104.7,197,105.6,165,67.9,208,1/8/25 0:00
176,Tulane,Amer,-0.93,104.3,203,105.2,157,69.2,149,1/8/25 0:00
177,East Carolina,Amer,-0.96,104.8,195,105.7,168,67,247,1/8/25 0:00
178,Wright St.,Horz,-1,108.8,123,109.8,247,67.8,215,1/8/25 0:00
179,Hofstra,CAA,-1.07,98.4,316,99.5,62,65.1,333,1/8/25 0:00
180,Chattanooga,SC,-1.13,109.9,108,111,274,67.6,221,1/8/25 0:00
181,UNC Asheville,BSth,-1.23,110.2,103,111.4,284,68.3,198,1/8/25 0:00
182,UT Arlington,WAC,-1.23,109.4,113,110.7,265,71.1,65,1/8/25 0:00
183,Indiana St.,MVC,-1.35,109.4,114,110.8,269,73.9,9,1/8/25 0:00
184,Lamar,Slnd,-1.49,101.5,256,103,109,67.4,232,1/8/25 0:00
185,Merrimack,MAAC,-1.55,101.7,251,103.2,116,65.3,326,1/8/25 0:00
186,Montana St.,BSky,-1.63,104.6,200,106.2,175,67.9,209,1/8/25 0:00
187,Montana,BSky,-1.68,107.8,143,109.5,242,69.6,126,1/8/25 0:00
188,Boston College,ACC,-1.69,105.5,183,107.2,195,67.5,224,1/8/25 0:00
189,Drexel,CAA,-1.73,102.4,237,104.1,130,64.7,341,1/8/25 0:00
190,Longwood,BSth,-2.01,104.2,204,106.2,178,69.8,112,1/8/25 0:00
191,Bryant,AE,-2.04,104.6,199,106.7,185,74.9,2,1/8/25 0:00
192,Radford,BSth,-2.05,107.5,147,109.5,244,65,337,1/8/25 0:00
193,Northern Kentucky,Horz,-2.11,100.3,284,102.4,105,65.6,310,1/8/25 0:00
194,Central Connecticut,NEC,-2.34,100.5,280,102.8,108,65.7,303,1/8/25 0:00
195,Northeastern,CAA,-2.42,101.4,257,103.8,126,69.3,139,1/8/25 0:00
196,Winthrop,BSth,-2.45,105.6,182,108,212,73.5,10,1/8/25 0:00
197,San Jose St.,MWC,-2.45,108,137,110.4,258,66,282,1/8/25 0:00
198,William & Mary,CAA,-2.51,110.9,93,113.4,318,71.8,39,1/8/25 0:00
199,Marshall,SB,-2.61,103.6,214,106.2,174,69.6,124,1/8/25 0:00
200,Pepperdine,WCC,-2.74,103.8,211,106.6,182,70.4,88,1/8/25 0:00
,,,,,Strength of Schedule,NCSOS,,,,1/8/25 0:00
Rk,Team,Conf,NetRtg,ORtg,DRtg,AdjT,Luck,NetRtg,ORtg,1/8/25 0:00
201,Valparaiso,MVC,-2.85,107.9,139,110.8,270,69.6,123,1/8/25 0:00
202,Brown,Ivy,-2.86,104.9,191,107.7,206,65.6,311,1/8/25 0:00
203,Kennesaw St.,CUSA,-2.86,104.8,194,107.7,205,72.5,26,1/8/25 0:00
204,Youngstown St.,Horz,-2.9,98.1,323,101,92,71.2,62,1/8/25 0:00
205,Oakland,Horz,-3.16,105.6,181,108.8,230,63,358,1/8/25 0:00
206,Kansas City,Sum,-3.31,103.3,221,106.6,183,65.6,308,1/8/25 0:00
207,Cleveland St.,Horz,-3.41,102,245,105.4,161,67,249,1/8/25 0:00
208,Southern Utah,WAC,-3.43,104.8,192,108.3,219,70,103,1/8/25 0:00
209,Nicholls,Slnd,-3.67,103.5,215,107.2,197,68.9,162,1/8/25 0:00
210,Towson,CAA,-3.73,101,268,104.7,145,63.5,355,1/8/25 0:00
211,Marist,MAAC,-4.15,101.3,259,105.5,163,65.2,332,1/8/25 0:00
212,Toledo,MAC,-4.18,108.8,122,113,314,71.7,43,1/8/25 0:00
213,UT Rio Grande Valley,Slnd,-4.22,106.6,166,110.8,272,70.4,91,1/8/25 0:00
214,Delaware,CAA,-4.36,108.5,132,112.8,312,70.6,81,1/8/25 0:00
215,North Florida,ASun,-4.73,111.3,86,116.1,348,73,17,1/8/25 0:00
216,Quinnipiac,MAAC,-4.91,99.7,295,104.6,141,71.5,47,1/8/25 0:00
217,Central Michigan,MAC,-4.95,100.7,276,105.6,166,68.7,173,1/8/25 0:00
218,FIU,CUSA,-4.97,98.3,317,103.3,117,71.2,59,1/8/25 0:00
219,South Carolina St.,MEAC,-4.97,101.1,265,106.1,172,69.7,118,1/8/25 0:00
220,Richmond,A10,-4.98,103,230,108,210,66.7,256,1/8/25 0:00
221,Eastern Kentucky,ASun,-5.07,106.7,163,111.8,292,69.4,135,1/8/25 0:00
222,Little Rock,OVC,-5.16,98.1,321,103.3,119,68.6,178,1/8/25 0:00
223,Massachusetts,A10,-5.16,103,232,108.1,214,71.9,36,1/8/25 0:00
224,Robert Morris,Horz,-5.16,100.9,270,106.1,173,70,101,1/8/25 0:00
225,Vermont,AE,-5.24,97.8,328,103.1,113,64,349,1/8/25 0:00
226,Mercer,SC,-5.24,103.1,226,108.4,222,72.6,23,1/8/25 0:00
227,Missouri St.,MVC,-5.3,102.1,243,107.4,201,64.4,344,1/8/25 0:00
228,Idaho St.,BSky,-5.41,102.4,236,107.8,207,66,286,1/8/25 0:00
229,Mount St. Mary's,MAAC,-5.42,99.3,305,104.7,144,69.8,113,1/8/25 0:00
230,Fordham,A10,-5.67,102.7,234,108.4,223,71.5,51,1/8/25 0:00
231,Saint Peter's,MAAC,-5.67,99.4,301,105,153,62.9,359,1/8/25 0:00
232,Albany,AE,-5.72,104.8,193,110.5,262,69.7,121,1/8/25 0:00
233,Cal St. Bakersfield,BW,-5.74,103.6,212,109.4,240,65.2,328,1/8/25 0:00
234,Southeastern Louisiana,Slnd,-5.75,99.3,304,105,154,68.5,184,1/8/25 0:00
235,Charlotte,Amer,-5.8,106.1,177,111.8,294,66.2,275,1/8/25 0:00
236,Abilene Christian,WAC,-5.99,98.8,312,104.8,146,69.7,116,1/8/25 0:00
237,Hampton,CAA,-6.04,102.2,241,108.2,216,66.5,261,1/8/25 0:00
238,UC Davis,BW,-6.05,96.3,337,102.4,104,71.2,63,1/8/25 0:00
239,Gardner Webb,BSth,-6.09,103,231,109.1,234,70.5,87,1/8/25 0:00
240,UMBC,AE,-6.27,107.3,153,113.6,327,72.1,32,1/8/25 0:00
,,,,,Strength of Schedule,NCSOS,,,,1/8/25 0:00
Rk,Team,Conf,NetRtg,ORtg,DRtg,AdjT,Luck,NetRtg,ORtg,1/8/25 0:00
241,Presbyterian,BSth,-6.28,103.3,222,109.5,243,64.7,340,1/8/25 0:00
242,Cal Poly,BW,-6.57,104.2,205,110.7,267,76.2,1,1/8/25 0:00
243,Southern,SWAC,-6.68,98,324,104.7,143,69.6,125,1/8/25 0:00
244,Maine,AE,-6.73,98.8,313,105.5,164,68.1,205,1/8/25 0:00
245,South Dakota,Sum,-6.75,109.6,109,116.4,353,74.2,8,1/8/25 0:00
246,Bethune Cookman,SWAC,-6.82,98.1,322,104.9,148,69.3,143,1/8/25 0:00
247,Ball St.,MAC,-6.89,103.2,225,110.1,251,68.1,206,1/8/25 0:00
248,Weber St.,BSky,-6.99,105,189,112,302,66,284,1/8/25 0:00
249,Idaho,BSky,-7.13,106.3,173,113.5,320,67,248,1/8/25 0:00
250,Stephen F. Austin,Slnd,-7.26,92.5,357,99.7,67,67.4,235,1/8/25 0:00
251,Southern Illinois,MVC,-7.31,100.2,286,107.5,202,70.2,95,1/8/25 0:00
252,Bucknell,PL,-7.37,95.6,341,103,110,68.9,163,1/8/25 0:00
253,Queens,ASun,-7.43,103.8,210,111.3,279,71,67,1/8/25 0:00
254,Portland St.,BSky,-7.55,101.7,252,109.2,239,70.5,84,1/8/25 0:00
255,SIUE,OVC,-7.68,98.6,315,106.2,177,65.9,291,1/8/25 0:00
256,American,PL,-7.8,103.6,213,111.4,283,64.3,348,1/8/25 0:00
257,Lehigh,PL,-7.87,103.4,219,111.3,280,68.3,192,1/8/25 0:00
258,Eastern Washington,BSky,-7.95,105.8,179,113.8,329,68.4,191,1/8/25 0:00
259,Incarnate Word,Slnd,-7.96,104.8,196,112.7,311,66,287,1/8/25 0:00
260,Southeast Missouri,OVC,-8,99.2,307,107.2,199,70.1,99,1/8/25 0:00
261,Boston University,PL,-8.11,100.5,279,108.6,226,63.4,356,1/8/25 0:00
262,Fresno St.,MWC,-8.24,99.3,302,107.6,204,74.7,4,1/8/25 0:00
263,Harvard,Ivy,-8.39,99.8,289,108.2,217,67.3,237,1/8/25 0:00
264,Northern Arizona,BSky,-8.41,105.1,186,113.5,322,67.8,216,1/8/25 0:00
265,Nebraska Omaha,Sum,-8.46,103.9,208,112.4,305,68.2,199,1/8/25 0:00
266,Siena,MAAC,-8.51,99.7,292,108.2,218,66.2,274,1/8/25 0:00
267,UTSA,Amer,-8.55,103.2,223,111.7,291,72.5,27,1/8/25 0:00
268,Colgate,PL,-8.6,101.5,254,110.1,253,66.1,278,1/8/25 0:00
269,Bowling Green,MAC,-8.69,102.8,233,111.5,285,70.9,68,1/8/25 0:00
270,Northwestern St.,Slnd,-8.76,102.2,242,110.9,273,65.1,334,1/8/25 0:00
271,Lafayette,PL,-8.81,98.3,318,107.1,193,67,244,1/8/25 0:00
272,Iona,MAAC,-8.93,97.9,326,106.9,188,71.2,61,1/8/25 0:00
273,Alabama St.,SWAC,-9.14,105.2,185,114.4,333,69.9,109,1/8/25 0:00
274,Manhattan,MAAC,-9.3,106.2,175,115.5,342,70.6,83,1/8/25 0:00
275,Coastal Carolina,SB,-9.32,100.5,278,109.8,248,63.8,352,1/8/25 0:00
276,Tulsa,Amer,-9.33,101,267,110.4,256,68.3,197,1/8/25 0:00
277,Sacred Heart,MAAC,-9.34,103.3,220,112.6,307,70.3,94,1/8/25 0:00
278,Georgia Southern,SB,-9.45,99.2,306,108.7,228,72.8,19,1/8/25 0:00
279,Charleston Southern,BSth,-9.49,101.7,250,111.2,277,69.5,128,1/8/25 0:00
280,Campbell,CAA,-9.55,98.9,309,108.5,224,67.7,219,1/8/25 0:00
,,,,,Strength of Schedule,NCSOS,,,,1/8/25 0:00
Rk,Team,Conf,NetRtg,ORtg,DRtg,AdjT,Luck,NetRtg,ORtg,1/8/25 0:00
281,Monmouth,CAA,-9.57,102.3,238,111.9,295,67.5,228,1/8/25 0:00
282,Dartmouth,Ivy,-9.73,99,308,108.7,229,71.2,58,1/8/25 0:00
283,Howard,MEAC,-9.78,106.5,169,116.2,351,68.8,167,1/8/25 0:00
284,Tennessee Martin,OVC,-9.86,97.4,330,107.2,200,67.1,241,1/8/25 0:00
285,San Diego,WCC,-9.97,95.4,344,105.4,160,71.7,44,1/8/25 0:00
286,Austin Peay,ASun,-9.97,95.9,338,105.9,170,65.3,324,1/8/25 0:00
287,Jackson St.,SWAC,-10.1,95.4,345,105.5,162,70.4,89,1/8/25 0:00
288,Southern Miss,SB,-10.13,100.4,282,110.5,261,69.1,153,1/8/25 0:00
289,Georgia St.,SB,-10.18,99.9,288,110.1,252,69.9,108,1/8/25 0:00
290,Tarleton St.,WAC,-10.21,95.6,342,105.8,169,66.3,268,1/8/25 0:00
291,Evansville,MVC,-10.22,95.8,339,106,171,67,245,1/8/25 0:00
292,Air Force,MWC,-10.65,100.4,283,111,275,64.6,343,1/8/25 0:00
293,Western Michigan,MAC,-10.69,101.5,253,112.2,304,67.5,225,1/8/25 0:00
294,Loyola MD,PL,-10.98,99.8,291,110.7,266,68.8,170,1/8/25 0:00
295,Utah Tech,WAC,-11.02,101.1,266,112.1,303,68.4,188,1/8/25 0:00
296,Stonehill,NEC,-11.16,100.7,275,111.9,297,66.2,271,1/8/25 0:00
297,Pacific,WCC,-11.18,100.8,274,112,301,68.4,190,1/8/25 0:00
298,Navy,PL,-11.2,102.3,239,113.5,321,69,158,1/8/25 0:00
299,North Dakota,Sum,-11.4,105.3,184,116.7,355,69.4,136,1/8/25 0:00
300,Long Beach St.,BW,-11.55,101.7,249,113.3,316,65,335,1/8/25 0:00
301,Tennessee Tech,OVC,-11.71,99.7,296,111.4,281,69.5,134,1/8/25 0:00
302,Army,PL,-11.8,100.9,271,112.7,309,68.8,166,1/8/25 0:00
303,Louisiana,SB,-11.82,102,244,113.8,330,68.5,182,1/8/25 0:00
304,Penn,Ivy,-11.92,101.8,248,113.7,328,66.2,273,1/8/25 0:00
305,Niagara,MAAC,-12.14,101.2,260,113.4,319,65.4,321,1/8/25 0:00
306,Binghamton,AE,-12.17,99.5,300,111.6,289,65.9,294,1/8/25 0:00
307,Morehead St.,OVC,-12.2,99.7,294,111.9,296,67.1,243,1/8/25 0:00
308,Detroit Mercy,Horz,-12.29,96.8,334,109.1,235,68.1,203,1/8/25 0:00
309,Holy Cross,PL,-12.57,103.5,216,116.1,349,65.6,304,1/8/25 0:00
310,Eastern Michigan,MAC,-12.59,100.9,269,113.5,325,68.8,168,1/8/25 0:00
311,Tennessee St.,OVC,-12.72,98.9,310,111.6,288,72.8,20,1/8/25 0:00
312,North Carolina A&T,CAA,-12.79,100.5,281,113.3,315,73.1,15,1/8/25 0:00
313,Fairfield,MAAC,-12.88,103.4,218,116.3,352,66.9,251,1/8/25 0:00
314,North Carolina Central,MEAC,-12.98,101.8,247,114.8,338,67.1,242,1/8/25 0:00
315,Portland,WCC,-13.12,99.5,298,112.7,310,69.9,106,1/8/25 0:00
316,Fairleigh Dickinson,NEC,-13.16,102.5,235,115.7,346,70.8,74,1/8/25 0:00
317,Delaware St.,MEAC,-13.19,98.2,320,111.4,282,71.3,56,1/8/25 0:00
318,Rider,MAAC,-13.24,100.3,285,113.5,324,64.6,342,1/8/25 0:00
319,Texas Southern,SWAC,-13.26,94.8,350,108,213,71.5,49,1/8/25 0:00
320,LIU,NEC,-13.28,95,348,108.3,220,67,246,1/8/25 0:00
,,,,,Strength of Schedule,NCSOS,,,,1/8/25 0:00
Rk,Team,Conf,NetRtg,ORtg,DRtg,AdjT,Luck,NetRtg,ORtg,1/8/25 0:00
321,Oral Roberts,Sum,-13.28,103.1,228,116.4,354,69.3,140,1/8/25 0:00
322,Old Dominion,SB,-13.69,98.8,311,112.5,306,68.5,183,1/8/25 0:00
323,Prairie View A&M,SWAC,-13.75,103.1,229,116.8,357,72.1,31,1/8/25 0:00
324,Houston Christian,Slnd,-13.81,99.5,299,113.3,317,66.4,263,1/8/25 0:00
325,Grambling St.,SWAC,-13.86,96.8,335,110.7,263,66.2,272,1/8/25 0:00
326,Cal St. Fullerton,BW,-13.89,97.9,325,111.8,293,65.4,319,1/8/25 0:00
327,Denver,Sum,-14.04,101.2,261,115.3,339,67.5,226,1/8/25 0:00
328,Southern Indiana,OVC,-14.34,97.4,331,111.7,290,67.7,218,1/8/25 0:00
329,Western Illinois,OVC,-14.39,101.2,264,115.5,344,64,350,1/8/25 0:00
330,Buffalo,MAC,-14.74,99.8,290,114.5,336,71.5,50,1/8/25 0:00
331,Stony Brook,CAA,-14.89,100.9,273,115.7,347,66.3,267,1/8/25 0:00
332,VMI,SC,-14.91,98.6,314,113.6,326,68.3,196,1/8/25 0:00
333,Eastern Illinois,OVC,-15.38,95,349,110.3,255,67.8,214,1/8/25 0:00
334,Sacramento St.,BSky,-15.39,93.8,354,109.2,237,65.2,330,1/8/25 0:00
335,Green Bay,Horz,-15.42,101.4,258,116.8,356,70.7,78,1/8/25 0:00
336,Saint Francis,NEC,-15.61,98.2,319,113.8,332,68.8,165,1/8/25 0:00
337,Central Arkansas,ASun,-15.7,95,347,110.7,268,68.3,195,1/8/25 0:00
338,Western Carolina,SC,-15.71,94,352,109.7,245,72.3,30,1/8/25 0:00
339,Stetson,ASun,-15.84,99.7,293,115.6,345,69.6,127,1/8/25 0:00
340,Lindenwood,OVC,-15.91,93,356,109,232,69.9,107,1/8/25 0:00
341,IU Indy,Horz,-16.22,103.1,227,119.4,360,65.5,315,1/8/25 0:00
342,Wagner,NEC,-16.84,90.2,361,107,190,61.9,362,1/8/25 0:00
343,Alcorn St.,SWAC,-16.89,99.3,303,116.2,350,66.2,270,1/8/25 0:00
344,Louisiana Monroe,SB,-17.16,95.7,340,112.9,313,68.1,204,1/8/25 0:00
345,Le Moyne,NEC,-17.33,97.1,333,114.4,335,70.1,100,1/8/25 0:00
346,USC Upstate,BSth,-17.46,97.3,332,114.7,337,73.4,12,1/8/25 0:00
347,New Orleans,Slnd,-17.63,97.9,327,115.5,343,70.1,98,1/8/25 0:00
348,West Georgia,ASun,-17.74,96.7,336,114.4,334,67.7,217,1/8/25 0:00
349,Morgan St.,MEAC,-17.79,100.9,272,118.6,359,71.6,46,1/8/25 0:00
350,Bellarmine,ASun,-17.95,102.2,240,120.2,361,67.3,236,1/8/25 0:00
351,Mercyhurst,NEC,-18.27,95.6,343,113.8,331,65.3,327,1/8/25 0:00
352,Florida A&M,SWAC,-18.61,91.8,359,110.4,259,70,105,1/8/25 0:00
353,East Texas A&M,Slnd,-18.7,93.9,353,112.6,308,69.3,144,1/8/25 0:00
354,Northern Illinois,MAC,-18.72,93.3,355,112,300,70.5,85,1/8/25 0:00
355,NJIT,AE,-19.64,92.3,358,112,299,65.7,299,1/8/25 0:00
356,Maryland Eastern Shore,MEAC,-19.98,97.7,329,117.7,358,67.9,207,1/8/25 0:00
357,The Citadel,SC,-20.21,95.2,346,115.4,341,65.5,316,1/8/25 0:00
358,Alabama A&M,SWAC,-20.81,94.5,351,115.4,340,72.7,22,1/8/25 0:00
359,Canisius,MAAC,-20.82,100.6,277,121.4,363,66.1,280,1/8/25 0:00
360,Chicago St.,NEC,-20.98,89.7,362,110.7,264,69.7,119,1/8/25 0:00
,,,,,Strength of Schedule,NCSOS,,,,1/8/25 0:00
Rk,Team,Conf,NetRtg,ORtg,DRtg,AdjT,Luck,NetRtg,ORtg,1/8/25 0:00
361,New Hampshire,AE,-22.84,90.7,360,113.5,323,68.6,177,1/8/25 0:00
362,Coppin St.,MEAC,-23.52,87.3,363,110.8,271,68.6,176,1/8/25 0:00
363,Arkansas Pine Bluff,SWAC,-24.03,99.6,297,123.7,364,73.3,14,1/8/25 0:00
364,Mississippi Valley St.,SWAC,-35.7,85.5,364,121.2,362,66,283,1/8/25 0:00
1,Duke,ACC,36.68,122.8,8,86.1,1,66.1,277,1/9/25 0:00
2,Auburn,SEC,36.68,131.1,1,94.4,18,69.1,155,1/9/25 0:00
3,Houston,B12,33.2,119.9,16,86.7,2,62.2,361,1/9/25 0:00
4,Iowa St.,B12,30.85,123.3,6,92.5,9,69.8,111,1/9/25 0:00
5,Florida,SEC,29.86,124.2,4,94.4,16,70.5,83,1/9/25 0:00
6,Tennessee,SEC,29.39,116.3,33,86.9,3,65.7,295,1/9/25 0:00
7,Illinois,B10,27.25,119.3,19,92,6,73.2,15,1/9/25 0:00
8,Alabama,SEC,27.15,124.3,3,97.2,35,74.7,5,1/9/25 0:00
9,Gonzaga,WCC,27.14,123.6,5,96.5,29,71.3,56,1/9/25 0:00
10,Kansas,B12,26.95,117.8,24,90.8,4,69.7,116,1/9/25 0:00
11,Michigan,B10,25.85,120.2,14,94.4,17,71.4,50,1/9/25 0:00
12,Marquette,BE,25.53,119.3,18,93.8,14,68.8,161,1/9/25 0:00
13,Arizona,B12,24.65,120,15,95.4,21,71.1,63,1/9/25 0:00
14,Texas A&M,SEC,24.24,116.9,29,92.7,10,67.2,238,1/9/25 0:00
15,Texas Tech,B12,23.65,122.8,7,99.2,57,66.3,264,1/9/25 0:00
16,Mississippi St.,SEC,23.63,119.6,17,95.9,25,68.6,179,1/9/25 0:00
17,Michigan St.,B10,23.05,116.3,35,93.2,12,69.1,157,1/9/25 0:00
18,Purdue,B10,22.83,122.1,11,99.3,59,65.9,291,1/9/25 0:00
19,Baylor,B12,22.79,120.7,13,97.9,45,66.3,265,1/9/25 0:00
20,St. John's,BE,22.29,114.3,49,92.1,7,71.4,53,1/9/25 0:00
21,Wisconsin,B10,22.12,121.3,12,99.2,58,68.7,170,1/9/25 0:00
22,Kentucky,SEC,21.72,122.7,9,101,89,72.1,34,1/9/25 0:00
23,Maryland,B10,21.08,116.8,31,95.7,22,70.3,92,1/9/25 0:00
24,Mississippi,SEC,20.92,116.9,30,95.9,23,68.2,201,1/9/25 0:00
25,Connecticut,BE,20.78,124.5,2,103.7,124,65.4,314,1/9/25 0:00
26,Oregon,B10,20.63,118.7,22,98,46,69.2,150,1/9/25 0:00
27,Pittsburgh,ACC,20.63,118.4,23,97.8,42,68.7,168,1/9/25 0:00
28,UCLA,B10,20.34,111.4,78,91.1,5,67.1,240,1/9/25 0:00
29,Memphis,Amer,19.24,116.1,37,96.8,34,70.9,73,1/9/25 0:00
30,Ohio St.,B10,19.1,116.6,32,97.5,39,68.8,163,1/9/25 0:00
31,North Carolina,ACC,18.99,117.3,25,98.3,49,74.2,7,1/9/25 0:00
32,San Diego St.,MWC,18.96,111.2,85,92.3,8,67,247,1/9/25 0:00
33,Cincinnati,B12,18.57,111.3,82,92.7,11,66.2,275,1/9/25 0:00
34,Clemson,ACC,18.16,115.5,39,97.3,36,65.9,292,1/9/25 0:00
35,Nebraska,B10,18.15,111.8,71,93.6,13,69.2,152,1/9/25 0:00
36,Saint Mary's,WCC,17.49,115,43,97.5,37,63.8,352,1/9/25 0:00
37,Louisville,ACC,17.44,115.3,42,97.8,44,68.9,158,1/9/25 0:00
38,Texas,SEC,17.13,114.7,46,97.6,40,67.9,211,1/9/25 0:00
39,Georgia,SEC,17.09,112.2,66,95.2,20,67.4,230,1/9/25 0:00
40,Oklahoma,SEC,16.97,119,21,102,100,68.1,205,1/9/25 0:00
,,,,,Strength of Schedule,NCSOS,,,,1/9/25 0:00
Rk,Team,Conf,NetRtg,ORtg,DRtg,AdjT,Luck,NetRtg,ORtg,1/9/25 0:00
41,Villanova,BE,16.83,122.7,10,105.8,172,64.2,348,1/9/25 0:00
42,Missouri,SEC,16.68,116.9,27,100.2,77,69.1,156,1/9/25 0:00
43,Utah St.,MWC,16.57,115.3,40,98.8,53,70.4,89,1/9/25 0:00
44,BYU,B12,16.41,116.9,28,100.5,79,68.2,198,1/9/25 0:00
45,VCU,A10,16.38,112.3,65,95.9,24,67.2,239,1/9/25 0:00
46,Arkansas,SEC,16.2,112.8,59,96.6,31,70.2,97,1/9/25 0:00
47,West Virginia,B12,16.16,110.6,98,94.4,19,65.4,313,1/9/25 0:00
48,Creighton,BE,16.07,113.6,55,97.5,38,69.5,129,1/9/25 0:00
49,Indiana,B10,15.68,113.8,53,98.2,47,70.7,77,1/9/25 0:00
50,Vanderbilt,SEC,15.59,116.3,34,100.7,83,71.8,40,1/9/25 0:00
51,Iowa,B10,15.49,119.2,20,103.7,125,72.8,21,1/9/25 0:00
52,Northwestern,B10,15.3,111.5,77,96.2,27,65.6,305,1/9/25 0:00
53,Penn St.,B10,15.28,114.4,48,99.2,56,72.5,24,1/9/25 0:00
54,SMU,ACC,14.83,117.2,26,102.3,105,70.6,82,1/9/25 0:00
55,Dayton,A10,14.57,116.1,36,101.6,93,66.6,258,1/9/25 0:00
56,Boise St.,MWC,14.07,114,51,99.9,68,67.9,213,1/9/25 0:00
57,Xavier,BE,13.96,113.9,52,99.9,72,69.9,108,1/9/25 0:00
58,Arizona St.,B12,13.84,110.6,95,96.8,33,68.7,171,1/9/25 0:00
59,Nevada,MWC,13.37,114,50,100.7,81,63.8,351,1/9/25 0:00
60,Florida St.,ACC,12.74,111.3,79,98.6,50,71,68,1/9/25 0:00
61,Georgetown,BE,12.62,109.2,121,96.6,30,69.5,131,1/9/25 0:00
62,San Francisco,WCC,12.53,112.4,64,99.9,71,68.2,199,1/9/25 0:00
63,New Mexico,MWC,12.47,112.2,67,99.7,66,74.3,6,1/9/25 0:00
64,North Texas,Amer,12.44,110.3,102,97.8,43,63,357,1/9/25 0:00
65,UC Irvine,BW,12.27,106.3,172,94,15,70.4,90,1/9/25 0:00
66,UC San Diego,BW,12.21,112.6,63,100.4,78,67.6,223,1/9/25 0:00
67,McNeese,Slnd,12.03,111.5,75,99.5,64,65.7,296,1/9/25 0:00
68,Liberty,CUSA,12.02,109.6,110,97.6,41,64.3,346,1/9/25 0:00
69,LSU,SEC,11.56,110.6,96,99.1,55,69.4,138,1/9/25 0:00
70,St. Bonaventure,A10,11.51,110.2,105,98.6,51,65.5,310,1/9/25 0:00
71,Washington St.,WCC,10.91,111,89,100.1,74,72.4,26,1/9/25 0:00
72,TCU,B12,10.34,106.3,170,96,26,67.5,228,1/9/25 0:00
73,Providence,BE,10.33,110.9,91,100.6,80,65.1,332,1/9/25 0:00
74,Santa Clara,WCC,10.22,114.9,44,104.6,141,69.3,142,1/9/25 0:00
75,Drake,MVC,10.09,109.4,116,99.3,60,61.1,364,1/9/25 0:00
76,Oregon St.,WCC,10.01,111.8,70,101.8,97,65.4,320,1/9/25 0:00
77,Lipscomb,ASun,9.82,109.3,118,99.5,63,67.4,229,1/9/25 0:00
78,UCF,B12,9.76,110.8,93,101,90,71,67,1/9/25 0:00
79,USC,B10,9.74,110.5,101,100.7,84,68.7,169,1/9/25 0:00
80,Rutgers,B10,9.62,111.2,88,101.6,94,71.4,52,1/9/25 0:00
,,,,,Strength of Schedule,NCSOS,,,,1/9/25 0:00
Rk,Team,Conf,NetRtg,ORtg,DRtg,AdjT,Luck,NetRtg,ORtg,1/9/25 0:00
81,South Carolina,SEC,9.61,109.5,115,99.9,69,66.7,255,1/9/25 0:00
82,George Mason,A10,9.51,105.8,178,96.3,28,65.7,297,1/9/25 0:00
83,Wake Forest,ACC,9.48,106.1,174,96.6,32,66.9,250,1/9/25 0:00
84,Yale,Ivy,9.44,113.7,54,104.3,130,68.4,188,1/9/25 0:00
85,Colorado,B12,9.43,108.5,132,99,54,68.7,166,1/9/25 0:00
86,Butler,BE,9.42,111,90,101.6,95,68.5,183,1/9/25 0:00
87,Washington,B10,8.9,108.3,134,99.4,62,69.5,134,1/9/25 0:00
88,Notre Dame,ACC,8.77,113.5,56,104.8,147,65.4,318,1/9/25 0:00
89,Utah,B12,8.75,110.5,100,101.8,98,71.4,54,1/9/25 0:00
90,Colorado St.,MWC,8.71,107.4,150,98.7,52,68.2,200,1/9/25 0:00
91,Kansas St.,B12,7.78,109.6,111,101.8,99,68.4,187,1/9/25 0:00
92,N.C. State,ACC,7.73,111.3,81,103.6,122,66,285,1/9/25 0:00
93,Bradley,MVC,7.68,111.3,84,103.6,123,66.2,270,1/9/25 0:00
94,Arkansas St.,SB,7.64,107.7,141,100.1,73,70.9,72,1/9/25 0:00
95,Stanford,ACC,7.45,111.9,69,104.4,136,67.8,214,1/9/25 0:00
96,Grand Canyon,WAC,7.26,107.2,154,99.9,70,73.5,10,1/9/25 0:00
97,Florida Atlantic,Amer,6.94,112.7,62,105.8,169,72.4,27,1/9/25 0:00
98,Saint Joseph's,A10,6.78,107.6,143,100.9,88,69.7,114,1/9/25 0:00
99,Rhode Island,A10,6.69,107.5,149,100.8,85,72.2,31,1/9/25 0:00
100,Northern Iowa,MVC,6.22,111.2,86,105,154,65.4,312,1/9/25 0:00
101,UNLV,MWC,6.21,110.6,99,104.4,135,66.1,280,1/9/25 0:00
102,Georgia Tech,ACC,6.03,107,156,101,91,70.9,71,1/9/25 0:00
103,Oklahoma St.,B12,5.9,106.6,166,100.7,82,71.9,38,1/9/25 0:00
104,Samford,SC,5.3,115.3,41,110,251,71.5,47,1/9/25 0:00
105,Davidson,A10,5.13,112.2,68,107.1,193,66.7,256,1/9/25 0:00
106,Murray St.,MVC,5.02,109.3,117,104.3,133,65.8,294,1/9/25 0:00
107,George Washington,A10,5.02,107.7,142,102.7,108,69.4,137,1/9/25 0:00
108,South Alabama,SB,4.88,106.6,165,101.7,96,64.4,345,1/9/25 0:00
109,Troy,SB,4.79,105.6,180,100.9,87,66.7,257,1/9/25 0:00
110,Minnesota,B10,4.59,107,157,102.4,106,62.7,360,1/9/25 0:00
111,South Dakota St.,Sum,4.47,109.2,120,104.8,145,70.2,93,1/9/25 0:00
112,Saint Louis,A10,4.46,111.7,73,107.2,197,68,207,1/9/25 0:00
113,Princeton,Ivy,4.43,110.7,94,106.3,179,68.6,177,1/9/25 0:00
114,High Point,BSth,4.35,115.7,38,111.4,282,67,245,1/9/25 0:00
115,DePaul,BE,4.32,109.6,109,105.3,160,69.2,147,1/9/25 0:00
116,Furman,SC,4.19,107.4,151,103.2,117,65.7,301,1/9/25 0:00
117,St. Thomas,Sum,4.04,112.8,60,108.7,229,69.3,143,1/9/25 0:00
118,Wichita St.,Amer,4,108.5,131,104.5,139,71.9,39,1/9/25 0:00
119,Western Kentucky,CUSA,3.94,104.1,207,100.2,76,74.8,3,1/9/25 0:00
120,UAB,Amer,3.9,112.9,58,109,232,70.7,76,1/9/25 0:00
,,,,,Strength of Schedule,NCSOS,,,,1/9/25 0:00
Rk,Team,Conf,NetRtg,ORtg,DRtg,AdjT,Luck,NetRtg,ORtg,1/9/25 0:00
121,Loyola Chicago,A10,3.87,106.8,160,103,111,68.6,176,1/9/25 0:00
122,Virginia,ACC,3.82,103.7,213,99.9,67,61.2,363,1/9/25 0:00
123,California,ACC,3.79,113.2,57,109.4,240,69.2,149,1/9/25 0:00
124,Temple,Amer,3.74,108.2,135,104.5,138,70.4,86,1/9/25 0:00
125,Syracuse,ACC,3.68,108.8,126,105.1,155,71,69,1/9/25 0:00
126,Charleston,CAA,3.58,106.9,159,103.4,121,73.1,16,1/9/25 0:00
127,Middle Tennessee,CUSA,3.08,107.4,152,104.3,131,69.7,123,1/9/25 0:00
128,UNC Greensboro,SC,3.05,106.3,169,103.3,120,65.1,330,1/9/25 0:00
129,Kent St.,MAC,3.02,101.2,260,98.2,48,66.3,266,1/9/25 0:00
130,Miami FL,ACC,3.01,114.5,47,111.5,286,67.9,212,1/9/25 0:00
131,Akron,MAC,2.93,107.8,139,104.9,152,71.7,41,1/9/25 0:00
132,UTEP,CUSA,2.88,105,190,102.1,102,69.3,144,1/9/25 0:00
133,North Dakota St.,Sum,2.87,114.7,45,111.8,295,65.9,287,1/9/25 0:00
134,UMass Lowell,AE,2.76,111.8,72,109,231,71.6,45,1/9/25 0:00
135,Louisiana Tech,CUSA,2.58,107.5,148,104.9,149,65.3,323,1/9/25 0:00
136,East Tennessee St.,SC,2.01,109,123,106.9,190,67.2,237,1/9/25 0:00
137,CSUN,BW,1.93,105,188,103.1,115,73.3,13,1/9/25 0:00
138,Purdue Fort Wayne,Horz,1.9,111.5,76,109.6,245,69.7,118,1/9/25 0:00
139,UC Santa Barbara,BW,1.88,107.1,155,105.2,158,65.7,300,1/9/25 0:00
140,James Madison,SB,1.78,108.7,128,106.9,189,66.5,259,1/9/25 0:00
141,Wofford,SC,1.49,111.3,80,109.8,248,65.3,325,1/9/25 0:00
142,Belmont,MVC,1.47,111.7,74,110.2,253,72.4,28,1/9/25 0:00
143,Seattle,WAC,1.28,106.7,164,105.4,161,67.6,225,1/9/25 0:00
144,Sam Houston St.,CUSA,1.24,112.7,61,111.5,285,69.5,130,1/9/25 0:00
145,Loyola Marymount,WCC,1.24,104.2,206,103,112,68.6,180,1/9/25 0:00
146,South Florida,Amer,1.18,107.9,138,106.7,185,69.4,135,1/9/25 0:00
147,Norfolk St.,MEAC,1.07,107.5,147,106.4,181,66.8,254,1/9/25 0:00
148,Illinois St.,MVC,1.06,109.5,113,108.5,223,65.8,293,1/9/25 0:00
149,Cornell,Ivy,1.04,111.3,83,110.2,254,71.9,35,1/9/25 0:00
150,Elon,CAA,0.96,106.7,162,105.7,168,65.7,298,1/9/25 0:00
151,Seton Hall,BE,0.94,101.1,265,100.1,75,63.8,353,1/9/25 0:00
152,UNC Wilmington,CAA,0.84,108.5,130,107.7,205,67.3,234,1/9/25 0:00
153,Illinois Chicago,MVC,0.79,109.2,122,108.4,219,69.7,117,1/9/25 0:00
154,Duquesne,A10,0.59,104.7,199,104.1,128,64.7,339,1/9/25 0:00
155,Texas St.,SB,0.58,108.7,127,108.1,216,65.6,308,1/9/25 0:00
156,Appalachian St.,SB,0.57,102.7,229,102.2,103,64.9,337,1/9/25 0:00
157,North Alabama,ASun,0.47,107.6,146,107.1,194,68.2,197,1/9/25 0:00
158,Milwaukee,Horz,0.26,105.4,182,105.1,157,70.6,80,1/9/25 0:00
159,Northern Colorado,BSky,0.17,109.9,107,109.8,247,71.2,57,1/9/25 0:00
160,New Mexico St.,CUSA,0.13,104.6,200,104.5,137,67.1,242,1/9/25 0:00
,,,,,Strength of Schedule,NCSOS,,,,1/9/25 0:00
Rk,Team,Conf,NetRtg,ORtg,DRtg,AdjT,Luck,NetRtg,ORtg,1/9/25 0:00
161,Texas A&M Corpus Chris,Slnd,0.09,109.3,119,109.2,236,70.2,96,1/9/25 0:00
162,Cal Baptist,WAC,0.03,108.7,129,108.7,226,66.4,261,1/9/25 0:00
163,Utah Valley,WAC,-0.01,101.2,262,101.2,92,69.7,113,1/9/25 0:00
164,Wyoming,MWC,-0.1,103.9,208,104,127,65.4,315,1/9/25 0:00
165,Miami OH,MAC,-0.23,106.8,161,107,192,69.3,140,1/9/25 0:00
166,Florida Gulf Coast,ASun,-0.25,107.6,144,107.9,210,65.6,306,1/9/25 0:00
167,Columbia,Ivy,-0.3,110.2,104,110.5,260,68.9,159,1/9/25 0:00
168,Ohio,MAC,-0.3,107,158,107.3,200,70.9,75,1/9/25 0:00
169,Jacksonville,ASun,-0.42,101.6,252,102,101,69.2,145,1/9/25 0:00
170,Virginia Tech,ACC,-0.51,106,176,106.6,183,65.4,316,1/9/25 0:00
171,Jacksonville St.,CUSA,-0.65,110.6,97,111.3,280,65.9,288,1/9/25 0:00
172,UC Riverside,BW,-0.86,104.7,198,105.6,166,68,208,1/9/25 0:00
173,Hawaii,BW,-0.87,103.5,216,104.3,134,65,336,1/9/25 0:00
174,Wright St.,Horz,-0.92,108.8,124,109.8,246,67.7,217,1/9/25 0:00
175,Rice,Amer,-0.94,103.9,210,104.8,148,65.3,324,1/9/25 0:00
176,Chattanooga,SC,-0.96,110.1,106,111.1,276,67.6,220,1/9/25 0:00
177,Hofstra,CAA,-0.99,98.3,317,99.3,61,65,335,1/9/25 0:00
178,Tulane,Amer,-1.03,104.3,205,105.3,159,69.2,151,1/9/25 0:00
179,East Carolina,Amer,-1.04,105,189,106,174,67.3,235,1/9/25 0:00
180,UT Arlington,WAC,-1.09,109.6,112,110.6,266,71.1,64,1/9/25 0:00
181,La Salle,A10,-1.19,104.8,193,106,173,71.4,51,1/9/25 0:00
182,Indiana St.,MVC,-1.24,109.6,108,110.9,273,74,9,1/9/25 0:00
183,Lamar,Slnd,-1.34,101.5,254,102.8,110,67.4,231,1/9/25 0:00
184,Longwood,BSth,-1.56,104.8,194,106.3,180,69.8,110,1/9/25 0:00
185,Montana St.,BSky,-1.63,104.6,201,106.2,178,67.9,210,1/9/25 0:00
186,Merrimack,MAAC,-1.64,101.7,249,103.3,119,65.3,326,1/9/25 0:00
187,Montana,BSky,-1.67,107.8,140,109.4,241,69.7,122,1/9/25 0:00
188,Boston College,ACC,-1.8,105.5,181,107.2,199,67.5,226,1/9/25 0:00
189,Drexel,CAA,-1.87,102.3,237,104.2,129,64.6,342,1/9/25 0:00
190,UNC Asheville,BSth,-1.88,110.2,103,112.1,302,68.3,196,1/9/25 0:00
191,Radford,BSth,-1.99,107.6,145,109.6,244,64.9,338,1/9/25 0:00
192,Bryant,AE,-2.04,104.6,202,106.6,184,74.9,2,1/9/25 0:00
193,Central Connecticut,NEC,-2.25,100.5,279,102.8,109,65.6,307,1/9/25 0:00
194,Cleveland St.,Horz,-2.27,102.8,227,105.1,156,67,246,1/9/25 0:00
195,Youngstown St.,Horz,-2.32,98.5,316,100.8,86,71,66,1/9/25 0:00
196,Northeastern,CAA,-2.36,101.5,255,103.8,126,69.3,141,1/9/25 0:00
197,San Jose St.,MWC,-2.45,107.9,137,110.4,258,66,282,1/9/25 0:00
198,William & Mary,CAA,-2.51,110.8,92,113.3,318,71.9,36,1/9/25 0:00
199,Marshall,SB,-2.59,103.6,215,106.1,176,69.6,127,1/9/25 0:00
200,Valparaiso,MVC,-2.72,108.1,136,110.8,272,69.6,126,1/9/25 0:00
,,,,,Strength of Schedule,NCSOS,,,,1/9/25 0:00
Rk,Team,Conf,NetRtg,ORtg,DRtg,AdjT,Luck,NetRtg,ORtg,1/9/25 0:00
201,Pepperdine,WCC,-2.76,103.7,212,106.5,182,70.4,87,1/9/25 0:00
202,Brown,Ivy,-2.83,104.9,191,107.8,209,65.5,309,1/9/25 0:00
203,Northern Kentucky,Horz,-2.94,100.1,285,103.1,114,65.4,317,1/9/25 0:00
204,Kennesaw St.,CUSA,-2.94,104.8,196,107.7,206,72.5,23,1/9/25 0:00
205,Oakland,Horz,-2.96,105.7,179,108.7,227,63,358,1/9/25 0:00
206,Winthrop,BSth,-2.98,106.2,173,109.2,237,73.4,12,1/9/25 0:00
207,Southern Utah,WAC,-3.18,104.9,192,108.1,215,70,102,1/9/25 0:00
208,Nicholls,Slnd,-3.76,103.4,218,107.2,196,68.9,160,1/9/25 0:00
209,Towson,CAA,-3.82,100.9,271,104.7,143,63.4,355,1/9/25 0:00
210,Massachusetts,A10,-3.96,103.3,221,107.3,201,71.9,37,1/9/25 0:00
211,Toledo,MAC,-4.12,108.8,125,112.9,313,71.7,42,1/9/25 0:00
212,Marist,MAAC,-4.16,101.3,259,105.4,164,65.2,329,1/9/25 0:00
213,UT Rio Grande Valley,Slnd,-4.23,106.5,167,110.8,271,70.3,91,1/9/25 0:00
214,Delaware,CAA,-4.41,108.4,133,112.8,311,70.6,79,1/9/25 0:00
215,Richmond,A10,-4.45,103.4,217,107.9,211,66.3,268,1/9/25 0:00
216,Quinnipiac,MAAC,-4.88,99.8,290,104.7,142,71.5,46,1/9/25 0:00
217,FIU,CUSA,-4.92,98.2,318,103.1,116,71.2,59,1/9/25 0:00
218,North Florida,ASun,-4.93,111.2,87,116.1,350,72.9,18,1/9/25 0:00
219,Central Michigan,MAC,-4.99,100.6,278,105.6,167,68.7,167,1/9/25 0:00
220,Kansas City,Sum,-5.04,102.1,243,107.2,195,65.6,304,1/9/25 0:00
221,Eastern Kentucky,ASun,-5.05,106.7,163,111.7,292,69.5,132,1/9/25 0:00
222,South Carolina St.,MEAC,-5.08,101,267,106.1,175,69.7,121,1/9/25 0:00
223,Little Rock,OVC,-5.17,98.1,321,103.2,118,68.6,174,1/9/25 0:00
224,Vermont,AE,-5.22,97.8,329,103.1,113,64,350,1/9/25 0:00
225,Missouri St.,MVC,-5.22,102.2,241,107.4,203,64.4,344,1/9/25 0:00
226,Mercer,SC,-5.25,102.6,232,107.9,212,72.3,29,1/9/25 0:00
227,Idaho St.,BSky,-5.37,102.4,236,107.7,207,66,284,1/9/25 0:00
228,Fordham,A10,-5.43,102.7,230,108.2,217,71.2,60,1/9/25 0:00
229,Mount St. Mary's,MAAC,-5.57,99.2,304,104.8,146,69.8,109,1/9/25 0:00
230,Saint Peter's,MAAC,-5.65,99.2,302,104.9,150,62.9,359,1/9/25 0:00
231,Cal St. Bakersfield,BW,-5.65,103.6,214,109.3,239,65.2,328,1/9/25 0:00
232,Southeastern Louisiana,Slnd,-5.73,99.2,303,105,153,68.5,184,1/9/25 0:00
233,Gardner Webb,BSth,-5.74,103.8,211,109.5,243,70.2,95,1/9/25 0:00
234,Albany,AE,-5.81,104.8,195,110.6,264,69.7,120,1/9/25 0:00
235,Hampton,CAA,-5.86,102.1,242,108,213,66.5,260,1/9/25 0:00
236,Abilene Christian,WAC,-5.87,98.8,310,104.7,144,69.7,119,1/9/25 0:00
237,UC Davis,BW,-5.98,96.3,338,102.3,104,71.2,61,1/9/25 0:00
238,Robert Morris,Horz,-6.14,100.7,275,106.9,188,70.1,98,1/9/25 0:00
239,UMBC,AE,-6.37,107.3,153,113.7,328,72.1,33,1/9/25 0:00
240,Charlotte,Amer,-6.38,105.1,186,111.5,284,66.1,279,1/9/25 0:00
,,,,,Strength of Schedule,NCSOS,,,,1/9/25 0:00
Rk,Team,Conf,NetRtg,ORtg,DRtg,AdjT,Luck,NetRtg,ORtg,1/9/25 0:00
241,Cal Poly,BW,-6.39,104.3,204,110.7,268,76.2,1,1/9/25 0:00
242,Southern,SWAC,-6.64,98,323,104.6,140,69.6,124,1/9/25 0:00
243,Ball St.,MAC,-6.65,103.3,222,109.9,250,68.1,203,1/9/25 0:00
244,Maine,AE,-6.65,98.9,309,105.5,165,68.1,204,1/9/25 0:00
245,Nebraska Omaha,Sum,-6.82,104.4,203,111.2,279,68.3,193,1/9/25 0:00
246,South Dakota,Sum,-6.85,109.5,114,116.4,353,74.2,8,1/9/25 0:00
247,Bethune Cookman,SWAC,-6.85,98,322,104.9,151,69.2,148,1/9/25 0:00
248,Weber St.,BSky,-6.95,105,187,112,300,66,283,1/9/25 0:00
249,Southern Illinois,MVC,-7.09,101.4,257,108.5,222,69.9,106,1/9/25 0:00
250,Idaho,BSky,-7.12,106.3,171,113.4,321,66.9,249,1/9/25 0:00
251,Queens,ASun,-7.15,103.9,209,111,275,71.1,65,1/9/25 0:00
252,Stephen F. Austin,Slnd,-7.23,92.5,357,99.7,65,67.3,232,1/9/25 0:00
253,Bucknell,PL,-7.44,95.1,345,102.5,107,68.6,178,1/9/25 0:00
254,Portland St.,BSky,-7.5,101.6,250,109.1,235,70.5,85,1/9/25 0:00
255,Presbyterian,BSth,-7.58,102.6,234,110.2,252,64.6,343,1/9/25 0:00
256,SIUE,OVC,-7.61,98.6,315,106.2,177,65.9,290,1/9/25 0:00
257,Boston University,PL,-7.74,100,288,107.7,208,63.4,356,1/9/25 0:00
258,Eastern Washington,BSky,-7.86,105.8,177,113.7,329,68.4,190,1/9/25 0:00
259,Incarnate Word,Slnd,-7.94,104.7,197,112.7,309,66,286,1/9/25 0:00
260,Fresno St.,MWC,-8.13,99.4,300,107.5,204,74.7,4,1/9/25 0:00
261,Southeast Missouri,OVC,-8.18,99.1,305,107.3,202,70,101,1/9/25 0:00
262,Evansville,MVC,-8.22,96.1,339,104.3,132,66.8,252,1/9/25 0:00
263,Lehigh,PL,-8.27,102.2,238,110.5,261,68.6,172,1/9/25 0:00
264,Colgate,PL,-8.35,100.7,276,109.1,233,66.4,262,1/9/25 0:00
265,Northern Arizona,BSky,-8.37,105.1,185,113.5,325,67.7,216,1/9/25 0:00
266,Harvard,Ivy,-8.38,100.1,286,108.5,224,67.2,236,1/9/25 0:00
267,American,PL,-8.49,102.6,233,111.1,277,64.2,347,1/9/25 0:00
268,Siena,MAAC,-8.56,99.8,291,108.3,218,66.2,276,1/9/25 0:00
269,UTSA,Amer,-8.61,103.1,224,111.7,291,72.5,25,1/9/25 0:00
270,Northwestern St.,Slnd,-8.74,102,244,110.7,270,65.1,333,1/9/25 0:00
271,Bowling Green,MAC,-8.81,102.7,231,111.5,287,71,70,1/9/25 0:00
272,Lafayette,PL,-8.9,97.9,326,106.8,187,66.8,253,1/9/25 0:00
273,Iona,MAAC,-8.96,97.8,328,106.8,186,71.1,62,1/9/25 0:00
274,Alabama St.,SWAC,-9.01,105.3,184,114.3,335,69.9,107,1/9/25 0:00
275,San Diego,WCC,-9.05,96.3,337,105.4,163,71.6,43,1/9/25 0:00
276,Sacred Heart,MAAC,-9.27,103.3,220,112.6,308,70.2,94,1/9/25 0:00
277,Tulsa,Amer,-9.33,100.9,270,110.3,256,68.3,195,1/9/25 0:00
278,Manhattan,MAAC,-9.45,106.1,175,115.5,343,70.6,81,1/9/25 0:00
279,Campbell,CAA,-9.46,99.1,307,108.5,225,67.6,221,1/9/25 0:00
280,Georgia Southern,SB,-9.62,98.8,313,108.4,220,72.8,20,1/9/25 0:00
,,,,,Strength of Schedule,NCSOS,,,,1/9/25 0:00
Rk,Team,Conf,NetRtg,ORtg,DRtg,AdjT,Luck,NetRtg,ORtg,1/9/25 0:00
281,Monmouth,CAA,-9.66,102.2,240,111.9,296,67.5,227,1/9/25 0:00
282,Dartmouth,Ivy,-9.68,99,308,108.7,228,71.2,58,1/9/25 0:00
283,Howard,MEAC,-9.74,106.5,168,116.2,351,68.8,162,1/9/25 0:00
284,Tennessee Martin,OVC,-9.99,97.3,331,107.2,198,67.1,243,1/9/25 0:00
285,Jackson St.,SWAC,-10.03,95.3,344,105.4,162,70.4,88,1/9/25 0:00
286,Southern Miss,SB,-10.05,100.5,281,110.5,262,69.1,153,1/9/25 0:00
287,Austin Peay,ASun,-10.06,95.8,340,105.8,170,65.4,322,1/9/25 0:00
288,Charleston Southern,BSth,-10.15,102,245,112.1,304,69.6,125,1/9/25 0:00
289,Tarleton St.,WAC,-10.16,95.7,341,105.8,171,66.2,272,1/9/25 0:00
290,Georgia St.,SB,-10.25,99.6,294,109.9,249,69.8,112,1/9/25 0:00
291,Coastal Carolina,SB,-10.58,100.1,287,110.7,267,63.5,354,1/9/25 0:00
292,Western Michigan,MAC,-10.85,101.3,258,112.2,305,67.6,222,1/9/25 0:00
293,Loyola MD,PL,-10.94,100.3,283,111.2,278,68.4,186,1/9/25 0:00
294,Air Force,MWC,-10.99,99.4,301,110.3,257,64.7,340,1/9/25 0:00
295,Utah Tech,WAC,-11,101.1,266,112.1,303,68.4,191,1/9/25 0:00
296,Stonehill,NEC,-11.17,100.7,277,111.9,297,66.2,271,1/9/25 0:00
297,Pacific,WCC,-11.2,100.7,274,111.9,299,68.4,189,1/9/25 0:00
298,North Dakota,Sum,-11.24,105.4,183,116.6,355,69.5,133,1/9/25 0:00
299,Long Beach St.,BW,-11.48,101.7,248,113.2,316,65.1,334,1/9/25 0:00
300,Army,PL,-11.78,101.4,256,113.2,317,68.5,182,1/9/25 0:00
301,Louisiana,SB,-11.79,101.9,246,113.7,330,68.6,181,1/9/25 0:00
302,Holy Cross,PL,-11.79,103,226,114.7,340,65.7,302,1/9/25 0:00
303,Tennessee Tech,OVC,-11.8,99.6,296,111.4,283,69.4,136,1/9/25 0:00
304,Morehead St.,OVC,-12.15,99.7,293,111.8,294,67.1,244,1/9/25 0:00
305,Penn,Ivy,-12.15,101.7,247,113.9,332,66.2,273,1/9/25 0:00
306,Navy,PL,-12.2,101,269,113.2,315,69.1,154,1/9/25 0:00
307,Niagara,MAAC,-12.21,101.2,263,113.4,320,65.4,319,1/9/25 0:00
308,Binghamton,AE,-12.26,99.4,298,111.7,290,65.9,289,1/9/25 0:00
309,Detroit Mercy,Horz,-12.32,96.9,334,109.2,238,68,206,1/9/25 0:00
310,Eastern Michigan,MAC,-12.47,101,268,113.4,322,68.8,165,1/9/25 0:00
311,Tennessee St.,OVC,-12.76,98.8,312,111.6,288,72.8,19,1/9/25 0:00
312,North Carolina A&T,CAA,-12.83,100.5,280,113.4,319,73.1,17,1/9/25 0:00
313,North Carolina Central,MEAC,-12.94,101.6,251,114.6,339,67.1,241,1/9/25 0:00
314,Fairfield,MAAC,-12.96,103.4,219,116.3,352,66.9,251,1/9/25 0:00
315,Delaware St.,MEAC,-13.19,98.1,320,111.3,281,71.3,55,1/9/25 0:00
316,Portland,WCC,-13.21,99.5,297,112.7,310,69.9,105,1/9/25 0:00
317,Texas Southern,SWAC,-13.23,94.8,349,108,214,71.5,48,1/9/25 0:00
318,Fairleigh Dickinson,NEC,-13.31,102.4,235,115.7,347,70.9,74,1/9/25 0:00
319,Rider,MAAC,-13.32,100.3,284,113.6,326,64.7,341,1/9/25 0:00
320,LIU,NEC,-13.37,95.1,346,108.4,221,67,248,1/9/25 0:00
,,,,,Strength of Schedule,NCSOS,,,,1/9/25 0:00
Rk,Team,Conf,NetRtg,ORtg,DRtg,AdjT,Luck,NetRtg,ORtg,1/9/25 0:00
321,Oral Roberts,Sum,-13.39,103,225,116.4,354,69.3,139,1/9/25 0:00
322,Old Dominion,SB,-13.58,98.8,311,112.4,306,68.5,185,1/9/25 0:00
323,Houston Christian,Slnd,-13.77,99.4,299,113.1,314,66.4,263,1/9/25 0:00
324,Prairie View A&M,SWAC,-13.8,102.8,228,116.6,356,72.2,32,1/9/25 0:00
325,Grambling St.,SWAC,-13.81,96.8,335,110.6,265,66.2,274,1/9/25 0:00
326,Cal St. Fullerton,BW,-13.84,98,324,111.8,293,65.4,321,1/9/25 0:00
327,Denver,Sum,-13.98,101.2,261,115.2,341,67.6,224,1/9/25 0:00
328,Southern Indiana,OVC,-14.36,97.2,332,111.6,289,67.6,219,1/9/25 0:00
329,Western Illinois,OVC,-14.4,101.1,264,115.5,344,64,349,1/9/25 0:00
330,Buffalo,MAC,-14.81,99.7,292,114.5,338,71.4,49,1/9/25 0:00
331,VMI,SC,-14.85,98.6,314,113.5,324,68.3,192,1/9/25 0:00
332,Stony Brook,CAA,-14.95,100.8,272,115.8,348,66.3,269,1/9/25 0:00
333,Western Carolina,SC,-15.09,94.4,351,109.5,242,72.2,30,1/9/25 0:00
334,Green Bay,Horz,-15.16,101.5,253,116.7,357,70.6,78,1/9/25 0:00
335,Sacramento St.,BSky,-15.19,93.9,353,109.1,234,65.1,331,1/9/25 0:00
336,Eastern Illinois,OVC,-15.42,94.8,348,110.2,255,67.8,215,1/9/25 0:00
337,Stetson,ASun,-15.7,99.8,289,115.5,346,69.5,128,1/9/25 0:00
338,Central Arkansas,ASun,-15.71,95,347,110.7,269,68.3,194,1/9/25 0:00
339,Saint Francis,NEC,-15.81,98.1,319,114,333,68.8,164,1/9/25 0:00
340,Lindenwood,OVC,-15.93,92.9,356,108.9,230,70,103,1/9/25 0:00
341,USC Upstate,BSth,-16.12,97.9,325,114.1,334,73.4,11,1/9/25 0:00
342,IU Indy,Horz,-16.24,103.1,223,119.4,360,65.4,311,1/9/25 0:00
343,Wagner,NEC,-16.82,90.2,361,107,191,61.9,362,1/9/25 0:00
344,Alcorn St.,SWAC,-16.94,99.1,306,116,349,66.3,267,1/9/25 0:00
345,Louisiana Monroe,SB,-17.26,95.6,343,112.8,312,68.1,202,1/9/25 0:00
346,Le Moyne,NEC,-17.37,97,333,114.4,336,70.1,99,1/9/25 0:00
347,New Orleans,Slnd,-17.68,97.8,327,115.5,345,70.1,100,1/9/25 0:00
348,Morgan St.,MEAC,-17.76,100.8,273,118.6,359,71.6,44,1/9/25 0:00
349,West Georgia,ASun,-17.78,96.7,336,114.5,337,67.7,218,1/9/25 0:00
350,Bellarmine,ASun,-17.96,102.2,239,120.2,361,67.3,233,1/9/25 0:00
351,Mercyhurst,NEC,-18.19,95.6,342,113.8,331,65.2,327,1/9/25 0:00
352,East Texas A&M,Slnd,-18.69,93.9,354,112.6,307,69.2,146,1/9/25 0:00
353,Florida A&M,SWAC,-18.73,91.7,359,110.5,259,70,104,1/9/25 0:00
354,Northern Illinois,MAC,-18.9,93.2,355,112.1,301,70.5,84,1/9/25 0:00
355,The Citadel,SC,-19.28,94.3,352,113.6,327,65.7,303,1/9/25 0:00
356,NJIT,AE,-19.54,92.4,358,111.9,298,65.7,299,1/9/25 0:00
357,Maryland Eastern Shore,MEAC,-19.89,97.7,330,117.6,358,67.9,209,1/9/25 0:00
358,Chicago St.,NEC,-20.84,89.7,362,110.5,263,69.7,115,1/9/25 0:00
359,Canisius,MAAC,-20.89,100.5,282,121.4,363,66.1,278,1/9/25 0:00
360,Alabama A&M,SWAC,-20.89,94.5,350,115.4,342,72.7,22,1/9/25 0:00
,,,,,Strength of Schedule,NCSOS,,,,1/9/25 0:00
Rk,Team,Conf,NetRtg,ORtg,DRtg,AdjT,Luck,NetRtg,ORtg,1/9/25 0:00
361,New Hampshire,AE,-22.71,90.7,360,113.5,323,68.6,173,1/9/25 0:00
362,Coppin St.,MEAC,-23.77,87.2,363,110.9,274,68.6,175,1/9/25 0:00
363,Arkansas Pine Bluff,SWAC,-24.02,99.6,295,123.6,364,73.2,14,1/9/25 0:00
364,Mississippi Valley St.,SWAC,-35.6,85.4,364,121,362,66,281,1/9/25 0:00
1,Auburn,SEC,36.76,131.2,1,94.4,19,69,151,1/10/25 0:00
2,Duke,ACC,36.67,122.6,7,86,1,66,276,1/10/25 0:00
3,Houston,B12,33.15,119.8,16,86.6,2,62.1,361,1/10/25 0:00
4,Iowa St.,B12,30.93,123.2,6,92.3,9,69.6,117,1/10/25 0:00
5,Florida,SEC,29.87,124.1,4,94.3,16,70.5,78,1/10/25 0:00
6,Tennessee,SEC,29.34,116.2,35,86.8,3,65.5,307,1/10/25 0:00
7,Alabama,SEC,27.21,124.4,3,97.1,37,74.6,3,1/10/25 0:00
8,Illinois,B10,27.14,119.2,19,92.1,7,73,17,1/10/25 0:00
9,Kansas,B12,27.1,117.9,24,90.7,4,69.6,121,1/10/25 0:00
10,Gonzaga,WCC,27.08,123.5,5,96.4,29,71.2,55,1/10/25 0:00
11,Michigan,B10,25.79,120.1,14,94.3,17,71.2,53,1/10/25 0:00
12,Marquette,BE,25.58,119.3,18,93.7,15,68.7,163,1/10/25 0:00
13,Arizona,B12,24.61,120,15,95.4,21,70.9,60,1/10/25 0:00
14,Michigan St.,B10,24.28,116.8,32,92.5,10,69.1,143,1/10/25 0:00
15,Texas A&M,SEC,24.26,117.1,27,92.8,12,67.1,234,1/10/25 0:00
16,Purdue,B10,23.98,121.6,11,97.6,43,65.4,310,1/10/25 0:00
17,Mississippi St.,SEC,23.67,119.5,17,95.9,26,68.4,179,1/10/25 0:00
18,Texas Tech,B12,23.65,122.6,8,99,58,66.2,264,1/10/25 0:00
19,Baylor,B12,22.82,120.6,13,97.8,47,66.1,267,1/10/25 0:00
20,St. John's,BE,22.32,114.3,49,92,6,71.2,54,1/10/25 0:00
21,Wisconsin,B10,21.94,121.2,12,99.2,61,68.5,168,1/10/25 0:00
22,Kentucky,SEC,21.55,122.6,9,101,89,71.9,34,1/10/25 0:00
23,Mississippi,SEC,21.17,116.9,30,95.7,22,68,200,1/10/25 0:00
24,Maryland,B10,21.06,116.9,31,95.8,24,70.1,95,1/10/25 0:00
25,Oregon,B10,20.93,118.1,23,97.2,39,69.2,140,1/10/25 0:00
26,Connecticut,BE,20.78,124.4,2,103.6,122,65.3,318,1/10/25 0:00
27,Pittsburgh,ACC,20.61,118.4,22,97.8,46,68.5,174,1/10/25 0:00
28,UCLA,B10,20.2,111.4,77,91.2,5,67,239,1/10/25 0:00
29,Memphis,Amer,19.26,115.9,37,96.6,33,70.8,69,1/10/25 0:00
30,North Carolina,ACC,19.15,117.3,25,98.1,50,74,7,1/10/25 0:00
31,San Diego St.,MWC,19,111.2,84,92.2,8,66.9,244,1/10/25 0:00
32,Ohio St.,B10,18.85,115.9,38,97,35,68.9,158,1/10/25 0:00
33,Cincinnati,B12,18.63,111.3,81,92.6,11,66,274,1/10/25 0:00
34,Nebraska,B10,18.31,111.8,71,93.5,14,68.9,154,1/10/25 0:00
35,Clemson,ACC,18.11,115.4,40,97.3,40,65.7,290,1/10/25 0:00
36,Saint Mary's,WCC,17.55,114.7,43,97.2,38,63.7,350,1/10/25 0:00
37,Louisville,ACC,17.5,115.3,42,97.8,45,68.8,159,1/10/25 0:00
38,Texas,SEC,17.12,114.6,45,97.5,42,67.7,213,1/10/25 0:00
39,Georgia,SEC,17.12,112.2,65,95.1,20,67.3,225,1/10/25 0:00
40,Oklahoma,SEC,16.99,118.8,21,101.9,103,68,202,1/10/25 0:00
,,,,,Strength of Schedule,NCSOS,,,,1/10/25 0:00
Rk,Team,Conf,NetRtg,ORtg,DRtg,AdjT,Luck,NetRtg,ORtg,1/10/25 0:00
41,Missouri,SEC,16.87,117.1,26,100.2,71,68.9,153,1/10/25 0:00
42,Villanova,BE,16.77,122.5,10,105.8,168,64,347,1/10/25 0:00
43,Utah St.,MWC,16.66,115.3,41,98.7,53,70.2,89,1/10/25 0:00
44,BYU,B12,16.47,116.8,33,100.3,75,68.1,198,1/10/25 0:00
45,VCU,A10,16.36,112.2,66,95.8,25,67.1,236,1/10/25 0:00
46,West Virginia,B12,16.17,110.5,99,94.4,18,65.3,317,1/10/25 0:00
47,Creighton,BE,16.1,113.5,55,97.4,41,69.4,130,1/10/25 0:00
48,Arkansas,SEC,16.02,112.6,61,96.6,32,70,97,1/10/25 0:00
49,Indiana,B10,15.6,113.7,54,98.1,49,70.6,76,1/10/25 0:00
50,Vanderbilt,SEC,15.56,116.2,34,100.7,79,71.6,39,1/10/25 0:00
51,Iowa,B10,15.42,119.1,20,103.7,124,72.6,20,1/10/25 0:00
52,Penn St.,B10,15.37,114.5,46,99.1,59,72.4,24,1/10/25 0:00
53,Northwestern,B10,15.31,111.3,78,96,27,65.6,300,1/10/25 0:00
54,SMU,ACC,14.79,117,28,102.2,106,70.4,80,1/10/25 0:00
55,Dayton,A10,14.58,116.1,36,101.5,96,66.4,259,1/10/25 0:00
56,Xavier,BE,14.07,113.9,51,99.8,67,69.7,109,1/10/25 0:00
57,Boise St.,MWC,13.92,113.8,52,99.9,68,67.7,211,1/10/25 0:00
58,Arizona St.,B12,13.74,110.5,98,96.8,34,68.5,171,1/10/25 0:00
59,Nevada,MWC,13.18,113.9,50,100.7,80,63.6,353,1/10/25 0:00
60,UC San Diego,BW,13.1,113.3,57,100.2,72,67,238,1/10/25 0:00
61,Florida St.,ACC,12.78,111.3,80,98.5,51,70.8,67,1/10/25 0:00
62,Georgetown,BE,12.64,109.1,121,96.5,30,69.3,132,1/10/25 0:00
63,UC Irvine,BW,12.64,106,174,93.4,13,70.3,88,1/10/25 0:00
64,North Texas,Amer,12.44,110.2,104,97.7,44,62.9,358,1/10/25 0:00
65,New Mexico,MWC,12.43,112.1,67,99.7,63,74.2,6,1/10/25 0:00
66,Liberty,CUSA,12.18,109.2,117,97,36,64.5,341,1/10/25 0:00
67,McNeese,Slnd,11.97,111.5,73,99.5,62,65.6,299,1/10/25 0:00
68,San Francisco,WCC,11.7,112.4,63,100.7,82,67.8,210,1/10/25 0:00
69,LSU,SEC,11.63,110.6,97,98.9,56,69.2,138,1/10/25 0:00
70,St. Bonaventure,A10,11.48,110.1,106,98.6,52,65.3,315,1/10/25 0:00
71,Oregon St.,WCC,10.45,111.9,69,101.5,95,65.3,312,1/10/25 0:00
72,TCU,B12,10.43,106.2,170,95.8,23,67.4,223,1/10/25 0:00
73,Providence,BE,10.24,110.8,89,100.6,78,65,330,1/10/25 0:00
74,Drake,MVC,10.12,109.3,113,99.2,60,60.9,364,1/10/25 0:00
75,Santa Clara,WCC,9.96,114.3,48,104.4,135,69.2,137,1/10/25 0:00
76,UCF,B12,9.89,110.7,93,100.8,86,70.9,62,1/10/25 0:00
77,South Carolina,SEC,9.69,109.4,112,99.7,64,66.5,257,1/10/25 0:00
78,USC,B10,9.54,110.3,101,100.8,84,68.5,170,1/10/25 0:00
79,Colorado,B12,9.53,108.5,129,98.9,57,68.6,167,1/10/25 0:00
80,Yale,Ivy,9.52,113.8,53,104.2,131,68.2,189,1/10/25 0:00
,,,,,Strength of Schedule,NCSOS,,,,1/10/25 0:00
Rk,Team,Conf,NetRtg,ORtg,DRtg,AdjT,Luck,NetRtg,ORtg,1/10/25 0:00
81,George Mason,A10,9.47,105.7,179,96.2,28,65.6,301,1/10/25 0:00
82,Wake Forest,ACC,9.41,106,177,96.5,31,66.7,254,1/10/25 0:00
83,Butler,BE,9.36,110.8,88,101.4,93,68.3,183,1/10/25 0:00
84,Washington St.,WCC,9.33,110.8,90,101.5,94,72.3,25,1/10/25 0:00
85,Utah,B12,8.88,110.6,95,101.7,99,71.3,49,1/10/25 0:00
86,Notre Dame,ACC,8.76,113.5,56,104.7,144,65.3,319,1/10/25 0:00
87,Colorado St.,MWC,8.58,107.3,157,98.7,55,67.9,205,1/10/25 0:00
88,Rutgers,B10,8.46,109.7,107,101.2,91,70.9,63,1/10/25 0:00
89,Lipscomb,ASun,8.44,109.2,120,100.7,81,66.8,247,1/10/25 0:00
90,N.C. State,ACC,7.9,111.3,79,103.4,120,65.9,278,1/10/25 0:00
91,Kansas St.,B12,7.81,109.6,108,101.8,100,68.2,188,1/10/25 0:00
92,Washington,B10,7.52,107.4,149,99.9,69,69.4,129,1/10/25 0:00
93,Bradley,MVC,7.51,111.1,85,103.6,121,66,273,1/10/25 0:00
94,Stanford,ACC,7.29,111.8,70,104.5,141,67.7,214,1/10/25 0:00
95,Florida Atlantic,Amer,7.07,112.7,60,105.6,166,72.2,30,1/10/25 0:00
96,Saint Joseph's,A10,6.77,107.6,143,100.8,87,69.6,120,1/10/25 0:00
97,Rhode Island,A10,6.5,107.3,156,100.8,83,72,33,1/10/25 0:00
98,South Alabama,SB,6.4,108.1,136,101.7,98,63.6,351,1/10/25 0:00
99,Arkansas St.,SB,6.35,107.8,138,101.5,97,70.4,84,1/10/25 0:00
100,UNLV,MWC,6.26,110.5,100,104.2,130,65.9,279,1/10/25 0:00
101,Grand Canyon,WAC,6.21,106.5,167,100.3,73,73,16,1/10/25 0:00
102,Northern Iowa,MVC,6.1,111.1,86,105,151,65.2,322,1/10/25 0:00
103,Georgia Tech,ACC,6.1,107,158,100.9,88,70.7,71,1/10/25 0:00
104,Oklahoma St.,B12,5.91,106.4,168,100.5,77,71.7,38,1/10/25 0:00
105,Samford,SC,5.24,114.7,44,109.5,245,71.3,47,1/10/25 0:00
106,Davidson,A10,5.02,112.1,68,107,196,66.5,258,1/10/25 0:00
107,Murray St.,MVC,4.9,109.3,115,104.4,134,65.7,293,1/10/25 0:00
108,George Washington,A10,4.87,107.7,142,102.8,112,69.3,135,1/10/25 0:00
109,Minnesota,B10,4.71,107,159,102.3,107,62.5,360,1/10/25 0:00
110,Princeton,Ivy,4.35,110.6,96,106.2,176,68.5,172,1/10/25 0:00
111,High Point,BSth,4.33,115.6,39,111.3,285,66.9,242,1/10/25 0:00
112,South Dakota St.,Sum,4.33,109.2,119,104.8,147,70,98,1/10/25 0:00
113,Furman,SC,4.29,107.3,154,103,117,65.6,302,1/10/25 0:00
114,DePaul,BE,4.27,109.5,110,105.2,157,69.1,146,1/10/25 0:00
115,Saint Louis,A10,4.24,111.5,74,107.3,201,67.8,208,1/10/25 0:00
116,Troy,SB,4.23,105.7,178,101.4,92,66.6,255,1/10/25 0:00
117,St. Thomas,Sum,4.15,112.6,62,108.4,228,69,148,1/10/25 0:00
118,Charleston,CAA,3.94,106.5,165,102.6,109,73.2,14,1/10/25 0:00
119,Virginia,ACC,3.92,103.7,214,99.8,65,61,363,1/10/25 0:00
120,Wichita St.,Amer,3.87,108.4,131,104.5,139,71.7,37,1/10/25 0:00
,,,,,Strength of Schedule,NCSOS,,,,1/10/25 0:00
Rk,Team,Conf,NetRtg,ORtg,DRtg,AdjT,Luck,NetRtg,ORtg,1/10/25 0:00
121,UAB,Amer,3.78,112.8,59,109.1,235,70.6,74,1/10/25 0:00
122,Temple,Amer,3.71,108.2,132,104.5,137,70.3,86,1/10/25 0:00
123,California,ACC,3.65,112.9,58,109.2,238,69.1,145,1/10/25 0:00
124,Syracuse,ACC,3.65,108.7,126,105.1,154,70.9,64,1/10/25 0:00
125,Loyola Chicago,A10,3.64,106.7,164,103,116,68.4,177,1/10/25 0:00
126,North Dakota St.,Sum,3.59,116.9,29,113.3,324,65.9,280,1/10/25 0:00
127,UNC Greensboro,SC,3.34,107.3,153,104,127,64.8,333,1/10/25 0:00
128,UTEP,CUSA,3.15,104.9,192,101.8,101,69.1,144,1/10/25 0:00
129,Kent St.,MAC,3.04,101.1,261,98,48,66.1,265,1/10/25 0:00
130,Louisiana Tech,CUSA,3.04,108.4,130,105.4,161,65,331,1/10/25 0:00
131,Miami FL,ACC,3,114.4,47,111.4,289,67.7,212,1/10/25 0:00
132,Akron,MAC,2.86,107.7,141,104.8,148,71.5,41,1/10/25 0:00
133,Middle Tennessee,CUSA,2.77,107.3,155,104.5,138,69.7,108,1/10/25 0:00
134,Western Kentucky,CUSA,2.62,102.8,228,100.2,70,74.6,4,1/10/25 0:00
135,UC Santa Barbara,BW,2.51,107.6,144,105.1,155,65.8,286,1/10/25 0:00
136,East Tennessee St.,SC,2.05,108.9,123,106.9,190,67.1,235,1/10/25 0:00
137,Purdue Fort Wayne,Horz,2.03,111.4,75,109.4,243,69.6,118,1/10/25 0:00
138,James Madison,SB,2.02,108.9,124,106.9,191,66.7,249,1/10/25 0:00
139,UMass Lowell,AE,1.52,110.8,91,109.2,237,71.4,43,1/10/25 0:00
140,UNC Wilmington,CAA,1.49,107.7,139,106.3,177,67,237,1/10/25 0:00
141,CSUN,BW,1.44,104.5,201,103,118,73.2,13,1/10/25 0:00
142,Belmont,MVC,1.39,111.4,76,110,252,72.2,29,1/10/25 0:00
143,Wofford,SC,1.38,111.2,83,109.9,248,65.2,324,1/10/25 0:00
144,South Florida,Amer,1.33,107.9,137,106.6,185,69.3,134,1/10/25 0:00
145,Loyola Marymount,WCC,1.27,104.1,207,102.8,113,68.4,181,1/10/25 0:00
146,Seattle,WAC,1.16,106.7,162,105.6,165,67.4,219,1/10/25 0:00
147,Utah Valley,WAC,1.15,101.6,252,100.4,76,69.2,139,1/10/25 0:00
148,Illinois St.,MVC,1.11,109.3,114,108.2,221,65.6,296,1/10/25 0:00
149,Texas St.,SB,1.11,109.2,116,108.1,219,65.6,298,1/10/25 0:00
150,Cornell,Ivy,1.04,111.2,82,110.2,256,71.8,36,1/10/25 0:00
151,Sam Houston St.,CUSA,1.04,112.3,64,111.3,286,69.8,107,1/10/25 0:00
152,Norfolk St.,MEAC,0.93,107.4,150,106.5,184,66.7,252,1/10/25 0:00
153,Seton Hall,BE,0.76,101.1,260,100.3,74,63.6,352,1/10/25 0:00
154,Jacksonville St.,CUSA,0.76,110.9,87,110.1,254,65.7,292,1/10/25 0:00
155,Appalachian St.,SB,0.71,102.7,231,102,104,64.8,334,1/10/25 0:00
156,Illinois Chicago,MVC,0.7,109.1,122,108.4,227,69.5,122,1/10/25 0:00
157,Duquesne,A10,0.57,104.5,202,103.9,126,64.6,339,1/10/25 0:00
158,Milwaukee,Horz,0.33,105.5,180,105.1,156,70.3,85,1/10/25 0:00
159,Northern Colorado,BSky,0.3,110.7,94,110.4,260,70.8,66,1/10/25 0:00
160,North Alabama,ASun,0.29,107.3,151,107.1,197,68.2,187,1/10/25 0:00
,,,,,Strength of Schedule,NCSOS,,,,1/10/25 0:00
Rk,Team,Conf,NetRtg,ORtg,DRtg,AdjT,Luck,NetRtg,ORtg,1/10/25 0:00
161,Texas A&M Corpus Chris,Slnd,0.2,109.2,118,109,233,70,99,1/10/25 0:00
162,Florida Gulf Coast,ASun,0.19,107.6,145,107.4,206,65.6,297,1/10/25 0:00
163,New Mexico St.,CUSA,0.18,104.5,199,104.4,133,67,240,1/10/25 0:00
164,Jacksonville,ASun,0.03,101.9,245,101.8,102,68.6,165,1/10/25 0:00
165,Hawaii,BW,0.02,104.2,205,104.2,129,65.5,305,1/10/25 0:00
166,Cal Baptist,WAC,-0.03,108.6,128,108.6,230,66.2,262,1/10/25 0:00
167,Elon,CAA,-0.08,106.2,172,106.3,178,65,332,1/10/25 0:00
168,Miami OH,MAC,-0.17,106.8,161,107,194,69.2,141,1/10/25 0:00
169,Wyoming,MWC,-0.18,103.9,211,104.1,128,65.3,316,1/10/25 0:00
170,Ohio,MAC,-0.23,106.9,160,107.1,198,70.6,73,1/10/25 0:00
171,Virginia Tech,ACC,-0.5,106,176,106.5,181,65.2,321,1/10/25 0:00
172,Columbia,Ivy,-0.53,110.1,105,110.6,266,68.9,157,1/10/25 0:00
173,Drexel,CAA,-0.75,102.9,226,103.7,123,64,348,1/10/25 0:00
174,East Carolina,Amer,-0.92,105,191,105.9,171,67.1,232,1/10/25 0:00
175,Tulane,Amer,-1.01,104.3,204,105.3,159,69,152,1/10/25 0:00
176,Wright St.,Horz,-1.01,108.2,134,109.2,236,67.6,217,1/10/25 0:00
177,La Salle,A10,-1.08,104.7,195,105.8,167,71.4,44,1/10/25 0:00
178,Rice,Amer,-1.17,103.6,216,104.8,146,65.2,325,1/10/25 0:00
179,William & Mary,CAA,-1.27,111.7,72,113,319,71.3,46,1/10/25 0:00
180,Indiana St.,MVC,-1.31,109.5,109,110.8,273,73.8,9,1/10/25 0:00
181,Hofstra,CAA,-1.35,97.3,329,98.7,54,65,329,1/10/25 0:00
182,Longwood,BSth,-1.44,104.7,196,106.1,172,69.7,114,1/10/25 0:00
183,Lamar,Slnd,-1.45,101.5,255,102.9,114,67.1,231,1/10/25 0:00
184,Chattanooga,SC,-1.46,110.7,92,112.2,302,67.3,226,1/10/25 0:00
185,UC Riverside,BW,-1.58,104.6,197,106.2,175,68.4,175,1/10/25 0:00
186,Boston College,ACC,-1.74,105.4,181,107.2,199,67.4,224,1/10/25 0:00
187,Merrimack,MAAC,-1.76,101.6,248,103.4,119,65.1,326,1/10/25 0:00
188,Radford,BSth,-1.84,107.6,146,109.4,244,64.8,337,1/10/25 0:00
189,Montana St.,BSky,-1.96,105.2,183,107.2,200,67.4,221,1/10/25 0:00
190,UNC Asheville,BSth,-1.98,110.2,103,112.2,304,68.2,194,1/10/25 0:00
191,Montana,BSky,-1.99,107.3,152,109.3,240,70,100,1/10/25 0:00
192,Bryant,AE,-2.07,104.3,203,106.3,180,74.7,2,1/10/25 0:00
193,Cleveland St.,Horz,-2.07,103,225,105,152,66.9,243,1/10/25 0:00
194,Youngstown St.,Horz,-2.28,98.5,314,100.8,85,70.9,65,1/10/25 0:00
195,San Jose St.,MWC,-2.29,107.7,140,110,251,65.8,285,1/10/25 0:00
196,Central Connecticut,NEC,-2.39,100.3,279,102.7,110,65.5,308,1/10/25 0:00
197,Marshall,SB,-2.44,104,209,106.5,183,69.7,111,1/10/25 0:00
198,UT Arlington,WAC,-2.5,108.2,133,110.7,268,70.6,75,1/10/25 0:00
199,Kennesaw St.,CUSA,-2.53,105.1,189,107.6,211,72.6,23,1/10/25 0:00
200,Pepperdine,WCC,-2.6,103.9,212,106.5,182,70.2,91,1/10/25 0:00
,,,,,Strength of Schedule,NCSOS,,,,1/10/25 0:00
Rk,Team,Conf,NetRtg,ORtg,DRtg,AdjT,Luck,NetRtg,ORtg,1/10/25 0:00
201,Northeastern,CAA,-2.68,102.6,235,105.3,158,69,150,1/10/25 0:00
202,Valparaiso,MVC,-2.72,108.1,135,110.8,271,69.4,127,1/10/25 0:00
203,Winthrop,BSth,-2.83,106.2,171,109,234,73.3,12,1/10/25 0:00
204,Brown,Ivy,-2.84,104.9,193,107.7,214,65.4,309,1/10/25 0:00
205,Northern Kentucky,Horz,-2.84,100.1,288,102.9,115,65.2,320,1/10/25 0:00
206,Oakland,Horz,-2.86,105.2,185,108.1,218,62.9,357,1/10/25 0:00
207,Towson,CAA,-3.24,102.6,236,105.8,169,63.1,356,1/10/25 0:00
208,Nicholls,Slnd,-3.7,103.2,221,106.9,192,68.8,160,1/10/25 0:00
209,Delaware,CAA,-3.91,108.6,127,112.5,310,71.1,56,1/10/25 0:00
210,Toledo,MAC,-4.03,108.8,125,112.8,315,71.6,40,1/10/25 0:00
211,Massachusetts,A10,-4.09,103.2,222,107.3,202,71.8,35,1/10/25 0:00
212,Marist,MAAC,-4.18,101.2,259,105.4,163,65,328,1/10/25 0:00
213,UT Rio Grande Valley,Slnd,-4.26,106.4,169,110.7,267,70.2,90,1/10/25 0:00
214,Richmond,A10,-4.3,103.3,220,107.6,213,66.1,266,1/10/25 0:00
215,Vermont,AE,-4.39,97.6,328,102,105,63.8,349,1/10/25 0:00
216,Southern Utah,WAC,-4.62,104,210,108.6,229,70.1,96,1/10/25 0:00
217,South Carolina St.,MEAC,-4.82,101,262,105.9,170,69.5,123,1/10/25 0:00
218,Eastern Kentucky,ASun,-4.83,106,173,110.9,276,69.2,136,1/10/25 0:00
219,Mercer,SC,-4.89,102.6,233,107.5,208,72.3,28,1/10/25 0:00
220,Central Michigan,MAC,-4.97,100.5,276,105.4,164,68.7,164,1/10/25 0:00
221,Quinnipiac,MAAC,-4.98,99.6,296,104.6,142,71.3,48,1/10/25 0:00
222,Kansas City,Sum,-5.05,101.8,247,106.9,189,65.5,304,1/10/25 0:00
223,North Florida,ASun,-5.23,110.3,102,115.5,344,72.7,18,1/10/25 0:00
224,UMBC,AE,-5.3,107.4,148,112.7,313,72.3,26,1/10/25 0:00
225,Idaho St.,BSky,-5.35,102.2,239,107.5,209,65.8,281,1/10/25 0:00
226,FIU,CUSA,-5.44,98.4,315,103.8,125,70.8,68,1/10/25 0:00
227,Missouri St.,MVC,-5.44,101.8,246,107.3,204,64.2,345,1/10/25 0:00
228,Fordham,A10,-5.46,102.6,234,108.1,217,71.1,57,1/10/25 0:00
229,Queens,ASun,-5.56,105.3,182,110.9,275,70.4,81,1/10/25 0:00
230,Mount St. Mary's,MAAC,-5.61,99.1,307,104.7,145,69.7,112,1/10/25 0:00
231,Gardner Webb,BSth,-5.65,103.7,213,109.4,242,70.2,92,1/10/25 0:00
232,Southeastern Louisiana,Slnd,-5.69,99.2,302,104.9,149,68.3,186,1/10/25 0:00
233,Saint Peter's,MAAC,-5.7,99.2,301,104.9,150,62.6,359,1/10/25 0:00
234,Abilene Christian,WAC,-5.74,98.8,312,104.5,140,69.5,125,1/10/25 0:00
235,Cal St. Bakersfield,BW,-5.85,103.5,217,109.3,239,65.3,314,1/10/25 0:00
236,UC Davis,BW,-6.05,95,344,101.1,90,71.3,50,1/10/25 0:00
237,Robert Morris,Horz,-6.14,100.6,275,106.7,187,69.9,101,1/10/25 0:00
238,Charlotte,Amer,-6.24,105.1,187,111.4,288,65.8,283,1/10/25 0:00
239,Idaho,BSky,-6.29,107.5,147,113.8,332,66.6,256,1/10/25 0:00
240,Albany,AE,-6.31,103.7,215,110,250,69.3,133,1/10/25 0:00
,,,,,Strength of Schedule,NCSOS,,,,1/10/25 0:00
Rk,Team,Conf,NetRtg,ORtg,DRtg,AdjT,Luck,NetRtg,ORtg,1/10/25 0:00
241,Maine,AE,-6.4,99.8,293,106.2,173,68,199,1/10/25 0:00
242,Weber St.,BSky,-6.5,105.1,188,111.6,293,65.8,287,1/10/25 0:00
243,Southern,SWAC,-6.62,97.8,323,104.5,136,69.5,124,1/10/25 0:00
244,Bethune Cookman,SWAC,-6.64,98.1,318,104.7,143,69.1,147,1/10/25 0:00
245,Little Rock,OVC,-6.69,96,338,102.7,111,68.4,178,1/10/25 0:00
246,Nebraska Omaha,Sum,-6.83,104.1,208,110.9,277,68.2,191,1/10/25 0:00
247,Ball St.,MAC,-6.85,103.1,224,109.9,249,68,201,1/10/25 0:00
248,South Dakota,Sum,-6.91,109.5,111,116.4,352,73.9,8,1/10/25 0:00
249,Cal Poly,BW,-7.09,104.5,200,111.6,292,75.6,1,1/10/25 0:00
250,Southern Illinois,MVC,-7.11,101.2,257,108.3,224,69.7,110,1/10/25 0:00
251,Stephen F. Austin,Slnd,-7.34,92.4,357,99.8,66,67.2,229,1/10/25 0:00
252,Hampton,CAA,-7.34,100.9,265,108.3,222,66,275,1/10/25 0:00
253,Bucknell,PL,-7.49,95,345,102.5,108,68.4,182,1/10/25 0:00
254,Portland St.,BSky,-7.5,100.1,290,107.6,210,70.4,79,1/10/25 0:00
255,Presbyterian,BSth,-7.5,102.6,237,110.1,253,64.4,343,1/10/25 0:00
256,SIUE,OVC,-7.68,98.6,313,106.3,179,65.7,291,1/10/25 0:00
257,Campbell,CAA,-7.77,99.5,298,107.3,203,67.4,222,1/10/25 0:00
258,Boston University,PL,-7.81,99.8,292,107.6,212,63.2,355,1/10/25 0:00
259,Incarnate Word,Slnd,-7.85,104.6,198,112.5,308,65.8,288,1/10/25 0:00
260,Southeast Missouri,OVC,-8.13,98.8,311,107,193,70.1,93,1/10/25 0:00
261,Eastern Washington,BSky,-8.14,104.1,206,112.3,306,68.2,192,1/10/25 0:00
262,Northern Arizona,BSky,-8.18,104.7,194,112.9,317,67.9,207,1/10/25 0:00
263,Colgate,PL,-8.25,100.7,272,109,232,66.3,260,1/10/25 0:00
264,Fresno St.,MWC,-8.27,99.1,304,107.4,205,74.5,5,1/10/25 0:00
265,Lehigh,PL,-8.35,102.2,240,110.5,263,68.5,173,1/10/25 0:00
266,Harvard,Ivy,-8.36,100,291,108.4,226,67.1,233,1/10/25 0:00
267,Evansville,MVC,-8.37,96,339,104.3,132,66.7,250,1/10/25 0:00
268,American,PL,-8.44,102.7,232,111.1,280,64,346,1/10/25 0:00
269,UTSA,Amer,-8.5,103.1,223,111.6,295,72.3,27,1/10/25 0:00
270,Siena,MAAC,-8.57,99.7,295,108.3,223,66.1,272,1/10/25 0:00
271,Bowling Green,MAC,-8.76,102.7,230,111.5,290,70.8,70,1/10/25 0:00
272,Northwestern St.,Slnd,-8.81,102,243,110.8,270,64.8,336,1/10/25 0:00
273,Iona,MAAC,-8.86,97.9,322,106.7,188,70.9,61,1/10/25 0:00
274,Lafayette,PL,-8.93,97.7,326,106.7,186,66.7,253,1/10/25 0:00
275,Alabama St.,SWAC,-8.97,105.2,184,114.2,336,69.7,113,1/10/25 0:00
276,Tarleton St.,WAC,-8.98,96.1,337,105.1,153,66.3,261,1/10/25 0:00
277,San Diego,WCC,-9.01,96.3,335,105.3,160,71.5,42,1/10/25 0:00
278,North Dakota,Sum,-9.08,106.7,163,115.8,347,69.6,119,1/10/25 0:00
279,Sacred Heart,MAAC,-9.3,103.3,219,112.6,311,70.1,94,1/10/25 0:00
280,Georgia Southern,SB,-9.31,98.9,310,108.2,220,72.6,21,1/10/25 0:00
,,,,,Strength of Schedule,NCSOS,,,,1/10/25 0:00
Rk,Team,Conf,NetRtg,ORtg,DRtg,AdjT,Luck,NetRtg,ORtg,1/10/25 0:00
281,Manhattan,MAAC,-9.47,106,175,115.4,342,70.4,82,1/10/25 0:00
282,Southern Miss,SB,-9.54,100.1,287,109.7,246,69.8,106,1/10/25 0:00
283,Pacific,WCC,-9.62,102.1,241,111.8,297,68.2,190,1/10/25 0:00
284,Tulsa,Amer,-9.67,100.6,274,110.3,258,68.1,197,1/10/25 0:00
285,Dartmouth,Ivy,-9.73,99.1,306,108.8,231,71.1,58,1/10/25 0:00
286,Howard,MEAC,-9.75,106.5,166,116.3,350,68.7,162,1/10/25 0:00
287,Tennessee Martin,OVC,-9.79,98,320,107.8,215,67.2,230,1/10/25 0:00
288,Utah Tech,WAC,-9.84,101,263,110.8,274,67.9,206,1/10/25 0:00
289,Charleston Southern,BSth,-10.1,102,242,112.1,300,69.4,128,1/10/25 0:00
290,Georgia St.,SB,-10.23,99.5,297,109.8,247,69.7,115,1/10/25 0:00
291,Monmouth,CAA,-10.25,100.9,267,111.1,281,67.2,227,1/10/25 0:00
292,Jackson St.,SWAC,-10.29,95.1,341,105.4,162,70.3,87,1/10/25 0:00
293,Coastal Carolina,SB,-10.39,100.2,285,110.6,264,63.3,354,1/10/25 0:00
294,Western Michigan,MAC,-10.76,101.2,258,112,299,67.4,220,1/10/25 0:00
295,Tennessee Tech,OVC,-11.02,100.2,282,111.2,282,68.9,156,1/10/25 0:00
296,Morehead St.,OVC,-11.06,99.1,305,110.2,255,66.7,248,1/10/25 0:00
297,Air Force,MWC,-11.1,99.2,303,110.3,257,64.6,340,1/10/25 0:00
298,Loyola MD,PL,-11.12,100.2,283,111.3,287,68.3,185,1/10/25 0:00
299,Stonehill,NEC,-11.16,100.8,271,111.9,298,66.1,270,1/10/25 0:00
300,Austin Peay,ASun,-11.19,95,343,106.2,174,65.8,289,1/10/25 0:00
301,Long Beach St.,BW,-11.48,101.5,253,113,320,64.8,335,1/10/25 0:00
302,Holy Cross,PL,-11.77,102.9,227,114.7,340,65.5,306,1/10/25 0:00
303,Army,PL,-11.86,101.3,256,113.1,322,68.4,180,1/10/25 0:00
304,Navy,PL,-12.13,100.9,268,113,318,69,149,1/10/25 0:00
305,Penn,Ivy,-12.22,101.6,251,113.8,331,66.1,268,1/10/25 0:00
306,Old Dominion,SB,-12.36,98.9,309,111.3,284,68,204,1/10/25 0:00
307,Niagara,MAAC,-12.37,100.9,266,113.3,323,65.2,323,1/10/25 0:00
308,Eastern Michigan,MAC,-12.41,100.9,264,113.3,325,68.5,169,1/10/25 0:00
309,Binghamton,AE,-12.63,100.1,289,112.7,314,65.7,294,1/10/25 0:00
310,Portland,WCC,-12.65,100.2,281,112.9,316,69.5,126,1/10/25 0:00
311,North Carolina Central,MEAC,-12.83,101.6,249,114.4,338,67,241,1/10/25 0:00
312,Fairfield,MAAC,-12.91,103.4,218,116.4,351,66.8,246,1/10/25 0:00
313,Texas Southern,SWAC,-13.21,94.7,348,108,216,71.3,51,1/10/25 0:00
314,Louisiana,SB,-13.28,100.8,269,114.1,335,68.1,196,1/10/25 0:00
315,Delaware St.,MEAC,-13.28,98,321,111.2,283,71.1,59,1/10/25 0:00
316,Fairleigh Dickinson,NEC,-13.31,102.3,238,115.6,346,70.7,72,1/10/25 0:00
317,IU Indy,Horz,-13.34,105.2,186,118.5,359,65.3,313,1/10/25 0:00
318,Rider,MAAC,-13.37,100.1,286,113.5,328,64.5,342,1/10/25 0:00
319,North Carolina A&T,CAA,-13.39,100.2,284,113.5,329,73.6,10,1/10/25 0:00
320,LIU,NEC,-13.47,94.9,346,108.4,225,66.8,245,1/10/25 0:00
,,,,,Strength of Schedule,NCSOS,,,,1/10/25 0:00
Rk,Team,Conf,NetRtg,ORtg,DRtg,AdjT,Luck,NetRtg,ORtg,1/10/25 0:00
321,Tennessee St.,OVC,-13.72,97.8,325,111.5,291,72.7,19,1/10/25 0:00
322,Houston Christian,Slnd,-13.81,99.3,300,113.1,321,66.2,263,1/10/25 0:00
323,Prairie View A&M,SWAC,-13.82,102.7,229,116.5,356,72,32,1/10/25 0:00
324,Grambling St.,SWAC,-13.85,96.6,334,110.5,262,66.1,271,1/10/25 0:00
325,Oral Roberts,Sum,-14.09,105,190,119.1,360,69.4,131,1/10/25 0:00
326,Cal St. Fullerton,BW,-14.21,96.7,333,110.9,278,65.4,311,1/10/25 0:00
327,VMI,SC,-14.24,98.3,316,112.5,309,68.3,184,1/10/25 0:00
328,Western Illinois,OVC,-14.5,101.5,254,116,349,64.3,344,1/10/25 0:00
329,Southern Indiana,OVC,-14.59,97,330,111.6,294,67.6,215,1/10/25 0:00
330,Buffalo,MAC,-14.69,99.8,294,114.4,339,71.3,52,1/10/25 0:00
331,Detroit Mercy,Horz,-14.84,96.1,336,111,279,68,203,1/10/25 0:00
332,Green Bay,Horz,-14.86,101.6,250,116.4,354,70.4,83,1/10/25 0:00
333,Lindenwood,OVC,-14.86,92.5,356,107.4,207,69.9,104,1/10/25 0:00
334,Stetson,ASun,-14.88,100.7,273,115.6,345,68.9,155,1/10/25 0:00
335,Western Carolina,SC,-15.04,94.3,351,109.3,241,72.1,31,1/10/25 0:00
336,Saint Francis,NEC,-15.71,98.1,317,113.9,333,68.6,166,1/10/25 0:00
337,Eastern Illinois,OVC,-15.87,94.7,349,110.6,265,67.2,228,1/10/25 0:00
338,USC Upstate,BSth,-15.91,98,319,113.9,334,73.3,11,1/10/25 0:00
339,Stony Brook,CAA,-16.12,100.3,277,116.4,353,65.6,295,1/10/25 0:00
340,Denver,Sum,-16.23,100.2,280,116.4,355,67.6,216,1/10/25 0:00
341,West Georgia,ASun,-16.45,97,331,113.4,327,68.2,193,1/10/25 0:00
342,Sacramento St.,BSky,-16.46,94.3,352,110.7,269,64.8,338,1/10/25 0:00
343,Central Arkansas,ASun,-16.69,95,342,111.7,296,67.6,218,1/10/25 0:00
344,Wagner,NEC,-16.98,90,360,107,195,61.7,362,1/10/25 0:00
345,Alcorn St.,SWAC,-17,98.9,308,115.9,348,66.1,269,1/10/25 0:00
346,Le Moyne,NEC,-17.44,96.8,332,114.3,337,69.9,103,1/10/25 0:00
347,Morgan St.,MEAC,-17.62,100.8,270,118.4,358,71.4,45,1/10/25 0:00
348,New Orleans,Slnd,-17.63,97.8,324,115.5,343,69.9,102,1/10/25 0:00
349,Louisiana Monroe,SB,-17.93,94.8,347,112.7,312,68.8,161,1/10/25 0:00
350,Mercyhurst,NEC,-18.37,95.3,340,113.7,330,65.1,327,1/10/25 0:00
351,East Texas A&M,Slnd,-18.57,93.8,354,112.4,307,69.1,142,1/10/25 0:00
352,Florida A&M,SWAC,-18.59,91.7,358,110.3,259,69.8,105,1/10/25 0:00
353,Bellarmine,ASun,-18.74,101.9,244,120.7,361,66.7,251,1/10/25 0:00
354,Northern Illinois,MAC,-19.05,93.1,355,112.1,301,70.5,77,1/10/25 0:00
355,The Citadel,SC,-19.13,94.3,353,113.4,326,65.6,303,1/10/25 0:00
356,Maryland Eastern Shore,MEAC,-19.94,97.7,327,117.6,357,67.8,209,1/10/25 0:00
357,NJIT,AE,-20.73,91.5,359,112.2,303,65.8,284,1/10/25 0:00
358,Alabama A&M,SWAC,-20.83,94.3,350,115.1,341,72.6,22,1/10/25 0:00
359,Chicago St.,NEC,-20.86,89.6,362,110.5,261,69.7,116,1/10/25 0:00
360,Canisius,MAAC,-20.92,100.3,278,121.2,363,65.9,277,1/10/25 0:00
,,,,,Strength of Schedule,NCSOS,,,,1/10/25 0:00
Rk,Team,Conf,NetRtg,ORtg,DRtg,AdjT,Luck,NetRtg,ORtg,1/10/25 0:00
361,New Hampshire,AE,-22.35,89.9,361,112.2,305,68.1,195,1/10/25 0:00
362,Coppin St.,MEAC,-23.7,87.1,363,110.8,272,68.4,176,1/10/25 0:00
363,Arkansas Pine Bluff,SWAC,-24.03,99.5,299,123.5,364,73.1,15,1/10/25 0:00
364,Mississippi Valley St.,SWAC,-35.57,85.4,364,120.9,362,65.8,282,1/10/25 0:00
1,Auburn,SEC,36.8,131.3,1,94.5,19,68.9,151,1/11/25 0:00
2,Duke,ACC,36.68,122.7,7,86,1,65.9,276,1/11/25 0:00
3,Houston,B12,33.14,119.8,16,86.6,2,62.1,361,1/11/25 0:00
4,Iowa St.,B12,30.94,123.2,6,92.3,9,69.6,116,1/11/25 0:00
5,Florida,SEC,29.85,124.1,4,94.3,16,70.4,78,1/11/25 0:00
6,Tennessee,SEC,29.34,116.2,35,86.8,3,65.4,308,1/11/25 0:00
7,Alabama,SEC,27.25,124.4,3,97.2,39,74.6,3,1/11/25 0:00
8,Illinois,B10,27.21,119.3,19,92.1,7,73,17,1/11/25 0:00
9,Kansas,B12,27.1,117.9,25,90.8,4,69.5,119,1/11/25 0:00
10,Gonzaga,WCC,26.99,123.4,5,96.4,30,71.1,53,1/11/25 0:00
11,Michigan,B10,25.71,120,14,94.3,17,71.2,51,1/11/25 0:00
12,Marquette,BE,25.68,119.4,18,93.7,15,68.7,164,1/11/25 0:00
13,Arizona,B12,24.6,119.9,15,95.3,21,71,60,1/11/25 0:00
14,Michigan St.,B10,24.29,116.8,32,92.5,10,69,146,1/11/25 0:00
15,Texas A&M,SEC,24.27,117.1,28,92.8,12,67.1,234,1/11/25 0:00
16,Purdue,B10,24.03,121.6,11,97.6,44,65.4,311,1/11/25 0:00
17,Mississippi St.,SEC,23.68,119.6,17,95.9,26,68.4,172,1/11/25 0:00
18,Texas Tech,B12,23.64,122.6,8,99,59,66.1,265,1/11/25 0:00
19,Baylor,B12,22.81,120.6,13,97.8,48,66.1,267,1/11/25 0:00
20,Maryland,B10,22.58,118,24,95.4,22,70,95,1/11/25 0:00
21,Wisconsin,B10,22.53,121.4,12,98.9,56,68.7,163,1/11/25 0:00
22,St. John's,BE,22.35,114.3,49,92,6,71.1,54,1/11/25 0:00
23,Kentucky,SEC,21.54,122.6,9,101,89,71.9,34,1/11/25 0:00
24,Mississippi,SEC,21.21,116.9,31,95.7,23,68,199,1/11/25 0:00
25,Oregon,B10,20.96,118.1,23,97.1,38,69.1,140,1/11/25 0:00
26,Connecticut,BE,20.78,124.4,2,103.7,122,65.3,318,1/11/25 0:00
27,Pittsburgh,ACC,20.66,118.5,22,97.8,46,68.4,173,1/11/25 0:00
28,Memphis,Amer,19.27,115.9,38,96.6,33,70.7,69,1/11/25 0:00
29,North Carolina,ACC,19.07,117.2,26,98.1,50,74,7,1/11/25 0:00
30,UCLA,B10,19.02,110.9,87,91.8,5,66.8,244,1/11/25 0:00
31,San Diego St.,MWC,18.99,111.2,83,92.2,8,66.8,242,1/11/25 0:00
32,Ohio St.,B10,18.93,115.9,37,97,36,68.8,158,1/11/25 0:00
33,Cincinnati,B12,18.63,111.3,80,92.6,11,66,273,1/11/25 0:00
34,Nebraska,B10,18.24,111.8,71,93.5,14,68.9,152,1/11/25 0:00
35,Clemson,ACC,18.14,115.4,40,97.3,41,65.7,290,1/11/25 0:00
36,Saint Mary's,WCC,17.55,114.7,43,97.2,40,63.7,350,1/11/25 0:00
37,Louisville,ACC,17.49,115.3,42,97.8,47,68.8,159,1/11/25 0:00
38,Texas,SEC,17.12,114.6,45,97.5,43,67.7,213,1/11/25 0:00
39,Georgia,SEC,17.09,112.2,66,95.1,20,67.3,225,1/11/25 0:00
40,Oklahoma,SEC,16.98,118.8,21,101.9,102,68,201,1/11/25 0:00
,,,,,Strength of Schedule,NCSOS,,,,1/11/25 0:00
Rk,Team,Conf,NetRtg,ORtg,DRtg,AdjT,Luck,NetRtg,ORtg,1/11/25 0:00
41,Missouri,SEC,16.94,117.1,27,100.2,70,68.9,155,1/11/25 0:00
42,Villanova,BE,16.78,122.5,10,105.7,167,64,347,1/11/25 0:00
43,Utah St.,MWC,16.65,115.3,41,98.7,52,70.2,89,1/11/25 0:00
44,BYU,B12,16.45,116.8,33,100.3,75,68.1,197,1/11/25 0:00
45,VCU,A10,16.37,112.2,65,95.9,25,67.1,236,1/11/25 0:00
46,Creighton,BE,16.12,113.5,55,97.4,42,69.3,129,1/11/25 0:00
47,West Virginia,B12,16.11,110.5,98,94.4,18,65.3,315,1/11/25 0:00
48,Arkansas,SEC,16.03,112.6,61,96.6,32,70,96,1/11/25 0:00
49,Vanderbilt,SEC,15.56,116.2,34,100.7,79,71.6,39,1/11/25 0:00
50,Indiana,B10,15.56,113.7,54,98.1,49,70.5,75,1/11/25 0:00
51,Penn St.,B10,15.38,114.6,46,99.2,60,72.4,24,1/11/25 0:00
52,Iowa,B10,15.38,119.1,20,103.7,123,72.6,20,1/11/25 0:00
53,Northwestern,B10,15.32,111.3,77,96,27,65.5,302,1/11/25 0:00
54,SMU,ACC,14.79,117,29,102.2,106,70.4,80,1/11/25 0:00
55,Dayton,A10,14.62,116.1,36,101.5,94,66.4,259,1/11/25 0:00
56,Xavier,BE,14.04,113.9,50,99.8,67,69.7,111,1/11/25 0:00
57,Boise St.,MWC,13.92,113.8,53,99.9,69,67.7,212,1/11/25 0:00
58,Arizona St.,B12,13.71,110.5,99,96.8,35,68.5,169,1/11/25 0:00
59,Nevada,MWC,13.18,113.9,51,100.7,80,63.6,352,1/11/25 0:00
60,UC San Diego,BW,13.08,113.3,57,100.2,72,67,237,1/11/25 0:00
61,Georgetown,BE,12.81,109.2,119,96.4,29,69.3,130,1/11/25 0:00
62,Florida St.,ACC,12.77,111.3,78,98.5,51,70.8,67,1/11/25 0:00
63,UC Irvine,BW,12.68,106.1,173,93.4,13,70.3,87,1/11/25 0:00
64,North Texas,Amer,12.41,110.2,106,97.8,45,62.8,359,1/11/25 0:00
65,New Mexico,MWC,12.35,112.1,67,99.7,63,74.2,6,1/11/25 0:00
66,Liberty,CUSA,12.17,109.2,118,97,37,64.5,342,1/11/25 0:00
67,McNeese,Slnd,11.96,111.5,74,99.5,62,65.6,301,1/11/25 0:00
68,San Francisco,WCC,11.68,112.4,63,100.7,82,67.8,209,1/11/25 0:00
69,LSU,SEC,11.63,110.6,97,98.9,57,69.2,138,1/11/25 0:00
70,St. Bonaventure,A10,11.51,110.2,104,98.7,53,65.2,319,1/11/25 0:00
71,Oregon St.,WCC,10.43,111.9,69,101.5,95,65.3,313,1/11/25 0:00
72,TCU,B12,10.43,106.2,171,95.8,24,67.3,224,1/11/25 0:00
73,Providence,BE,10.15,110.7,92,100.6,78,65,329,1/11/25 0:00
74,Drake,MVC,10.13,109.3,113,99.2,61,60.9,364,1/11/25 0:00
75,Santa Clara,WCC,9.96,114.3,48,104.4,137,69.2,137,1/11/25 0:00
76,UCF,B12,9.92,110.7,91,100.8,85,70.9,61,1/11/25 0:00
77,South Carolina,SEC,9.69,109.4,112,99.8,64,66.5,257,1/11/25 0:00
78,Colorado,B12,9.52,108.5,129,98.9,58,68.6,166,1/11/25 0:00
79,George Mason,A10,9.52,105.7,179,96.2,28,65.6,295,1/11/25 0:00
80,USC,B10,9.52,110.3,101,100.8,86,68.5,168,1/11/25 0:00
,,,,,Strength of Schedule,NCSOS,,,,1/11/25 0:00
Rk,Team,Conf,NetRtg,ORtg,DRtg,AdjT,Luck,NetRtg,ORtg,1/11/25 0:00
81,Yale,Ivy,9.51,113.9,52,104.3,133,68.2,190,1/11/25 0:00
82,Butler,BE,9.4,110.9,86,101.5,92,68.3,184,1/11/25 0:00
83,Wake Forest,ACC,9.35,106,175,96.6,31,66.6,254,1/11/25 0:00
84,Washington St.,WCC,9.33,110.8,89,101.5,93,72.3,25,1/11/25 0:00
85,Utah,B12,8.88,110.6,96,101.7,99,71.3,48,1/11/25 0:00
86,Notre Dame,ACC,8.67,113.5,56,104.8,145,65.2,320,1/11/25 0:00
87,Colorado St.,MWC,8.58,107.3,156,98.7,54,67.9,205,1/11/25 0:00
88,Rutgers,B10,8.52,109.7,107,101.2,91,70.8,65,1/11/25 0:00
89,Lipscomb,ASun,8.44,109.2,121,100.7,81,66.7,246,1/11/25 0:00
90,Kansas St.,B12,7.81,109.6,108,101.8,100,68.2,186,1/11/25 0:00
91,N.C. State,ACC,7.78,111.2,82,103.5,119,65.9,278,1/11/25 0:00
92,Bradley,MVC,7.6,111.1,84,103.5,121,66,272,1/11/25 0:00
93,Washington,B10,7.56,107.4,149,99.9,68,69.4,127,1/11/25 0:00
94,Stanford,ACC,7.29,111.9,70,104.6,143,67.6,214,1/11/25 0:00
95,Florida Atlantic,Amer,7.08,112.7,60,105.6,166,72.2,30,1/11/25 0:00
96,Saint Joseph's,A10,6.67,107.6,146,100.9,87,69.5,120,1/11/25 0:00
97,Rhode Island,A10,6.42,107.2,157,100.8,84,72,33,1/11/25 0:00
98,South Alabama,SB,6.41,108.1,136,101.7,98,63.7,351,1/11/25 0:00
99,Arkansas St.,SB,6.35,107.8,138,101.5,96,70.3,83,1/11/25 0:00
100,UNLV,MWC,6.26,110.5,100,104.2,132,65.9,279,1/11/25 0:00
101,Grand Canyon,WAC,6.18,106.5,167,100.3,74,73,16,1/11/25 0:00
102,Northern Iowa,MVC,6.11,111.1,85,105,150,65.2,323,1/11/25 0:00
103,Georgia Tech,ACC,6.09,107,158,100.9,88,70.7,71,1/11/25 0:00
104,Oklahoma St.,B12,5.92,106.4,169,100.5,77,71.7,37,1/11/25 0:00
105,Samford,SC,5.23,114.7,44,109.5,245,71.3,47,1/11/25 0:00
106,Davidson,A10,5.02,112.1,68,107.1,195,66.5,258,1/11/25 0:00
107,Murray St.,MVC,4.92,109.3,114,104.4,136,65.6,293,1/11/25 0:00
108,George Washington,A10,4.82,107.6,142,102.8,112,69.2,134,1/11/25 0:00
109,High Point,BSth,4.33,115.6,39,111.3,285,66.9,241,1/11/25 0:00
110,South Dakota St.,Sum,4.33,109.2,120,104.8,147,70,98,1/11/25 0:00
111,Princeton,Ivy,4.32,110.7,95,106.3,179,68.5,171,1/11/25 0:00
112,Furman,SC,4.27,107.3,155,103,117,65.5,303,1/11/25 0:00
113,Saint Louis,A10,4.27,111.5,73,107.3,203,67.8,208,1/11/25 0:00
114,DePaul,BE,4.27,109.5,110,105.3,156,69,145,1/11/25 0:00
115,Troy,SB,4.23,105.7,178,101.5,97,66.6,255,1/11/25 0:00
116,St. Thomas,Sum,4.17,112.6,62,108.5,227,69,147,1/11/25 0:00
117,Minnesota,B10,4.14,106.6,164,102.4,107,62.7,360,1/11/25 0:00
118,Charleston,CAA,3.94,106.5,166,102.6,109,73.2,14,1/11/25 0:00
119,Kent St.,MAC,3.9,100.5,275,96.6,34,66,274,1/11/25 0:00
120,Virginia,ACC,3.86,103.7,215,99.8,66,61,363,1/11/25 0:00
,,,,,Strength of Schedule,NCSOS,,,,1/11/25 0:00
Rk,Team,Conf,NetRtg,ORtg,DRtg,AdjT,Luck,NetRtg,ORtg,1/11/25 0:00
121,Wichita St.,Amer,3.83,108.4,131,104.6,141,71.7,38,1/11/25 0:00
122,UAB,Amer,3.77,112.8,59,109.1,235,70.5,73,1/11/25 0:00
123,Loyola Chicago,A10,3.74,106.6,163,102.9,114,68.4,178,1/11/25 0:00
124,Syracuse,ACC,3.71,108.8,125,105.1,151,70.8,63,1/11/25 0:00
125,Temple,Amer,3.67,108.3,132,104.6,142,70.3,85,1/11/25 0:00
126,California,ACC,3.6,112.9,58,109.3,237,69.1,143,1/11/25 0:00
127,North Dakota St.,Sum,3.6,116.9,30,113.3,324,65.8,280,1/11/25 0:00
128,UNC Greensboro,SC,3.33,107.3,153,104,128,64.8,332,1/11/25 0:00
129,UTEP,CUSA,3.14,104.9,193,101.8,101,69.1,144,1/11/25 0:00
130,Miami FL,ACC,3.08,114.5,47,111.4,289,67.7,211,1/11/25 0:00
131,Louisiana Tech,CUSA,3.03,108.4,130,105.4,162,64.9,330,1/11/25 0:00
132,Akron,MAC,2.86,107.7,141,104.8,146,71.6,40,1/11/25 0:00
133,Middle Tennessee,CUSA,2.78,107.3,154,104.5,139,69.7,109,1/11/25 0:00
134,Western Kentucky,CUSA,2.61,102.8,228,100.2,71,74.5,4,1/11/25 0:00
135,UC Santa Barbara,BW,2.5,107.6,143,105.1,153,65.8,287,1/11/25 0:00
136,East Tennessee St.,SC,2.05,108.9,123,106.9,191,67.1,235,1/11/25 0:00
137,Purdue Fort Wayne,Horz,2.04,111.4,75,109.4,244,69.5,118,1/11/25 0:00
138,James Madison,SB,2.01,108.9,124,106.9,192,66.7,249,1/11/25 0:00
139,UNC Wilmington,CAA,1.5,107.7,139,106.3,177,67,238,1/11/25 0:00
140,UMass Lowell,AE,1.43,110.8,90,109.3,238,71.3,44,1/11/25 0:00
141,CSUN,BW,1.43,104.5,200,103.1,118,73.2,13,1/11/25 0:00
142,Belmont,MVC,1.39,111.4,76,110,251,72.2,29,1/11/25 0:00
143,Wofford,SC,1.37,111.2,81,109.9,248,65.2,325,1/11/25 0:00
144,South Florida,Amer,1.32,107.9,137,106.6,187,69.2,135,1/11/25 0:00
145,Loyola Marymount,WCC,1.26,104.1,207,102.8,113,68.3,180,1/11/25 0:00
146,Seattle,WAC,1.16,106.7,161,105.6,165,67.4,220,1/11/25 0:00
147,Utah Valley,WAC,1.14,101.6,251,100.4,76,69.2,139,1/11/25 0:00
148,Texas St.,SB,1.11,109.2,116,108.1,221,65.6,300,1/11/25 0:00
149,Illinois St.,MVC,1.11,109.3,115,108.2,223,65.6,297,1/11/25 0:00
150,Sam Houston St.,CUSA,1.03,112.3,64,111.3,286,69.7,107,1/11/25 0:00
151,Cornell,Ivy,0.95,111.3,79,110.4,260,71.7,36,1/11/25 0:00
152,Norfolk St.,MEAC,0.93,107.4,148,106.5,184,66.6,252,1/11/25 0:00
153,Seton Hall,BE,0.8,101.1,262,100.3,73,63.5,353,1/11/25 0:00
154,Jacksonville St.,CUSA,0.76,110.9,88,110.1,254,65.7,291,1/11/25 0:00
155,Appalachian St.,SB,0.73,102.7,231,102,104,64.8,334,1/11/25 0:00
156,Illinois Chicago,MVC,0.7,109.1,122,108.4,226,69.5,121,1/11/25 0:00
157,Duquesne,A10,0.49,104.4,202,103.9,127,64.6,339,1/11/25 0:00
158,Milwaukee,Horz,0.34,105.5,180,105.1,155,70.3,84,1/11/25 0:00
159,Northern Colorado,BSky,0.3,110.7,94,110.4,261,70.8,66,1/11/25 0:00
160,North Alabama,ASun,0.29,107.4,151,107.1,196,68.2,187,1/11/25 0:00
,,,,,Strength of Schedule,NCSOS,,,,1/11/25 0:00
Rk,Team,Conf,NetRtg,ORtg,DRtg,AdjT,Luck,NetRtg,ORtg,1/11/25 0:00
161,Florida Gulf Coast,ASun,0.19,107.6,144,107.4,206,65.6,298,1/11/25 0:00
162,New Mexico St.,CUSA,0.18,104.6,199,104.4,135,66.9,239,1/11/25 0:00
163,Texas A&M Corpus Chris,Slnd,0.17,109.2,117,109.1,234,70,99,1/11/25 0:00
164,Cal Baptist,WAC,0.05,108.7,127,108.6,229,66.2,262,1/11/25 0:00
165,Hawaii,BW,0.01,104.2,205,104.2,131,65.5,307,1/11/25 0:00
166,Jacksonville,ASun,-0.02,101.9,246,101.9,103,68.6,165,1/11/25 0:00
167,Elon,CAA,-0.09,106.2,172,106.3,178,64.9,331,1/11/25 0:00
168,Wyoming,MWC,-0.19,103.9,211,104.1,129,65.3,317,1/11/25 0:00
169,Miami OH,MAC,-0.25,106.9,160,107.1,197,69.1,141,1/11/25 0:00
170,Ohio,MAC,-0.27,107,159,107.2,200,70.6,72,1/11/25 0:00
171,Columbia,Ivy,-0.47,110.2,105,110.7,266,68.9,156,1/11/25 0:00
172,Virginia Tech,ACC,-0.51,106,176,106.5,181,65.2,322,1/11/25 0:00
173,Drexel,CAA,-0.76,103,225,103.7,124,63.9,348,1/11/25 0:00
174,East Carolina,Amer,-0.92,105,191,105.9,171,67.1,233,1/11/25 0:00
175,Wright St.,Horz,-1,108.2,134,109.2,236,67.6,217,1/11/25 0:00
176,Tulane,Amer,-1.01,104.3,204,105.3,157,68.9,154,1/11/25 0:00
177,La Salle,A10,-1.09,104.7,195,105.8,168,71.4,43,1/11/25 0:00
178,Rice,Amer,-1.19,103.7,216,104.9,148,65.1,326,1/11/25 0:00
179,William & Mary,CAA,-1.28,111.7,72,113,319,71.3,46,1/11/25 0:00
180,Indiana St.,MVC,-1.31,109.6,109,110.9,275,73.8,9,1/11/25 0:00
181,Hofstra,CAA,-1.36,97.4,328,98.8,55,65,328,1/11/25 0:00
182,Longwood,BSth,-1.44,104.7,196,106.1,172,69.6,112,1/11/25 0:00
183,Lamar,Slnd,-1.45,101.5,255,102.9,115,67.1,231,1/11/25 0:00
184,Chattanooga,SC,-1.47,110.7,93,112.2,303,67.3,226,1/11/25 0:00
185,UC Riverside,BW,-1.58,104.7,197,106.2,176,68.4,174,1/11/25 0:00
186,Merrimack,MAAC,-1.65,101.1,261,102.8,111,65.2,324,1/11/25 0:00
187,Radford,BSth,-1.76,107.6,145,109.4,242,64.8,333,1/11/25 0:00
188,Boston College,ACC,-1.78,105.4,181,107.2,198,67.3,223,1/11/25 0:00
189,Montana St.,BSky,-1.95,105.3,183,107.2,199,67.4,222,1/11/25 0:00
190,UNC Asheville,BSth,-1.98,110.2,103,112.2,304,68.1,193,1/11/25 0:00
191,Montana,BSky,-1.99,107.3,152,109.3,240,69.9,100,1/11/25 0:00
192,Cleveland St.,Horz,-2.03,103.1,223,105.1,152,66.8,243,1/11/25 0:00
193,Bryant,AE,-2.23,104.3,203,106.5,185,74.7,2,1/11/25 0:00
194,Youngstown St.,Horz,-2.25,98.6,313,100.8,83,70.9,62,1/11/25 0:00
195,San Jose St.,MWC,-2.3,107.7,140,110,250,65.8,285,1/11/25 0:00
196,Marshall,SB,-2.45,104,209,106.5,183,69.7,108,1/11/25 0:00
197,Kennesaw St.,CUSA,-2.47,105.2,188,107.6,211,72.5,23,1/11/25 0:00
198,UT Arlington,WAC,-2.51,108.2,133,110.7,268,70.5,74,1/11/25 0:00
199,Pepperdine,WCC,-2.61,103.9,212,106.5,182,70.2,91,1/11/25 0:00
200,Valparaiso,MVC,-2.69,108.1,135,110.8,272,69.5,126,1/11/25 0:00
,,,,,Strength of Schedule,NCSOS,,,,1/11/25 0:00
Rk,Team,Conf,NetRtg,ORtg,DRtg,AdjT,Luck,NetRtg,ORtg,1/11/25 0:00
201,Winthrop,BSth,-2.74,106.2,170,109,232,73.3,12,1/11/25 0:00
202,Brown,Ivy,-2.79,104.9,192,107.7,215,65.4,310,1/11/25 0:00
203,Northeastern,CAA,-2.79,102.5,237,105.3,158,69,150,1/11/25 0:00
204,Northern Kentucky,Horz,-2.83,100.1,285,103,116,65.2,321,1/11/25 0:00
205,Oakland,Horz,-2.84,105.2,185,108.1,219,62.9,358,1/11/25 0:00
206,Towson,CAA,-3.22,102.6,233,105.9,169,63,356,1/11/25 0:00
207,Nicholls,Slnd,-3.71,103.2,219,106.9,193,68.8,160,1/11/25 0:00
208,Central Connecticut,NEC,-3.74,100,290,103.7,125,65.5,306,1/11/25 0:00
209,Toledo,MAC,-4.13,108.7,126,112.8,316,71,59,1/11/25 0:00
210,Delaware,CAA,-4.17,108.5,128,112.7,312,71.1,56,1/11/25 0:00
211,Marist,MAAC,-4.17,101.3,257,105.5,163,65.1,327,1/11/25 0:00
212,Massachusetts,A10,-4.2,103.1,222,107.3,204,71.8,35,1/11/25 0:00
213,UT Rio Grande Valley,Slnd,-4.26,106.4,168,110.7,267,70.2,90,1/11/25 0:00
214,Quinnipiac,MAAC,-4.28,99.2,299,103.5,120,71.4,42,1/11/25 0:00
215,Richmond,A10,-4.3,103.3,218,107.6,212,66.1,266,1/11/25 0:00
216,Vermont,AE,-4.48,97.7,327,102.2,105,63.8,349,1/11/25 0:00
217,Mount St. Mary's,MAAC,-4.52,99.6,294,104.1,130,69.3,132,1/11/25 0:00
218,Southern Utah,WAC,-4.69,104,210,108.6,230,70,94,1/11/25 0:00
219,Eastern Kentucky,ASun,-4.81,106.1,174,110.9,274,69.2,136,1/11/25 0:00
220,South Carolina St.,MEAC,-4.84,101,263,105.9,170,69.5,122,1/11/25 0:00
221,Mercer,SC,-4.89,102.6,234,107.5,208,72.2,27,1/11/25 0:00
222,Central Michigan,MAC,-4.89,100.5,276,105.3,160,67.9,204,1/11/25 0:00
223,Kansas City,Sum,-5.06,101.8,248,106.9,190,65.5,304,1/11/25 0:00
224,North Florida,ASun,-5.23,110.3,102,115.5,344,72.7,18,1/11/25 0:00
225,UMBC,AE,-5.37,107.4,150,112.8,315,72.2,28,1/11/25 0:00
226,Idaho St.,BSky,-5.43,102.2,239,107.6,210,65.8,281,1/11/25 0:00
227,Missouri St.,MVC,-5.44,101.8,247,107.3,202,64.2,345,1/11/25 0:00
228,FIU,CUSA,-5.46,98.4,316,103.8,126,70.8,68,1/11/25 0:00
229,Fordham,A10,-5.5,102.6,235,108.1,218,71.1,55,1/11/25 0:00
230,Queens,ASun,-5.55,105.3,182,110.9,276,70.4,81,1/11/25 0:00
231,Gardner Webb,BSth,-5.64,103.7,213,109.4,243,70.1,92,1/11/25 0:00
232,Southeastern Louisiana,Slnd,-5.69,99.2,300,104.9,149,68.2,185,1/11/25 0:00
233,Abilene Christian,WAC,-5.75,98.8,310,104.5,140,69.5,124,1/11/25 0:00
234,Cal St. Bakersfield,BW,-5.87,103.5,217,109.3,239,65.3,316,1/11/25 0:00
235,Robert Morris,Horz,-6.06,100.5,274,106.6,188,69.9,101,1/11/25 0:00
236,UC Davis,BW,-6.06,95,344,101.1,90,71.3,49,1/11/25 0:00
237,Charlotte,Amer,-6.16,105.2,186,111.3,288,65.8,282,1/11/25 0:00
238,Maine,AE,-6.3,99.9,292,106.2,173,68,198,1/11/25 0:00
239,Idaho,BSky,-6.31,107.5,147,113.8,332,66.5,256,1/11/25 0:00
240,Albany,AE,-6.36,103.7,214,110.1,252,69.2,133,1/11/25 0:00
,,,,,Strength of Schedule,NCSOS,,,,1/11/25 0:00
Rk,Team,Conf,NetRtg,ORtg,DRtg,AdjT,Luck,NetRtg,ORtg,1/11/25 0:00
241,Weber St.,BSky,-6.5,105.1,189,111.6,293,65.8,286,1/11/25 0:00
242,Southern,SWAC,-6.64,97.8,322,104.5,138,69.5,123,1/11/25 0:00
243,Little Rock,OVC,-6.67,96.1,338,102.7,110,68.4,177,1/11/25 0:00
244,Bethune Cookman,SWAC,-6.68,98.1,318,104.7,144,69,148,1/11/25 0:00
245,Ball St.,MAC,-6.78,103.2,220,110,249,68,200,1/11/25 0:00
246,Nebraska Omaha,Sum,-6.87,104.1,208,110.9,277,68.2,189,1/11/25 0:00
247,South Dakota,Sum,-6.92,109.5,111,116.4,352,73.9,8,1/11/25 0:00
248,Saint Peter's,MAAC,-6.96,98.5,314,105.5,164,63,357,1/11/25 0:00
249,Cal Poly,BW,-7.1,104.5,201,111.6,292,75.6,1,1/11/25 0:00
250,Southern Illinois,MVC,-7.1,101.2,260,108.3,225,69.7,110,1/11/25 0:00
251,Stephen F. Austin,Slnd,-7.34,92.4,357,99.8,65,67.1,230,1/11/25 0:00
252,Hampton,CAA,-7.35,100.9,267,108.3,224,66,275,1/11/25 0:00
253,Portland St.,BSky,-7.52,100.1,288,107.6,209,70.4,79,1/11/25 0:00
254,Presbyterian,BSth,-7.54,102.5,236,110.1,253,64.4,343,1/11/25 0:00
255,SIUE,OVC,-7.55,98.6,312,106.2,174,65.7,292,1/11/25 0:00
256,Bucknell,PL,-7.56,95,346,102.5,108,68.3,179,1/11/25 0:00
257,Campbell,CAA,-7.73,99.5,296,107.2,201,67.4,221,1/11/25 0:00
258,Boston University,PL,-7.77,99.9,291,107.6,213,63.2,355,1/11/25 0:00
259,Incarnate Word,Slnd,-7.86,104.6,198,112.5,308,65.8,288,1/11/25 0:00
260,Southeast Missouri,OVC,-8.12,98.9,309,107,194,70.1,93,1/11/25 0:00
261,Eastern Washington,BSky,-8.13,104.2,206,112.3,305,68.2,191,1/11/25 0:00
262,Northern Arizona,BSky,-8.19,104.7,194,112.9,318,67.8,207,1/11/25 0:00
263,Lehigh,PL,-8.23,102.2,238,110.4,262,68.5,170,1/11/25 0:00
264,Fresno St.,MWC,-8.29,99.1,303,107.4,205,74.5,5,1/11/25 0:00
265,Colgate,PL,-8.3,100.7,271,109,233,66.3,260,1/11/25 0:00
266,Evansville,MVC,-8.35,96,339,104.3,134,66.7,250,1/11/25 0:00
267,Harvard,Ivy,-8.43,100,289,108.5,228,67.1,232,1/11/25 0:00
268,UTSA,Amer,-8.49,103.2,221,111.6,295,72.3,26,1/11/25 0:00
269,American,PL,-8.53,102.7,232,111.2,281,64,346,1/11/25 0:00
270,Bowling Green,MAC,-8.68,102.8,229,111.4,290,70.7,70,1/11/25 0:00
271,Northwestern St.,Slnd,-8.82,102,244,110.8,271,64.8,335,1/11/25 0:00
272,Lafayette,PL,-8.9,97.7,326,106.6,189,66.6,253,1/11/25 0:00
273,Alabama St.,SWAC,-8.97,105.2,184,114.2,336,69.6,113,1/11/25 0:00
274,Tarleton St.,WAC,-9.02,96.1,337,105.1,154,66.2,261,1/11/25 0:00
275,Sacred Heart,MAAC,-9.04,103,224,112,299,70.2,88,1/11/25 0:00
276,North Dakota,Sum,-9.09,106.7,162,115.8,347,69.5,117,1/11/25 0:00
277,San Diego,WCC,-9.15,96.2,336,105.3,159,71.5,41,1/11/25 0:00
278,Georgia Southern,SB,-9.31,98.9,308,108.2,222,72.6,21,1/11/25 0:00
279,Iona,MAAC,-9.41,97,331,106.4,180,70.8,64,1/11/25 0:00
280,Siena,MAAC,-9.42,98.7,311,108.1,220,66.2,263,1/11/25 0:00
,,,,,Strength of Schedule,NCSOS,,,,1/11/25 0:00
Rk,Team,Conf,NetRtg,ORtg,DRtg,AdjT,Luck,NetRtg,ORtg,1/11/25 0:00
281,Southern Miss,SB,-9.53,100.1,286,109.7,246,69.7,106,1/11/25 0:00
282,Pacific,WCC,-9.63,102.2,240,111.8,297,68.2,188,1/11/25 0:00
283,Tulsa,Amer,-9.65,100.6,273,110.3,257,68.1,196,1/11/25 0:00
284,Howard,MEAC,-9.68,106.5,165,116.2,351,68.7,161,1/11/25 0:00
285,Dartmouth,Ivy,-9.75,99.1,302,108.9,231,71.1,57,1/11/25 0:00
286,Tennessee Martin,OVC,-9.8,98,319,107.8,216,67.1,229,1/11/25 0:00
287,Utah Tech,WAC,-9.84,101,264,110.9,273,67.9,206,1/11/25 0:00
288,Charleston Southern,BSth,-10.1,102,243,112.1,300,69.4,128,1/11/25 0:00
289,Georgia St.,SB,-10.21,99.5,295,109.7,247,69.6,115,1/11/25 0:00
290,Manhattan,MAAC,-10.23,105.7,177,116,349,70,97,1/11/25 0:00
291,Monmouth,CAA,-10.26,100.9,266,111.2,280,67.2,227,1/11/25 0:00
292,Jackson St.,SWAC,-10.28,95.1,341,105.4,161,70.3,86,1/11/25 0:00
293,Coastal Carolina,SB,-10.39,100.2,284,110.6,264,63.3,354,1/11/25 0:00
294,Western Michigan,MAC,-10.62,101.3,259,111.9,298,67.4,219,1/11/25 0:00
295,Tennessee Tech,OVC,-11.02,100.2,281,111.2,282,68.8,157,1/11/25 0:00
296,Loyola MD,PL,-11.05,100.2,279,111.3,284,68.3,182,1/11/25 0:00
297,Morehead St.,OVC,-11.06,99.1,304,110.2,255,66.7,248,1/11/25 0:00
298,Niagara,MAAC,-11.1,101.6,252,112.7,311,65.6,299,1/11/25 0:00
299,Air Force,MWC,-11.11,99.2,301,110.3,256,64.6,340,1/11/25 0:00
300,Austin Peay,ASun,-11.19,95,343,106.2,175,65.8,289,1/11/25 0:00
301,Long Beach St.,BW,-11.5,101.5,253,113,320,64.8,336,1/11/25 0:00
302,Holy Cross,PL,-11.86,102.9,226,114.8,339,65.4,309,1/11/25 0:00
303,Army,PL,-11.91,101.3,258,113.2,323,68.4,175,1/11/25 0:00
304,LIU,NEC,-12,95.7,340,107.7,214,66.7,245,1/11/25 0:00
305,Stonehill,NEC,-12.2,100.4,277,112.6,310,66,271,1/11/25 0:00
306,Navy,PL,-12.22,100.8,269,113,321,69,149,1/11/25 0:00
307,Penn,Ivy,-12.36,101.5,256,113.8,331,66.1,268,1/11/25 0:00
308,Eastern Michigan,MAC,-12.39,100.9,265,113.3,325,68.6,167,1/11/25 0:00
309,Old Dominion,SB,-12.4,98.9,306,111.3,287,67.9,202,1/11/25 0:00
310,Binghamton,AE,-12.61,100.1,287,112.7,313,65.6,296,1/11/25 0:00
311,Portland,WCC,-12.62,100.3,278,112.9,317,69.5,125,1/11/25 0:00
312,Fairfield,MAAC,-12.75,102.9,227,115.7,346,66.7,247,1/11/25 0:00
313,North Carolina Central,MEAC,-12.84,101.6,249,114.4,338,66.9,240,1/11/25 0:00
314,Fairleigh Dickinson,NEC,-12.99,102.1,242,115.1,340,70.5,76,1/11/25 0:00
315,Texas Southern,SWAC,-13.22,94.7,348,108,217,71.2,50,1/11/25 0:00
316,Delaware St.,MEAC,-13.22,98,320,111.2,283,71.1,58,1/11/25 0:00
317,Louisiana,SB,-13.24,100.9,268,114.1,335,68.1,194,1/11/25 0:00
318,IU Indy,Horz,-13.33,105.2,187,118.5,358,65.3,314,1/11/25 0:00
319,North Carolina A&T,CAA,-13.47,100.2,283,113.6,329,73.6,10,1/11/25 0:00
320,Tennessee St.,OVC,-13.73,97.8,323,111.6,291,72.7,19,1/11/25 0:00
,,,,,Strength of Schedule,NCSOS,,,,1/11/25 0:00
Rk,Team,Conf,NetRtg,ORtg,DRtg,AdjT,Luck,NetRtg,ORtg,1/11/25 0:00
321,Houston Christian,Slnd,-13.82,99.3,298,113.1,322,66.2,264,1/11/25 0:00
322,Grambling St.,SWAC,-13.86,96.6,333,110.5,263,66.1,270,1/11/25 0:00
323,Prairie View A&M,SWAC,-13.87,102.7,230,116.6,356,72,32,1/11/25 0:00
324,Oral Roberts,Sum,-14.12,105,190,119.2,360,69.3,131,1/11/25 0:00
325,VMI,SC,-14.24,98.3,317,112.5,309,68.3,183,1/11/25 0:00
326,Cal St. Fullerton,BW,-14.26,96.7,332,110.9,278,65.3,312,1/11/25 0:00
327,Western Illinois,OVC,-14.49,101.5,254,116,350,64.2,344,1/11/25 0:00
328,Saint Francis,NEC,-14.55,99,305,113.5,328,68.3,181,1/11/25 0:00
329,Southern Indiana,OVC,-14.6,97,329,111.6,294,67.6,215,1/11/25 0:00
330,Detroit Mercy,Horz,-14.75,96.2,335,110.9,279,67.9,203,1/11/25 0:00
331,Green Bay,Horz,-14.84,101.6,250,116.4,354,70.4,82,1/11/25 0:00
332,Stetson,ASun,-14.9,100.7,272,115.6,345,68.9,153,1/11/25 0:00
333,Lindenwood,OVC,-14.92,92.5,356,107.5,207,69.8,103,1/11/25 0:00
334,Western Carolina,SC,-15.04,94.3,351,109.3,241,72.1,31,1/11/25 0:00
335,Wagner,NEC,-15.38,91.2,360,106.5,186,61.8,362,1/11/25 0:00
336,Buffalo,MAC,-15.48,98.5,315,114,334,71.2,52,1/11/25 0:00
337,Rider,MAAC,-15.53,99.8,293,115.3,342,64.5,341,1/11/25 0:00
338,Eastern Illinois,OVC,-15.86,94.7,349,110.6,265,67.2,228,1/11/25 0:00
339,USC Upstate,BSth,-15.91,98,321,113.9,333,73.3,11,1/11/25 0:00
340,Stony Brook,CAA,-16.22,100.2,282,116.4,353,65.6,294,1/11/25 0:00
341,Denver,Sum,-16.24,100.2,280,116.5,355,67.6,216,1/11/25 0:00
342,West Georgia,ASun,-16.44,97,330,113.4,327,68.1,192,1/11/25 0:00
343,Sacramento St.,BSky,-16.54,94.2,353,110.8,270,64.8,337,1/11/25 0:00
344,Central Arkansas,ASun,-16.69,95,342,111.7,296,67.6,218,1/11/25 0:00
345,Alcorn St.,SWAC,-16.96,98.9,307,115.9,348,66.1,269,1/11/25 0:00
346,Le Moyne,NEC,-17.59,96.2,334,113.8,330,69.8,104,1/11/25 0:00
347,New Orleans,Slnd,-17.73,97.8,324,115.5,343,69.9,102,1/11/25 0:00
348,Morgan St.,MEAC,-17.76,100.8,270,118.5,359,71.3,45,1/11/25 0:00
349,Louisiana Monroe,SB,-17.94,94.8,347,112.7,314,68.7,162,1/11/25 0:00
350,Florida A&M,SWAC,-18.55,91.8,358,110.3,258,69.7,105,1/11/25 0:00
351,East Texas A&M,Slnd,-18.64,93.8,354,112.4,307,69.1,142,1/11/25 0:00
352,Bellarmine,ASun,-18.73,101.9,245,120.7,361,66.7,251,1/11/25 0:00
353,Northern Illinois,MAC,-18.99,93.2,355,112.2,301,70.4,77,1/11/25 0:00
354,Canisius,MAAC,-19,102.1,241,121.1,363,65.9,277,1/11/25 0:00
355,The Citadel,SC,-19.13,94.3,352,113.4,326,65.5,305,1/11/25 0:00
356,Mercyhurst,NEC,-19.33,95,345,114.3,337,64.7,338,1/11/25 0:00
357,Maryland Eastern Shore,MEAC,-19.77,97.7,325,117.5,357,67.8,210,1/11/25 0:00
358,Chicago St.,NEC,-20.62,89.7,362,110.3,259,69.6,114,1/11/25 0:00
359,NJIT,AE,-20.65,91.5,359,112.2,302,65.8,284,1/11/25 0:00
360,Alabama A&M,SWAC,-20.84,94.3,350,115.2,341,72.5,22,1/11/25 0:00
,,,,,Strength of Schedule,NCSOS,,,,1/11/25 0:00
Rk,Team,Conf,NetRtg,ORtg,DRtg,AdjT,Luck,NetRtg,ORtg,1/11/25 0:00
361,New Hampshire,AE,-22.42,89.9,361,112.3,306,68.1,195,1/11/25 0:00
362,Coppin St.,MEAC,-23.74,87,363,110.8,269,68.4,176,1/11/25 0:00
363,Arkansas Pine Bluff,SWAC,-24.03,99.5,297,123.5,364,73,15,1/11/25 0:00
364,Mississippi Valley St.,SWAC,-35.57,85.4,364,120.9,362,65.8,283,1/11/25 0:00
1,Auburn,SEC,35.89,130.2,1,94.3,20,68.3,170,1/12/25 0:00
2,Duke,ACC,35.62,123,7,87.4,2,65.8,270,1/12/25 0:00
3,Houston,B12,34.26,120.2,13,86,1,62.2,361,1/12/25 0:00
4,Iowa St.,B12,31.4,123.2,6,91.8,10,69.5,103,1/12/25 0:00
5,Florida,SEC,30.13,123,8,92.9,14,70,80,1/12/25 0:00
6,Tennessee,SEC,29.26,117,25,87.7,3,64.9,324,1/12/25 0:00
7,Kansas,B12,28.33,116.6,32,88.3,4,68.9,139,1/12/25 0:00
8,Alabama,SEC,27.8,124.8,2,97,41,74.7,2,1/12/25 0:00
9,Gonzaga,WCC,26.84,123.6,4,96.8,37,70.6,66,1/12/25 0:00
10,Michigan,B10,26.14,120.1,14,93.9,18,70.9,51,1/12/25 0:00
11,Marquette,BE,25.69,119.1,18,93.4,16,68.3,165,1/12/25 0:00
12,Illinois,B10,25.18,117.5,24,92.3,12,73,13,1/12/25 0:00
13,Michigan St.,B10,24.39,116.7,29,92.3,11,68.8,145,1/12/25 0:00
14,Texas Tech,B12,23.98,122.5,9,98.5,56,65.8,266,1/12/25 0:00
15,Arizona,B12,23.97,119.6,16,95.7,27,70.9,50,1/12/25 0:00
16,Purdue,B10,23.95,121.3,11,97.3,44,65.1,310,1/12/25 0:00
17,Texas A&M,SEC,23.87,116.7,30,92.9,13,67.2,220,1/12/25 0:00
18,Baylor,B12,23.09,120,15,97,40,65.5,284,1/12/25 0:00
19,St. John's,BE,22.84,114.3,49,91.4,6,70.8,58,1/12/25 0:00
20,Mississippi St.,SEC,22.81,119.6,17,96.8,38,68.3,169,1/12/25 0:00
21,Kentucky,SEC,22.75,123.7,3,100.9,87,71.7,30,1/12/25 0:00
22,Wisconsin,B10,22.53,121.2,12,98.6,59,68.4,164,1/12/25 0:00
23,Maryland,B10,22.46,117.6,22,95.1,21,69.7,92,1/12/25 0:00
24,Mississippi,SEC,21.52,116.7,31,95.1,22,67.7,199,1/12/25 0:00
25,Connecticut,BE,21.03,123.5,5,102.5,112,64.9,323,1/12/25 0:00
26,Oregon,B10,20.97,117.8,21,96.8,39,68.8,144,1/12/25 0:00
27,Pittsburgh,ACC,19.85,118.2,20,98.3,52,68.2,175,1/12/25 0:00
28,Saint Mary's,WCC,19.33,115.7,38,96.4,34,63.2,351,1/12/25 0:00
29,Clemson,ACC,19.19,115.5,41,96.3,32,65.1,314,1/12/25 0:00
30,North Carolina,ACC,19.09,116.3,34,97.2,43,73.1,11,1/12/25 0:00
31,UCLA,B10,18.98,110.6,92,91.6,9,66.5,243,1/12/25 0:00
32,Ohio St.,B10,18.76,115.5,40,96.7,36,68.5,157,1/12/25 0:00
33,Nebraska,B10,18.63,111.6,72,93,15,68.6,151,1/12/25 0:00
34,Memphis,Amer,18.18,114.4,47,96.2,31,70.9,53,1/12/25 0:00
35,Louisville,ACC,17.96,115.4,43,97.4,45,68.7,150,1/12/25 0:00
36,Georgia,SEC,17.9,111.5,73,93.6,17,67.1,222,1/12/25 0:00
37,San Diego St.,MWC,17.67,108.6,122,91,5,66.2,254,1/12/25 0:00
38,Texas,SEC,17.33,115.6,39,98.2,50,67.3,219,1/12/25 0:00
39,Iowa,B10,17.25,118.9,19,101.6,97,72.2,19,1/12/25 0:00
40,Cincinnati,B12,17.17,108.7,120,91.5,7,65.1,309,1/12/25 0:00
,,,,,Strength of Schedule,NCSOS,,,,1/12/25 0:00
Rk,Team,Conf,NetRtg,ORtg,DRtg,AdjT,Luck,NetRtg,ORtg,1/12/25 0:00
41,Missouri,SEC,17.06,116.8,28,99.7,71,68.2,176,1/12/25 0:00
42,Utah St.,MWC,16.4,117,26,100.6,79,69.4,109,1/12/25 0:00
43,Oklahoma,SEC,16.31,117.5,23,101.2,90,67.6,201,1/12/25 0:00
44,Creighton,BE,16.21,113.7,55,97.5,46,69.1,120,1/12/25 0:00
45,VCU,A10,16.19,111.7,69,95.5,25,66.8,234,1/12/25 0:00
46,Villanova,BE,16.19,122.1,10,105.9,177,63.6,348,1/12/25 0:00
47,BYU,B12,16.12,116.4,33,100.3,76,67.7,198,1/12/25 0:00
48,West Virginia,B12,16,110.3,94,94.3,19,65,322,1/12/25 0:00
49,Arkansas,SEC,15.81,111.5,74,95.6,26,69.5,99,1/12/25 0:00
50,SMU,ACC,15.18,116.8,27,101.6,95,70.3,72,1/12/25 0:00
51,Penn St.,B10,15.14,114.1,50,99,63,72.1,21,1/12/25 0:00
52,Vanderbilt,SEC,15.11,115.4,42,100.3,77,70.9,49,1/12/25 0:00
53,Northwestern,B10,15.05,111.2,78,96.1,29,65.2,308,1/12/25 0:00
54,Xavier,BE,14.86,113.7,53,98.9,61,69.3,110,1/12/25 0:00
55,Dayton,A10,14.74,115.9,36,101.1,88,66.1,258,1/12/25 0:00
56,Indiana,B10,14.42,112.2,63,97.7,49,70,81,1/12/25 0:00
57,Boise St.,MWC,14.14,115.4,44,101.2,91,66.8,232,1/12/25 0:00
58,New Mexico,MWC,14.08,111.6,71,97.5,48,73.5,7,1/12/25 0:00
59,UC Irvine,BW,13.97,105.5,178,91.5,8,69.4,107,1/12/25 0:00
60,Arizona St.,B12,13.79,109.8,101,96.1,28,68,185,1/12/25 0:00
61,Nevada,MWC,13.32,113.2,57,99.8,74,63.2,353,1/12/25 0:00
62,North Texas,Amer,12.63,109.8,102,97.2,42,62.4,358,1/12/25 0:00
63,Georgetown,BE,12.38,107.6,138,95.2,23,68.9,140,1/12/25 0:00
64,Oregon St.,WCC,12.01,112.6,59,100.6,80,65,319,1/12/25 0:00
65,UC San Diego,BW,12.01,111.6,70,99.6,70,66.3,252,1/12/25 0:00
66,Florida St.,ACC,11.81,110.7,91,98.9,60,70.2,76,1/12/25 0:00
67,McNeese,Slnd,11.59,110.8,85,99.2,64,65.5,283,1/12/25 0:00
68,USC,B10,11.55,110.9,83,99.4,65,68.4,161,1/12/25 0:00
69,Liberty,CUSA,11.46,109,113,97.5,47,64.9,326,1/12/25 0:00
70,Santa Clara,WCC,11.42,114.1,52,102.7,116,69,131,1/12/25 0:00
71,LSU,SEC,11.12,109.8,105,98.6,58,69,137,1/12/25 0:00
72,Drake,MVC,10.79,109.3,109,98.5,55,60.4,364,1/12/25 0:00
73,South Carolina,SEC,10.74,109.3,110,98.5,54,65.8,269,1/12/25 0:00
74,TCU,B12,10.67,106.2,167,95.5,24,66.9,230,1/12/25 0:00
75,UCF,B12,10.44,111.1,79,100.6,81,70.8,57,1/12/25 0:00
76,Utah,B12,10.4,111.2,77,100.8,85,70.8,56,1/12/25 0:00
77,St. Bonaventure,A10,10.36,109.9,100,99.5,68,64.5,334,1/12/25 0:00
78,Yale,Ivy,10.16,113.7,54,103.6,127,67.9,192,1/12/25 0:00
79,Colorado St.,MWC,10.16,108.4,126,98.3,51,67.7,200,1/12/25 0:00
80,Wake Forest,ACC,10.04,106.7,158,96.6,35,66.6,242,1/12/25 0:00
,,,,,Strength of Schedule,NCSOS,,,,1/12/25 0:00
Rk,Team,Conf,NetRtg,ORtg,DRtg,AdjT,Luck,NetRtg,ORtg,1/12/25 0:00
81,San Francisco,WCC,9.97,110.5,93,100.5,78,67.6,203,1/12/25 0:00
82,Colorado,B12,9.76,108.3,129,98.5,53,68.2,172,1/12/25 0:00
83,Notre Dame,ACC,9.73,115,45,105.3,160,65.1,312,1/12/25 0:00
84,Providence,BE,9.61,111.7,68,102.1,104,65.4,293,1/12/25 0:00
85,Washington St.,WCC,9.57,111,81,101.4,94,71.7,31,1/12/25 0:00
86,Butler,BE,9.14,110.8,87,101.6,98,67.9,188,1/12/25 0:00
87,George Mason,A10,9.04,105.4,179,96.4,33,65.4,296,1/12/25 0:00
88,Lipscomb,ASun,8.83,109.5,107,100.7,82,66.5,245,1/12/25 0:00
89,Stanford,ACC,8.77,113.7,56,104.9,152,67.3,217,1/12/25 0:00
90,Saint Joseph's,A10,8.56,108,132,99.5,67,69.4,108,1/12/25 0:00
91,Rutgers,B10,8.42,109.2,111,100.8,84,70.5,69,1/12/25 0:00
92,N.C. State,ACC,7.91,110,98,102.1,103,65,320,1/12/25 0:00
93,Washington,B10,7.68,107.3,146,99.6,69,69.1,121,1/12/25 0:00
94,Bradley,MVC,7.5,109.7,106,102.2,105,65.8,271,1/12/25 0:00
95,Arkansas St.,SB,7.05,109.1,112,102.1,102,69.8,91,1/12/25 0:00
96,Florida Atlantic,Amer,6.91,112.2,61,105.3,164,71.6,33,1/12/25 0:00
97,Grand Canyon,WAC,6.37,106.1,168,99.7,72,72.5,17,1/12/25 0:00
98,Kansas St.,B12,6.31,108.7,118,102.4,111,68.3,166,1/12/25 0:00
99,High Point,BSth,6.25,115.8,37,109.6,255,66.7,236,1/12/25 0:00
100,Rhode Island,A10,6.1,105.9,174,99.8,73,71.3,37,1/12/25 0:00
101,Northern Iowa,MVC,6.04,112.2,62,106.1,183,65.2,302,1/12/25 0:00
102,Samford,SC,5.67,114.8,46,109.1,243,70.9,52,1/12/25 0:00
103,Georgia Tech,ACC,5.25,106.4,163,101.1,89,70.6,63,1/12/25 0:00
104,George Washington,A10,5.04,107.6,140,102.6,113,69,136,1/12/25 0:00
105,Murray St.,MVC,4.98,107.6,142,102.6,114,65.1,313,1/12/25 0:00
106,UNLV,MWC,4.98,109.9,99,104.9,151,65.6,280,1/12/25 0:00
107,North Dakota St.,Sum,4.81,115.9,35,111.1,287,65.2,304,1/12/25 0:00
108,Davidson,A10,4.74,110.7,88,106,178,66.4,250,1/12/25 0:00
109,Oklahoma St.,B12,4.7,105.4,181,100.7,83,71,44,1/12/25 0:00
110,South Alabama,SB,4.44,106.4,162,102,100,63.2,352,1/12/25 0:00
111,St. Thomas,Sum,4.37,114.1,51,109.7,257,69,133,1/12/25 0:00
112,Furman,SC,4.3,107,152,102.7,117,65.4,295,1/12/25 0:00
113,Syracuse,ACC,4.27,108.8,116,104.5,145,70.4,70,1/12/25 0:00
114,Saint Louis,A10,4.2,111.2,76,107,204,67.5,207,1/12/25 0:00
115,Minnesota,B10,4.18,106.2,165,102,101,62.4,359,1/12/25 0:00
116,Princeton,Ivy,4.18,110.2,97,106,179,67.8,195,1/12/25 0:00
117,Kent St.,MAC,4.12,100.3,273,96.2,30,65.7,275,1/12/25 0:00
118,UAB,Amer,3.92,112.6,60,108.6,230,70.3,73,1/12/25 0:00
119,Akron,MAC,3.82,108.5,123,104.7,148,71.8,26,1/12/25 0:00
120,Temple,Amer,3.79,107.6,139,103.8,134,70.5,68,1/12/25 0:00
,,,,,Strength of Schedule,NCSOS,,,,1/12/25 0:00
Rk,Team,Conf,NetRtg,ORtg,DRtg,AdjT,Luck,NetRtg,ORtg,1/12/25 0:00
121,Louisiana Tech,CUSA,3.74,108.7,119,105,153,65.4,294,1/12/25 0:00
122,Middle Tennessee,CUSA,3.72,107.2,150,103.5,126,69.7,94,1/12/25 0:00
123,Troy,SB,3.62,106.5,161,102.9,118,65.9,262,1/12/25 0:00
124,South Dakota St.,Sum,3.57,108.9,114,105.3,162,69.8,89,1/12/25 0:00
125,DePaul,BE,3.36,108.3,128,105,154,68.6,155,1/12/25 0:00
126,New Mexico St.,CUSA,3.3,106.5,160,103.2,120,66.4,249,1/12/25 0:00
127,UNC Greensboro,SC,3.25,107,154,103.7,131,64.3,340,1/12/25 0:00
128,Western Kentucky,CUSA,3.2,102.6,225,99.4,66,74.3,3,1/12/25 0:00
129,California,ACC,2.88,112.1,64,109.2,246,68.7,149,1/12/25 0:00
130,Charleston,CAA,2.59,105.9,175,103.3,121,72.8,15,1/12/25 0:00
131,Northern Colorado,BSky,2.46,110.7,90,108.2,224,70.4,71,1/12/25 0:00
132,Cornell,Ivy,2.42,112.6,58,110.2,268,71.1,39,1/12/25 0:00
133,Purdue Fort Wayne,Horz,2.34,111.8,67,109.4,250,69.1,125,1/12/25 0:00
134,Appalachian St.,SB,2.26,103.2,218,100.9,86,65.1,316,1/12/25 0:00
135,UC Santa Barbara,BW,2.26,107.4,145,105.1,156,64.8,327,1/12/25 0:00
136,Virginia,ACC,2.26,103.9,210,101.6,99,60.7,363,1/12/25 0:00
137,Wichita St.,Amer,2.2,108,134,105.8,172,71,45,1/12/25 0:00
138,Miami FL,ACC,2.11,114.4,48,112.3,308,67.8,197,1/12/25 0:00
139,Belmont,MVC,2.07,111,80,109,239,71.8,27,1/12/25 0:00
140,East Tennessee St.,SC,2.04,108.4,125,106.4,186,66.6,240,1/12/25 0:00
141,North Alabama,ASun,1.77,108.4,127,106.6,193,67.5,208,1/12/25 0:00
142,Loyola Marymount,WCC,1.75,104,207,102.3,109,68.2,173,1/12/25 0:00
143,UNC Wilmington,CAA,1.67,107.8,136,106.1,182,66.4,248,1/12/25 0:00
144,Loyola Chicago,A10,1.57,105.4,180,103.8,136,68.3,167,1/12/25 0:00
145,Wofford,SC,1.3,110.7,89,109.4,249,64.9,325,1/12/25 0:00
146,Illinois St.,MVC,1.14,110.2,96,109.1,241,65.4,291,1/12/25 0:00
147,Utah Valley,WAC,1.12,101,260,99.9,75,69.3,112,1/12/25 0:00
148,Norfolk St.,MEAC,1,107.5,143,106.5,190,66.7,238,1/12/25 0:00
149,Sam Houston St.,CUSA,0.98,112.1,65,111.1,285,69.5,102,1/12/25 0:00
150,Illinois Chicago,MVC,0.92,107.6,141,106.7,196,69.3,111,1/12/25 0:00
151,Seton Hall,BE,0.89,102.3,233,101.4,93,64,346,1/12/25 0:00
152,CSUN,BW,0.88,105.3,184,104.4,143,73.4,9,1/12/25 0:00
153,James Madison,SB,0.86,108.1,131,107.3,209,66.9,229,1/12/25 0:00
154,Duquesne,A10,0.82,104.4,200,103.6,129,64.3,339,1/12/25 0:00
155,South Florida,Amer,0.8,107.8,135,107,203,68.4,160,1/12/25 0:00
156,Texas St.,SB,0.62,108.6,121,108,223,65.9,265,1/12/25 0:00
157,Texas A&M Corpus Chris,Slnd,0.62,109.5,108,108.9,238,69,132,1/12/25 0:00
158,Jacksonville,ASun,0.6,102.2,238,101.6,96,68.6,153,1/12/25 0:00
159,Seattle,WAC,0.54,106.2,166,105.6,170,66.8,231,1/12/25 0:00
160,Ohio,MAC,0.47,107.2,147,106.8,199,70.7,62,1/12/25 0:00
,,,,,Strength of Schedule,NCSOS,,,,1/12/25 0:00
Rk,Team,Conf,NetRtg,ORtg,DRtg,AdjT,Luck,NetRtg,ORtg,1/12/25 0:00
161,Virginia Tech,ACC,0.46,105.8,176,105.4,166,64.8,328,1/12/25 0:00
162,Miami OH,MAC,0.43,107.1,151,106.7,197,69.2,117,1/12/25 0:00
163,Milwaukee,Horz,0.37,104.3,202,103.9,138,69.7,96,1/12/25 0:00
164,UMass Lowell,AE,0.37,109.8,103,109.4,252,70.8,55,1/12/25 0:00
165,UTEP,CUSA,0.35,103.8,211,103.4,124,68.5,159,1/12/25 0:00
166,Hawaii,BW,0.31,105.1,186,104.8,149,66.2,256,1/12/25 0:00
167,Cal Baptist,WAC,0.14,108.5,124,108.3,226,66.3,251,1/12/25 0:00
168,Wyoming,MWC,0.05,103.4,216,103.3,122,65,318,1/12/25 0:00
169,East Carolina,Amer,0.05,104.6,196,104.6,146,67.3,218,1/12/25 0:00
170,La Salle,A10,-0.01,105.9,170,105.9,175,70.7,61,1/12/25 0:00
171,Elon,CAA,-0.04,105.9,171,105.9,176,64.7,331,1/12/25 0:00
172,Jacksonville St.,CUSA,-0.22,109.8,104,110,262,65.6,282,1/12/25 0:00
173,Florida Gulf Coast,ASun,-0.28,107.2,149,107.5,213,65.7,273,1/12/25 0:00
174,Tulane,Amer,-0.66,104.7,195,105.3,165,68,182,1/12/25 0:00
175,Radford,BSth,-0.72,108.2,130,108.9,237,64.2,341,1/12/25 0:00
176,Bryant,AE,-0.83,104.8,190,105.6,171,73.9,5,1/12/25 0:00
177,Wright St.,Horz,-0.93,107.8,137,108.7,232,67.3,216,1/12/25 0:00
178,UNC Asheville,BSth,-0.99,111.9,66,112.9,319,68.2,177,1/12/25 0:00
179,Cleveland St.,Horz,-1.06,104.2,205,105.3,161,66.6,241,1/12/25 0:00
180,Hofstra,CAA,-1.12,97.4,324,98.6,57,64.4,337,1/12/25 0:00
181,Chattanooga,SC,-1.18,110.8,86,112,304,67.2,221,1/12/25 0:00
182,Rice,Amer,-1.27,102.9,223,104.2,140,65.3,299,1/12/25 0:00
183,Oakland,Horz,-1.36,105.9,173,107.2,208,62.4,360,1/12/25 0:00
184,UC Riverside,BW,-1.38,104.2,203,105.6,169,68,187,1/12/25 0:00
185,William & Mary,CAA,-1.5,111,82,112.5,315,71.1,40,1/12/25 0:00
186,Winthrop,BSth,-1.54,107,153,108.5,228,73.1,12,1/12/25 0:00
187,Columbia,Ivy,-1.67,110.2,95,111.9,303,68.3,168,1/12/25 0:00
188,Drexel,CAA,-1.77,103,221,104.8,150,64.1,345,1/12/25 0:00
189,Merrimack,MAAC,-1.8,100.6,270,102.4,110,65,321,1/12/25 0:00
190,Indiana St.,MVC,-1.85,108.9,115,110.7,275,73.5,8,1/12/25 0:00
191,Towson,CAA,-1.9,103.9,208,105.8,173,63.3,350,1/12/25 0:00
192,Montana St.,BSky,-1.98,103.2,217,105.2,158,67.4,215,1/12/25 0:00
193,San Jose St.,MWC,-2.01,107.2,148,109.2,245,65.7,272,1/12/25 0:00
194,Marshall,SB,-2.19,104.2,204,106.4,188,68.9,138,1/12/25 0:00
195,Boston College,ACC,-2.32,105,187,107.3,210,66.9,228,1/12/25 0:00
196,Pepperdine,WCC,-2.65,103.6,212,106.2,184,69.9,85,1/12/25 0:00
197,Lamar,Slnd,-2.67,100.9,261,103.6,130,66.8,233,1/12/25 0:00
198,Longwood,BSth,-2.71,103.9,209,106.6,194,69.2,118,1/12/25 0:00
199,UT Arlington,WAC,-2.73,107.5,144,110.2,267,70.1,79,1/12/25 0:00
200,Kennesaw St.,CUSA,-2.77,104.6,198,107.3,211,72,22,1/12/25 0:00
,,,,,Strength of Schedule,NCSOS,,,,1/12/25 0:00
Rk,Team,Conf,NetRtg,ORtg,DRtg,AdjT,Luck,NetRtg,ORtg,1/12/25 0:00
201,Northeastern,CAA,-2.78,101.6,247,104.3,142,68.8,141,1/12/25 0:00
202,Youngstown St.,Horz,-3.08,98.3,314,101.3,92,70.6,65,1/12/25 0:00
203,Valparaiso,MVC,-3.19,105.9,172,109.1,240,68.8,142,1/12/25 0:00
204,Brown,Ivy,-3.51,104.1,206,107.6,217,65.1,311,1/12/25 0:00
205,Nicholls,Slnd,-3.58,103,222,106.6,192,69,130,1/12/25 0:00
206,Massachusetts,A10,-3.74,103.4,215,107.2,207,71.6,36,1/12/25 0:00
207,Central Connecticut,NEC,-3.89,99.5,289,103.4,125,65.2,307,1/12/25 0:00
208,UT Rio Grande Valley,Slnd,-4.04,106.8,156,110.9,280,69.3,113,1/12/25 0:00
209,Richmond,A10,-4.12,102.4,230,106.5,189,65.3,297,1/12/25 0:00
210,Marist,MAAC,-4.23,101.1,259,105.3,163,64.7,330,1/12/25 0:00
211,Quinnipiac,MAAC,-4.3,98.9,302,103.2,119,71.2,38,1/12/25 0:00
212,Delaware,CAA,-4.35,108.8,117,113.1,322,70.9,48,1/12/25 0:00
213,Montana,BSky,-4.38,104.9,189,109.2,247,69.5,100,1/12/25 0:00
214,North Florida,ASun,-4.45,111.3,75,115.8,350,72.2,18,1/12/25 0:00
215,Southern Utah,WAC,-4.46,103.1,219,107.6,216,69.7,95,1/12/25 0:00
216,Toledo,MAC,-4.5,108,133,112.5,316,70.7,59,1/12/25 0:00
217,Southeastern Louisiana,Slnd,-4.67,99.8,285,104.5,144,68.2,174,1/12/25 0:00
218,Mount St. Mary's,MAAC,-4.7,99.1,297,103.8,133,69,135,1/12/25 0:00
219,Queens,ASun,-4.92,104.9,188,109.8,260,70,83,1/12/25 0:00
220,Mercer,SC,-4.92,102.2,237,107.1,206,71.9,24,1/12/25 0:00
221,Northern Kentucky,Horz,-4.94,98.9,300,103.8,135,64.8,329,1/12/25 0:00
222,Abilene Christian,WAC,-4.95,98.8,305,103.7,132,68.8,146,1/12/25 0:00
223,Southern,SWAC,-4.98,98.9,298,103.9,139,68.8,143,1/12/25 0:00
224,Eastern Kentucky,ASun,-5.06,105.8,177,110.8,279,69,129,1/12/25 0:00
225,Central Michigan,MAC,-5.06,100.1,278,105.2,157,67.6,205,1/12/25 0:00
226,Weber St.,BSky,-5.2,106.1,169,111.3,290,65.6,277,1/12/25 0:00
227,Maine,AE,-5.21,100.3,274,105.5,168,67.9,190,1/12/25 0:00
228,Cal St. Bakersfield,BW,-5.26,104.7,194,110,261,65.5,290,1/12/25 0:00
229,FIU,CUSA,-5.28,98.1,315,103.4,123,70.3,74,1/12/25 0:00
230,Kansas City,Sum,-5.34,101.3,252,106.6,195,65.2,306,1/12/25 0:00
231,UMBC,AE,-5.47,106.9,155,112.4,312,71.8,28,1/12/25 0:00
232,South Carolina St.,MEAC,-5.48,101.3,253,106.8,198,68.7,148,1/12/25 0:00
233,Ball St.,MAC,-5.69,103.5,213,109.2,244,68,186,1/12/25 0:00
234,Fordham,A10,-5.74,101.1,257,106.9,202,71.1,42,1/12/25 0:00
235,Colgate,PL,-5.82,101.7,244,107.5,215,66.3,253,1/12/25 0:00
236,Stephen F. Austin,Slnd,-5.84,93.1,354,98.9,62,66.9,226,1/12/25 0:00
237,Vermont,AE,-5.84,96.8,330,102.6,115,62.9,356,1/12/25 0:00
238,Robert Morris,Horz,-5.99,99.9,283,105.9,174,69.6,98,1/12/25 0:00
239,Nebraska Omaha,Sum,-6.04,104.7,192,110.8,277,68,184,1/12/25 0:00
240,Missouri St.,MVC,-6.08,101.8,240,107.9,220,64.1,344,1/12/25 0:00
,,,,,Strength of Schedule,NCSOS,,,,1/12/25 0:00
Rk,Team,Conf,NetRtg,ORtg,DRtg,AdjT,Luck,NetRtg,ORtg,1/12/25 0:00
241,Little Rock,OVC,-6.29,95.9,334,102.2,108,68.1,179,1/12/25 0:00
242,Idaho St.,BSky,-6.32,101.6,246,107.9,221,65.7,274,1/12/25 0:00
243,Charlotte,Amer,-6.37,104.7,193,111.1,284,65.5,287,1/12/25 0:00
244,Southern Illinois,MVC,-6.6,101.7,245,108.3,225,69.5,105,1/12/25 0:00
245,UTSA,Amer,-6.71,104.3,201,111,283,71.7,32,1/12/25 0:00
246,Bethune Cookman,SWAC,-6.72,96.8,329,103.6,128,69,128,1/12/25 0:00
247,Hampton,CAA,-6.79,101.2,255,108,222,65.5,285,1/12/25 0:00
248,Gardner Webb,BSth,-6.89,102.5,228,109.4,248,70,82,1/12/25 0:00
249,Portland St.,BSky,-6.91,99.9,280,106.8,201,69.9,84,1/12/25 0:00
250,Cal Poly,BW,-6.93,104.6,197,111.5,295,74.8,1,1/12/25 0:00
251,Saint Peter's,MAAC,-7.05,98.1,316,105.1,155,62.7,357,1/12/25 0:00
252,South Dakota,Sum,-7.11,110.8,84,117.9,356,73.9,6,1/12/25 0:00
253,UC Davis,BW,-7.52,94.7,342,102.2,107,70.9,47,1/12/25 0:00
254,Eastern Washington,BSky,-7.54,103.4,214,111,281,68.1,181,1/12/25 0:00
255,SIUE,OVC,-7.55,97.7,321,105.2,159,65.5,286,1/12/25 0:00
256,Idaho,BSky,-7.67,106.6,159,114.3,339,66.1,257,1/12/25 0:00
257,American,PL,-7.93,102.3,231,110.2,269,63.9,347,1/12/25 0:00
258,Albany,AE,-7.96,102.8,224,110.8,276,69.1,126,1/12/25 0:00
259,Campbell,CAA,-7.96,98.9,301,106.8,200,67.1,223,1/12/25 0:00
260,Harvard,Ivy,-8.04,99.7,287,107.8,219,66.5,246,1/12/25 0:00
261,Fresno St.,MWC,-8.06,98.3,310,106.4,187,74.1,4,1/12/25 0:00
262,Bucknell,PL,-8.07,94.1,348,102.2,106,68.2,178,1/12/25 0:00
263,Lafayette,PL,-8.14,97.9,319,106.1,181,66.7,239,1/12/25 0:00
264,Northern Arizona,BSky,-8.17,102.2,236,110.4,272,67.9,191,1/12/25 0:00
265,Presbyterian,BSth,-8.27,103,220,111.3,291,64.5,335,1/12/25 0:00
266,Incarnate Word,Slnd,-8.7,105.4,182,114.1,335,65.2,303,1/12/25 0:00
267,Northwestern St.,Slnd,-8.83,101.5,249,110.3,271,64.7,332,1/12/25 0:00
268,Evansville,MVC,-8.84,95,340,103.9,137,66.2,255,1/12/25 0:00
269,North Dakota,Sum,-8.96,106.3,164,115.3,344,69,127,1/12/25 0:00
270,Lehigh,PL,-8.98,100.8,263,109.8,258,68.6,152,1/12/25 0:00
271,Southern Miss,SB,-8.99,100.1,277,109.1,242,70.1,78,1/12/25 0:00
272,Monmouth,CAA,-9.25,101.3,251,110.6,273,66.8,235,1/12/25 0:00
273,Morehead St.,OVC,-9.32,99.5,290,108.8,236,66.1,260,1/12/25 0:00
274,Southeast Missouri,OVC,-9.34,97.7,322,107,205,69.4,106,1/12/25 0:00
275,Iona,MAAC,-9.36,96.7,331,106,180,70.6,64,1/12/25 0:00
276,Sacred Heart,MAAC,-9.36,102.5,227,111.9,301,69.8,90,1/12/25 0:00
277,Alabama St.,SWAC,-9.37,104.8,191,114.1,338,69.3,114,1/12/25 0:00
278,Siena,MAAC,-9.43,98.3,313,107.7,218,65.9,264,1/12/25 0:00
279,Jackson St.,SWAC,-9.5,95.2,339,104.7,147,69.9,88,1/12/25 0:00
280,Utah Tech,WAC,-9.53,99.9,282,109.4,251,67.5,209,1/12/25 0:00
,,,,,Strength of Schedule,NCSOS,,,,1/12/25 0:00
Rk,Team,Conf,NetRtg,ORtg,DRtg,AdjT,Luck,NetRtg,ORtg,1/12/25 0:00
281,Tarleton St.,WAC,-9.59,94.6,343,104.2,141,65.9,263,1/12/25 0:00
282,Tulsa,Amer,-9.71,100.1,279,109.8,259,67.8,196,1/12/25 0:00
283,Bowling Green,MAC,-9.72,101.8,242,111.5,293,70.5,67,1/12/25 0:00
284,Georgia Southern,SB,-9.82,98.6,306,108.4,227,71.8,29,1/12/25 0:00
285,Tennessee Martin,OVC,-9.92,98.8,304,108.7,233,67,225,1/12/25 0:00
286,Howard,MEAC,-10.09,106.7,157,116.8,355,69.1,122,1/12/25 0:00
287,Charleston Southern,BSth,-10.11,101.5,248,111.6,297,69.1,123,1/12/25 0:00
288,Dartmouth,Ivy,-10.28,98.3,312,108.6,229,71.1,43,1/12/25 0:00
289,Boston University,PL,-10.29,98.4,309,108.7,231,63.1,354,1/12/25 0:00
290,Old Dominion,SB,-10.36,99.2,294,109.6,254,67.5,210,1/12/25 0:00
291,Georgia St.,SB,-10.38,99.8,286,110.2,265,69.5,101,1/12/25 0:00
292,Manhattan,MAAC,-10.38,105.3,183,115.7,349,69.6,97,1/12/25 0:00
293,Coastal Carolina,SB,-10.44,100.7,265,111.1,288,63,355,1/12/25 0:00
294,Long Beach St.,BW,-10.49,102.6,226,113.1,323,64.2,342,1/12/25 0:00
295,San Diego,WCC,-10.6,95.9,335,106.5,191,71.1,41,1/12/25 0:00
296,Army,PL,-11.1,100.5,271,111.6,296,68.6,154,1/12/25 0:00
297,Tennessee Tech,OVC,-11.17,99.1,295,110.3,270,68.8,147,1/12/25 0:00
298,Loyola MD,PL,-11.18,100.6,267,111.8,299,67.5,206,1/12/25 0:00
299,Pacific,WCC,-11.23,101.2,256,112.4,314,67.9,193,1/12/25 0:00
300,Niagara,MAAC,-11.3,101.1,258,112.4,313,65.3,300,1/12/25 0:00
301,Western Michigan,MAC,-11.35,100.7,266,112,305,67.5,212,1/12/25 0:00
302,Tennessee St.,OVC,-11.41,98.1,317,109.5,253,72,23,1/12/25 0:00
303,Austin Peay,ASun,-11.54,93.8,350,105.4,167,65.4,292,1/12/25 0:00
304,Air Force,MWC,-11.68,98.5,308,110.2,266,64.3,338,1/12/25 0:00
305,Navy,PL,-11.91,101.5,250,113.4,326,68.2,171,1/12/25 0:00
306,LIU,NEC,-12.17,95.3,338,107.5,212,66.4,247,1/12/25 0:00
307,Stonehill,NEC,-12.2,99.9,284,112.1,307,65.6,276,1/12/25 0:00
308,North Carolina Central,MEAC,-12.27,101.9,239,114.1,337,66.7,237,1/12/25 0:00
309,Delaware St.,MEAC,-12.31,98.9,299,111.2,289,70.2,75,1/12/25 0:00
310,Penn,Ivy,-12.35,100.7,264,113.1,321,65.8,268,1/12/25 0:00
311,Portland,WCC,-12.47,99.9,281,112.4,311,69.2,115,1/12/25 0:00
312,North Carolina A&T,CAA,-12.76,99.6,288,112.4,310,73.2,10,1/12/25 0:00
313,Holy Cross,PL,-12.8,102.3,234,115.1,343,65.5,288,1/12/25 0:00
314,Fairfield,MAAC,-12.9,102.4,229,115.3,345,66.5,244,1/12/25 0:00
315,Texas Southern,SWAC,-12.94,94.6,344,107.5,214,71,46,1/12/25 0:00
316,Houston Christian,Slnd,-13.02,100.6,268,113.6,329,65.6,279,1/12/25 0:00
317,Fairleigh Dickinson,NEC,-13.02,101.8,241,114.8,341,70.2,77,1/12/25 0:00
318,Louisiana,SB,-13.45,100.4,272,113.9,331,67.4,213,1/12/25 0:00
319,Eastern Michigan,MAC,-13.5,100.8,262,114.3,340,68.5,158,1/12/25 0:00
320,IU Indy,Horz,-13.6,104.5,199,118.1,357,65.1,315,1/12/25 0:00
,,,,,Strength of Schedule,NCSOS,,,,1/12/25 0:00
Rk,Team,Conf,NetRtg,ORtg,DRtg,AdjT,Luck,NetRtg,ORtg,1/12/25 0:00
321,Binghamton,AE,-13.66,100.2,276,113.9,332,65.2,305,1/12/25 0:00
322,Oral Roberts,Sum,-13.83,105.2,185,119.1,360,69,134,1/12/25 0:00
323,Prairie View A&M,SWAC,-13.95,102.3,235,116.2,353,71.6,34,1/12/25 0:00
324,Grambling St.,SWAC,-14.02,95.6,337,109.6,256,66.1,261,1/12/25 0:00
325,VMI,SC,-14.26,98,318,112.3,309,68.1,180,1/12/25 0:00
326,Cal St. Fullerton,BW,-14.49,97.4,325,111.9,302,65.8,267,1/12/25 0:00
327,Southern Indiana,OVC,-14.55,96.6,332,111.1,286,67.4,214,1/12/25 0:00
328,Saint Francis,NEC,-14.59,98.8,303,113.4,325,68,183,1/12/25 0:00
329,Lindenwood,OVC,-14.89,93.8,349,108.7,234,69.7,93,1/12/25 0:00
330,Green Bay,Horz,-14.93,100.6,269,115.5,347,69.9,86,1/12/25 0:00
331,Western Carolina,SC,-15,93.8,351,108.8,235,71.9,25,1/12/25 0:00
332,Buffalo,MAC,-15.13,98.3,311,113.4,327,70.9,54,1/12/25 0:00
333,Detroit Mercy,Horz,-15.55,96,333,111.5,294,67.5,211,1/12/25 0:00
334,Wagner,NEC,-15.61,90.7,361,106.3,185,61.5,362,1/12/25 0:00
335,Rider,MAAC,-15.66,99.4,291,115,342,64.2,343,1/12/25 0:00
336,USC Upstate,BSth,-16.25,97.7,320,113.9,334,72.8,16,1/12/25 0:00
337,Stony Brook,CAA,-16.27,99.4,293,115.6,348,65.5,289,1/12/25 0:00
338,Stetson,ASun,-16.37,100.3,275,116.7,354,68.4,162,1/12/25 0:00
339,Eastern Illinois,OVC,-16.38,94.3,347,110.7,274,66.9,227,1/12/25 0:00
340,Central Arkansas,ASun,-16.4,95,341,111.4,292,67.6,204,1/12/25 0:00
341,Alcorn St.,SWAC,-16.62,97.3,326,113.9,333,65.6,278,1/12/25 0:00
342,West Georgia,ASun,-16.71,97,328,113.7,330,67.9,189,1/12/25 0:00
343,Western Illinois,OVC,-16.79,99.4,292,116.2,352,63.4,349,1/12/25 0:00
344,Denver,Sum,-16.99,98.5,307,115.5,346,67.1,224,1/12/25 0:00
345,Morgan St.,MEAC,-17.43,101.2,254,118.7,359,71.6,35,1/12/25 0:00
346,Louisiana Monroe,SB,-17.48,94.6,345,112.1,306,68.4,163,1/12/25 0:00
347,Sacramento St.,BSky,-17.58,92.5,356,110.1,264,64.6,333,1/12/25 0:00
348,Le Moyne,NEC,-17.64,95.7,336,113.3,324,69.5,104,1/12/25 0:00
349,East Texas A&M,Slnd,-18.42,93.4,352,111.8,298,69.1,124,1/12/25 0:00
350,New Orleans,Slnd,-18.85,97.3,327,116.1,351,69.9,87,1/12/25 0:00
351,Canisius,MAAC,-19.26,101.8,243,121,362,65.6,281,1/12/25 0:00
352,Bellarmine,ASun,-19.48,102.3,232,121.8,363,66.1,259,1/12/25 0:00
353,The Citadel,SC,-19.58,93.3,353,112.9,320,65.1,317,1/12/25 0:00
354,Mercyhurst,NEC,-19.61,94.5,346,114.1,336,64.4,336,1/12/25 0:00
355,NJIT,AE,-19.89,91.1,359,111,282,65.3,301,1/12/25 0:00
356,Northern Illinois,MAC,-20.14,92.6,355,112.7,318,70.7,60,1/12/25 0:00
357,Florida A&M,SWAC,-20.51,91.4,358,111.9,300,69.2,119,1/12/25 0:00
358,Maryland Eastern Shore,MEAC,-20.73,97.6,323,118.4,358,67.6,202,1/12/25 0:00
359,Chicago St.,NEC,-20.97,89,362,110,263,69.2,116,1/12/25 0:00
360,Alabama A&M,SWAC,-21.29,92.3,357,113.6,328,72.1,20,1/12/25 0:00
,,,,,Strength of Schedule,NCSOS,,,,1/12/25 0:00
Rk,Team,Conf,NetRtg,ORtg,DRtg,AdjT,Luck,NetRtg,ORtg,1/12/25 0:00
361,New Hampshire,AE,-21.82,90.8,360,112.6,317,67.8,194,1/12/25 0:00
362,Coppin St.,MEAC,-23.83,87,363,110.8,278,68.5,156,1/12/25 0:00
363,Arkansas Pine Bluff,SWAC,-24.32,99.1,296,123.4,364,72.8,14,1/12/25 0:00
364,Mississippi Valley St.,SWAC,-35.55,85,364,120.5,361,65.3,298,1/12/25 0:00
1,Auburn,SEC,36.03,130.6,1,94.6,17,68.2,171,1/13/25 0:00
2,Duke,ACC,35.67,123.5,7,87.8,2,65.8,270,1/13/25 0:00
3,Houston,B12,34.31,120.6,14,86.3,1,62.2,361,1/13/25 0:00
4,Iowa St.,B12,31.32,123.5,6,92.1,10,69.4,104,1/13/25 0:00
5,Florida,SEC,30.14,123.4,8,93.3,14,70,80,1/13/25 0:00
6,Tennessee,SEC,29.3,117.4,26,88.1,3,64.9,322,1/13/25 0:00
7,Kansas,B12,28.42,117,32,88.5,4,68.9,141,1/13/25 0:00
8,Alabama,SEC,27.94,125.1,2,97.2,39,74.7,2,1/13/25 0:00
9,Gonzaga,WCC,26.88,124,4,97.1,37,70.5,65,1/13/25 0:00
10,Michigan,B10,26.21,121,13,94.8,18,71,46,1/13/25 0:00
11,Marquette,BE,25.86,119.5,18,93.6,15,68.3,169,1/13/25 0:00
12,Purdue,B10,25.69,123.3,9,97.6,44,65.4,290,1/13/25 0:00
13,Illinois,B10,25.18,117.8,24,92.6,11,73,13,1/13/25 0:00
14,Michigan St.,B10,24.81,117.5,25,92.7,12,69,135,1/13/25 0:00
15,Arizona,B12,24.07,120,16,96,27,70.8,55,1/13/25 0:00
16,Texas A&M,SEC,24.01,117.1,30,93.1,13,67.2,220,1/13/25 0:00
17,Texas Tech,B12,23.97,122.9,10,98.9,54,65.8,266,1/13/25 0:00
18,Baylor,B12,23.08,120.4,15,97.4,40,65.5,284,1/13/25 0:00
19,St. John's,BE,22.76,114.6,50,91.9,6,70.8,58,1/13/25 0:00
20,Mississippi St.,SEC,22.76,119.9,17,97.2,38,68.3,170,1/13/25 0:00
21,Kentucky,SEC,22.74,124.1,3,101.3,87,71.7,30,1/13/25 0:00
22,Maryland,B10,22.61,117.9,22,95.3,21,69.7,94,1/13/25 0:00
23,Wisconsin,B10,22.52,121.5,12,99,58,68.4,164,1/13/25 0:00
24,Mississippi,SEC,21.66,117.1,31,95.4,22,67.7,198,1/13/25 0:00
25,Oregon,B10,21.08,118.6,20,97.5,41,68.7,149,1/13/25 0:00
26,Connecticut,BE,21.05,123.8,5,102.8,112,64.9,321,1/13/25 0:00
27,Pittsburgh,ACC,19.82,118.5,21,98.7,52,68.2,176,1/13/25 0:00
28,Saint Mary's,WCC,19.3,116,38,96.7,32,63.2,351,1/13/25 0:00
29,Clemson,ACC,19.2,115.9,41,96.7,31,65.1,313,1/13/25 0:00
30,North Carolina,ACC,19.16,116.7,34,97.6,43,73.1,11,1/13/25 0:00
31,UCLA,B10,18.93,110.8,94,91.9,9,66.5,244,1/13/25 0:00
32,Ohio St.,B10,18.83,115.9,40,97,36,68.5,157,1/13/25 0:00
33,Memphis,Amer,18.2,114.8,48,96.6,30,70.9,53,1/13/25 0:00
34,Louisville,ACC,18,115.8,42,97.8,45,68.6,151,1/13/25 0:00
35,Georgia,SEC,17.91,111.9,73,94,16,67.1,221,1/13/25 0:00
36,San Diego St.,MWC,17.66,109,122,91.3,5,66.2,253,1/13/25 0:00
37,Texas,SEC,17.36,116,39,98.6,51,67.3,218,1/13/25 0:00
38,Cincinnati,B12,17.21,109.1,119,91.9,7,65.1,309,1/13/25 0:00
39,Missouri,SEC,17.12,117.2,28,100.1,70,68.2,175,1/13/25 0:00
40,Iowa,B10,17.08,119.1,19,102,96,72.1,20,1/13/25 0:00
,,,,,Strength of Schedule,NCSOS,,,,1/13/25 0:00
Rk,Team,Conf,NetRtg,ORtg,DRtg,AdjT,Luck,NetRtg,ORtg,1/13/25 0:00
41,Nebraska,B10,16.99,111.8,74,94.8,20,68.9,138,1/13/25 0:00
42,West Virginia,B12,16.8,111.6,78,94.8,19,65.1,311,1/13/25 0:00
43,Utah St.,MWC,16.34,117.3,27,101,80,69.4,108,1/13/25 0:00
44,Oklahoma,SEC,16.32,117.9,23,101.6,90,67.6,201,1/13/25 0:00
45,VCU,A10,16.18,112.1,69,95.9,25,66.7,234,1/13/25 0:00
46,Creighton,BE,16.16,114,55,97.9,46,69.1,120,1/13/25 0:00
47,BYU,B12,16.1,116.8,33,100.7,76,67.7,196,1/13/25 0:00
48,Villanova,BE,16.1,122.5,11,106.4,178,63.6,348,1/13/25 0:00
49,Arkansas,SEC,15.86,111.8,75,96,26,69.5,98,1/13/25 0:00
50,Penn St.,B10,15.25,114.9,47,99.6,64,71.9,25,1/13/25 0:00
51,SMU,ACC,15.18,117.1,29,102,95,70.3,72,1/13/25 0:00
52,Vanderbilt,SEC,15.05,115.8,43,100.7,77,70.9,49,1/13/25 0:00
53,Xavier,BE,14.86,114.1,54,99.2,60,69.3,110,1/13/25 0:00
54,Dayton,A10,14.73,116.2,36,101.5,88,66.1,260,1/13/25 0:00
55,Northwestern,B10,14.6,111.4,81,96.8,34,65.3,297,1/13/25 0:00
56,Indiana,B10,14.36,112.4,63,98.1,49,70,81,1/13/25 0:00
57,Boise St.,MWC,14.12,115.8,44,101.6,91,66.8,232,1/13/25 0:00
58,New Mexico,MWC,14.02,112,72,98,48,73.5,8,1/13/25 0:00
59,UC Irvine,BW,13.96,105.9,178,91.9,8,69.4,106,1/13/25 0:00
60,Arizona St.,B12,13.72,110.2,103,96.4,28,67.9,184,1/13/25 0:00
61,Nevada,MWC,13.31,113.5,57,100.2,72,63.1,353,1/13/25 0:00
62,North Texas,Amer,12.69,110.2,101,97.5,42,62.4,358,1/13/25 0:00
63,Georgetown,BE,12.37,108,138,95.6,23,68.9,140,1/13/25 0:00
64,UC San Diego,BW,12,112,71,100,69,66.3,250,1/13/25 0:00
65,Oregon St.,WCC,11.98,112.9,60,100.9,78,65,319,1/13/25 0:00
66,Florida St.,ACC,11.85,111.1,90,99.2,59,70.1,76,1/13/25 0:00
67,McNeese,Slnd,11.58,111.2,86,99.6,62,65.5,283,1/13/25 0:00
68,USC,B10,11.56,111.2,85,99.6,63,68.4,160,1/13/25 0:00
69,Liberty,CUSA,11.4,109.3,113,97.9,47,64.9,323,1/13/25 0:00
70,Santa Clara,WCC,11.38,114.4,52,103,116,69,132,1/13/25 0:00
71,LSU,SEC,11.14,110.1,104,99,57,68.9,137,1/13/25 0:00
72,South Carolina,SEC,10.79,109.6,111,98.8,53,65.8,271,1/13/25 0:00
73,Drake,MVC,10.68,109.7,110,99,55,60.4,364,1/13/25 0:00
74,TCU,B12,10.67,106.5,166,95.8,24,66.8,230,1/13/25 0:00
75,UCF,B12,10.38,111.4,82,101,81,70.8,56,1/13/25 0:00
76,Utah,B12,10.37,111.6,79,101.2,85,70.8,57,1/13/25 0:00
77,St. Bonaventure,A10,10.32,110.2,100,99.9,68,64.4,335,1/13/25 0:00
78,Yale,Ivy,10.22,114.1,53,103.9,128,67.9,190,1/13/25 0:00
79,Wake Forest,ACC,10.16,107.1,158,96.9,35,66.6,241,1/13/25 0:00
80,Colorado St.,MWC,10.13,108.7,127,98.6,50,67.6,199,1/13/25 0:00
,,,,,Strength of Schedule,NCSOS,,,,1/13/25 0:00
Rk,Team,Conf,NetRtg,ORtg,DRtg,AdjT,Luck,NetRtg,ORtg,1/13/25 0:00
81,San Francisco,WCC,9.87,110.8,93,101,79,67.6,202,1/13/25 0:00
82,Notre Dame,ACC,9.86,115.4,45,105.6,158,65.1,310,1/13/25 0:00
83,Providence,BE,9.58,112.1,68,102.5,105,65.4,292,1/13/25 0:00
84,Washington St.,WCC,9.54,111.3,84,101.8,93,71.7,31,1/13/25 0:00
85,Butler,BE,9.16,111.1,87,102,97,67.9,188,1/13/25 0:00
86,Colorado,B12,9.1,108.8,125,99.7,65,68.4,161,1/13/25 0:00
87,George Mason,A10,9.06,105.8,179,96.8,33,65.3,299,1/13/25 0:00
88,Lipscomb,ASun,8.86,109.9,108,101,82,66.5,243,1/13/25 0:00
89,Stanford,ACC,8.73,114,56,105.3,153,67.3,216,1/13/25 0:00
90,Rutgers,B10,8.59,109.7,109,101.1,84,70.4,69,1/13/25 0:00
91,Saint Joseph's,A10,8.45,108.4,133,99.9,67,69.4,107,1/13/25 0:00
92,N.C. State,ACC,8.05,110.4,98,102.3,102,65,320,1/13/25 0:00
93,Washington,B10,7.68,108.1,137,100.4,75,69.2,117,1/13/25 0:00
94,Bradley,MVC,7.44,110.1,106,102.6,109,65.7,273,1/13/25 0:00
95,Arkansas St.,SB,7.14,109.5,112,102.4,104,69.8,90,1/13/25 0:00
96,Kansas St.,B12,6.37,109.1,118,102.8,111,68.3,168,1/13/25 0:00
97,Grand Canyon,WAC,6.32,106.5,168,100.2,71,72.5,17,1/13/25 0:00
98,High Point,BSth,6.22,116.2,37,110,255,66.7,236,1/13/25 0:00
99,Florida Atlantic,Amer,6.14,112.1,67,106,173,71.3,36,1/13/25 0:00
100,Rhode Island,A10,6.03,106.2,173,100.2,73,71.3,37,1/13/25 0:00
101,Northern Iowa,MVC,5.99,112.5,61,106.5,183,65.2,304,1/13/25 0:00
102,Samford,SC,5.7,115.1,46,109.4,239,70.9,51,1/13/25 0:00
103,Georgia Tech,ACC,5.21,106.7,163,101.5,89,70.6,63,1/13/25 0:00
104,George Washington,A10,4.95,107.9,141,102.9,113,69,134,1/13/25 0:00
105,UNLV,MWC,4.92,110.2,102,105.3,154,65.5,280,1/13/25 0:00
106,Murray St.,MVC,4.83,107.8,144,103,114,65.1,315,1/13/25 0:00
107,North Dakota St.,Sum,4.8,116.3,35,111.5,285,65.2,306,1/13/25 0:00
108,Oklahoma St.,B12,4.7,105.7,181,101,83,71,44,1/13/25 0:00
109,UAB,Amer,4.69,113.3,58,108.6,225,70,79,1/13/25 0:00
110,Davidson,A10,4.61,111,91,106.4,179,66.4,248,1/13/25 0:00
111,South Alabama,SB,4.46,106.8,162,102.3,101,63.2,352,1/13/25 0:00
112,Syracuse,ACC,4.38,109.2,115,104.8,144,70.4,70,1/13/25 0:00
113,Furman,SC,4.33,107.4,154,103.1,118,65.3,298,1/13/25 0:00
114,Minnesota,B10,4.3,106.6,165,102.3,100,62.4,359,1/13/25 0:00
115,St. Thomas,Sum,4.29,114.4,51,110.2,259,69,130,1/13/25 0:00
116,Princeton,Ivy,4.18,110.6,97,106.4,181,67.8,194,1/13/25 0:00
117,Saint Louis,A10,4.13,111.6,77,107.4,206,67.5,207,1/13/25 0:00
118,Kent St.,MAC,4.04,100.6,277,96.6,29,65.6,275,1/13/25 0:00
119,Akron,MAC,3.83,108.9,124,105.1,150,71.8,26,1/13/25 0:00
120,Temple,Amer,3.8,108,139,104.2,136,70.4,67,1/13/25 0:00
,,,,,Strength of Schedule,NCSOS,,,,1/13/25 0:00
Rk,Team,Conf,NetRtg,ORtg,DRtg,AdjT,Luck,NetRtg,ORtg,1/13/25 0:00
121,Middle Tennessee,CUSA,3.76,107.6,149,103.8,125,69.7,92,1/13/25 0:00
122,Louisiana Tech,CUSA,3.72,109.1,120,105.3,155,65.4,296,1/13/25 0:00
123,Troy,SB,3.66,106.9,160,103.2,119,65.9,262,1/13/25 0:00
124,South Dakota St.,Sum,3.49,109.2,116,105.7,163,69.8,89,1/13/25 0:00
125,UNC Greensboro,SC,3.29,107.3,155,104.1,132,64.3,340,1/13/25 0:00
126,New Mexico St.,CUSA,3.28,106.9,161,103.6,120,66.4,247,1/13/25 0:00
127,DePaul,BE,3.26,108.6,129,105.3,156,68.5,155,1/13/25 0:00
128,Western Kentucky,CUSA,3.17,103,227,99.8,66,74.3,3,1/13/25 0:00
129,California,ACC,2.78,112.4,64,109.6,247,68.7,150,1/13/25 0:00
130,Charleston,CAA,2.48,106.2,175,103.7,121,72.8,14,1/13/25 0:00
131,Cornell,Ivy,2.46,113.1,59,110.6,266,71.1,38,1/13/25 0:00
132,Northern Colorado,BSky,2.39,111,92,108.6,224,70.3,71,1/13/25 0:00
133,Purdue Fort Wayne,Horz,2.28,112,70,109.8,250,69.1,124,1/13/25 0:00
134,UC Santa Barbara,BW,2.25,107.8,146,105.5,157,64.8,326,1/13/25 0:00
135,Appalachian St.,SB,2.22,103.5,218,101.3,86,65,317,1/13/25 0:00
136,Virginia,ACC,2.22,104.3,210,102,99,60.6,363,1/13/25 0:00
137,Wichita St.,Amer,2.19,108.4,134,106.2,174,71,45,1/13/25 0:00
138,Belmont,MVC,2.09,111.4,80,109.3,238,71.8,27,1/13/25 0:00
139,Miami FL,ACC,2.06,114.7,49,112.7,308,67.7,195,1/13/25 0:00
140,East Tennessee St.,SC,1.87,108.7,128,106.8,186,66.6,240,1/13/25 0:00
141,North Alabama,ASun,1.76,108.8,126,107,194,67.5,209,1/13/25 0:00
142,Loyola Marymount,WCC,1.72,104.4,207,102.7,110,68.2,174,1/13/25 0:00
143,UNC Wilmington,CAA,1.69,108.2,136,106.5,182,66.4,246,1/13/25 0:00
144,Loyola Chicago,A10,1.46,105.8,180,104.3,139,68.3,167,1/13/25 0:00
145,Wofford,SC,1.32,111.1,89,109.7,248,64.8,325,1/13/25 0:00
146,Illinois St.,MVC,1.14,110.6,96,109.5,241,65.4,288,1/13/25 0:00
147,Utah Valley,WAC,1.11,101.4,257,100.3,74,69.2,112,1/13/25 0:00
148,Norfolk St.,MEAC,1,107.9,142,106.9,190,66.7,238,1/13/25 0:00
149,Illinois Chicago,MVC,0.96,108,140,107,196,69.3,111,1/13/25 0:00
150,Sam Houston St.,CUSA,0.96,112.5,62,111.5,284,69.5,102,1/13/25 0:00
151,James Madison,SB,0.86,108.5,131,107.6,209,66.9,228,1/13/25 0:00
152,CSUN,BW,0.85,105.7,183,104.8,145,73.4,9,1/13/25 0:00
153,Duquesne,A10,0.83,104.8,200,104,130,64.3,339,1/13/25 0:00
154,Seton Hall,BE,0.83,102.7,230,101.9,94,64,346,1/13/25 0:00
155,South Florida,Amer,0.79,108.2,135,107.4,205,68.4,162,1/13/25 0:00
156,Texas A&M Corpus Chris,Slnd,0.76,109.9,107,109.1,236,69,136,1/13/25 0:00
157,Texas St.,SB,0.6,109,121,108.4,223,65.9,265,1/13/25 0:00
158,Seattle,WAC,0.54,106.5,167,106,170,66.8,231,1/13/25 0:00
159,Ohio,MAC,0.48,107.6,147,107.2,199,70.6,62,1/13/25 0:00
160,Jacksonville,ASun,0.47,102.5,237,102,98,68.6,154,1/13/25 0:00
,,,,,Strength of Schedule,NCSOS,,,,1/13/25 0:00
Rk,Team,Conf,NetRtg,ORtg,DRtg,AdjT,Luck,NetRtg,ORtg,1/13/25 0:00
161,Virginia Tech,ACC,0.44,106.2,176,105.7,165,64.8,327,1/13/25 0:00
162,UMass Lowell,AE,0.42,110.3,99,109.9,253,70.9,52,1/13/25 0:00
163,Milwaukee,Horz,0.42,104.7,202,104.2,137,69.7,96,1/13/25 0:00
164,UTEP,CUSA,0.41,104.2,211,103.8,123,68.5,159,1/13/25 0:00
165,Miami OH,MAC,0.4,107.4,151,107,198,69.1,118,1/13/25 0:00
166,Hawaii,BW,0.18,105.4,187,105.2,151,66.2,255,1/13/25 0:00
167,Cal Baptist,WAC,0.13,108.9,123,108.8,227,66.3,249,1/13/25 0:00
168,Wyoming,MWC,0.04,103.8,214,103.7,122,65,318,1/13/25 0:00
169,East Carolina,Amer,0,105,196,105,148,67.3,217,1/13/25 0:00
170,Elon,CAA,-0.03,106.3,171,106.3,176,64.7,330,1/13/25 0:00
171,La Salle,A10,-0.09,106.2,174,106.3,177,70.7,60,1/13/25 0:00
172,Jacksonville St.,CUSA,-0.23,110.1,105,110.4,262,65.5,281,1/13/25 0:00
173,Chattanooga,SC,-0.29,112.2,66,112.5,307,66.9,227,1/13/25 0:00
174,Florida Gulf Coast,ASun,-0.33,107.6,150,107.9,212,65.7,274,1/13/25 0:00
175,Tulane,Amer,-0.65,105.1,194,105.7,164,68.1,179,1/13/25 0:00
176,Radford,BSth,-0.71,108.6,130,109.3,237,64.2,341,1/13/25 0:00
177,Bryant,AE,-0.74,105.2,189,105.9,168,73.9,5,1/13/25 0:00
178,UNC Asheville,BSth,-0.95,112.2,65,113.2,319,68.1,178,1/13/25 0:00
179,Cleveland St.,Horz,-1.04,104.6,203,105.7,161,66.5,242,1/13/25 0:00
180,Hofstra,CAA,-1.09,97.9,323,99,56,64.3,336,1/13/25 0:00
181,Wright St.,Horz,-1.21,107.8,145,109,231,67.6,203,1/13/25 0:00
182,Rice,Amer,-1.25,103.3,224,104.6,141,65.3,300,1/13/25 0:00
183,Oakland,Horz,-1.34,106.3,170,107.6,208,62.3,360,1/13/25 0:00
184,UC Riverside,BW,-1.41,104.6,205,106,171,67.9,186,1/13/25 0:00
185,William & Mary,CAA,-1.47,111.4,83,112.8,312,71.1,39,1/13/25 0:00
186,Winthrop,BSth,-1.47,107.4,153,108.9,230,73,12,1/13/25 0:00
187,Columbia,Ivy,-1.6,110.7,95,112.3,303,68.3,166,1/13/25 0:00
188,Drexel,CAA,-1.84,103.4,221,105.2,152,64.1,344,1/13/25 0:00
189,Merrimack,MAAC,-1.88,100.7,274,102.6,107,64.8,324,1/13/25 0:00
190,Towson,CAA,-1.88,104.3,208,106.2,175,63.2,350,1/13/25 0:00
191,San Jose St.,MWC,-1.97,107.6,148,109.6,244,65.7,272,1/13/25 0:00
192,Montana St.,BSky,-2.01,103.6,217,105.6,160,67.3,215,1/13/25 0:00
193,Indiana St.,MVC,-2.03,109.2,117,111.2,278,73.5,7,1/13/25 0:00
194,Marshall,SB,-2.22,104.6,204,106.8,188,68.9,139,1/13/25 0:00
195,Boston College,ACC,-2.26,105.4,186,107.7,210,66.9,226,1/13/25 0:00
196,Lamar,Slnd,-2.65,101.3,259,104,129,66.7,233,1/13/25 0:00
197,Longwood,BSth,-2.65,104.3,209,107,193,69.2,116,1/13/25 0:00
198,Pepperdine,WCC,-2.69,103.9,212,106.6,184,69.9,85,1/13/25 0:00
199,UT Arlington,WAC,-2.74,107.8,143,110.6,265,70.1,77,1/13/25 0:00
200,Kennesaw St.,CUSA,-2.79,104.9,198,107.7,211,72,22,1/13/25 0:00
,,,,,Strength of Schedule,NCSOS,,,,1/13/25 0:00
Rk,Team,Conf,NetRtg,ORtg,DRtg,AdjT,Luck,NetRtg,ORtg,1/13/25 0:00
201,Northeastern,CAA,-2.82,101.9,246,104.7,143,68.8,143,1/13/25 0:00
202,Youngstown St.,Horz,-3.14,98.6,314,101.8,92,70.6,64,1/13/25 0:00
203,Valparaiso,MVC,-3.22,106.2,172,109.5,240,68.8,145,1/13/25 0:00
204,Nicholls,Slnd,-3.56,103.4,222,106.9,192,69,128,1/13/25 0:00
205,Brown,Ivy,-3.58,104.5,206,108,216,65.1,312,1/13/25 0:00
206,Massachusetts,A10,-3.79,103.8,215,107.6,207,71.6,35,1/13/25 0:00
207,Marist,MAAC,-4,100.9,269,104.9,147,64.5,334,1/13/25 0:00
208,UT Rio Grande Valley,Slnd,-4.05,107.2,156,111.2,279,69.2,114,1/13/25 0:00
209,Quinnipiac,MAAC,-4.16,98.8,308,103,115,71,43,1/13/25 0:00
210,Richmond,A10,-4.2,102.7,233,106.9,191,65.4,294,1/13/25 0:00
211,Delaware,CAA,-4.24,109.3,114,113.5,323,70.9,50,1/13/25 0:00
212,Montana,BSky,-4.41,105.2,188,109.6,245,69.5,100,1/13/25 0:00
213,Toledo,MAC,-4.45,108.4,132,112.9,314,70.7,61,1/13/25 0:00
214,Southern Utah,WAC,-4.5,103.4,219,107.9,215,69.7,95,1/13/25 0:00
215,North Florida,ASun,-4.5,111.7,76,116.2,350,72.2,18,1/13/25 0:00
216,Southeastern Louisiana,Slnd,-4.61,100.2,283,104.9,146,68.2,173,1/13/25 0:00
217,Central Connecticut,NEC,-4.64,99.2,302,103.8,124,64.8,328,1/13/25 0:00
218,Northern Kentucky,Horz,-4.83,99.3,297,104.1,134,64.7,329,1/13/25 0:00
219,Mount St. Mary's,MAAC,-4.83,99.6,293,104.4,140,68.8,142,1/13/25 0:00
220,Abilene Christian,WAC,-4.94,99.2,303,104.1,133,68.8,147,1/13/25 0:00
221,Queens,ASun,-4.96,105.2,190,110.1,257,69.9,83,1/13/25 0:00
222,Southern,SWAC,-5.04,99.3,300,104.3,138,68.8,144,1/13/25 0:00
223,Central Michigan,MAC,-5.04,100.5,280,105.6,159,67.5,206,1/13/25 0:00
224,Eastern Kentucky,ASun,-5.15,106.1,177,111.3,280,69,125,1/13/25 0:00
225,Weber St.,BSky,-5.25,106.4,169,111.7,289,65.6,277,1/13/25 0:00
226,Maine,AE,-5.26,100.7,271,106,172,67.9,191,1/13/25 0:00
227,Cal St. Bakersfield,BW,-5.29,105.1,193,110.3,261,65.4,289,1/13/25 0:00
228,FIU,CUSA,-5.36,98.5,316,103.8,126,70.3,73,1/13/25 0:00
229,Little Rock,OVC,-5.36,97,332,102.4,103,67.9,183,1/13/25 0:00
230,Kansas City,Sum,-5.37,101.7,252,107,197,65.2,308,1/13/25 0:00
231,UMBC,AE,-5.39,107.4,152,112.8,313,71.8,28,1/13/25 0:00
232,South Carolina St.,MEAC,-5.48,101.7,251,107.2,200,68.7,148,1/13/25 0:00
233,Robert Morris,Horz,-5.56,100.3,282,105.8,167,69.8,91,1/13/25 0:00
234,Mercer,SC,-5.63,102.7,229,108.4,222,72,23,1/13/25 0:00
235,Fordham,A10,-5.75,101.5,255,107.3,203,71.1,40,1/13/25 0:00
236,Ball St.,MAC,-5.76,103.9,213,109.6,246,67.9,185,1/13/25 0:00
237,Vermont,AE,-5.8,97.2,329,103.1,117,62.9,356,1/13/25 0:00
238,Stephen F. Austin,Slnd,-5.81,93.5,354,99.3,61,66.9,225,1/13/25 0:00
239,Colgate,PL,-5.82,102.1,241,107.9,214,66.3,251,1/13/25 0:00
240,Nebraska Omaha,Sum,-6.08,105.1,192,111.2,277,68,182,1/13/25 0:00
,,,,,Strength of Schedule,NCSOS,,,,1/13/25 0:00
Rk,Team,Conf,NetRtg,ORtg,DRtg,AdjT,Luck,NetRtg,ORtg,1/13/25 0:00
241,Missouri St.,MVC,-6.08,102.2,239,108.3,219,64.1,345,1/13/25 0:00
242,Idaho St.,BSky,-6.35,102,244,108.3,221,65.6,276,1/13/25 0:00
243,Saint Peter's,MAAC,-6.38,97.7,327,104,131,62.9,357,1/13/25 0:00
244,UTSA,Amer,-6.66,104.7,201,111.4,283,71.7,32,1/13/25 0:00
245,Southern Illinois,MVC,-6.67,102,243,108.7,226,69.5,103,1/13/25 0:00
246,Bethune Cookman,SWAC,-6.75,97.1,330,103.9,127,69,129,1/13/25 0:00
247,Hampton,CAA,-6.81,101.5,254,108.3,220,65.5,285,1/13/25 0:00
248,Charlotte,Amer,-6.86,105,195,111.9,292,65.2,305,1/13/25 0:00
249,Gardner Webb,BSth,-6.93,102.8,228,109.8,249,70,82,1/13/25 0:00
250,Portland St.,BSky,-6.94,100.3,281,107.2,202,69.9,84,1/13/25 0:00
251,Cal Poly,BW,-6.97,105,197,111.9,295,74.8,1,1/13/25 0:00
252,South Dakota,Sum,-7.24,111.1,88,118.3,356,73.8,6,1/13/25 0:00
253,UC Davis,BW,-7.52,95.1,343,102.6,108,70.9,48,1/13/25 0:00
254,SIUE,OVC,-7.57,98.1,319,105.7,162,65.5,286,1/13/25 0:00
255,Eastern Washington,BSky,-7.59,103.8,216,111.3,281,68,181,1/13/25 0:00
256,Idaho,BSky,-7.73,106.9,159,114.7,338,66.1,257,1/13/25 0:00
257,Campbell,CAA,-7.92,99.3,298,107.2,201,67.1,222,1/13/25 0:00
258,American,PL,-7.93,102.7,232,110.6,268,63.9,347,1/13/25 0:00
259,Albany,AE,-7.95,103.1,225,111.1,275,69,126,1/13/25 0:00
260,Harvard,Ivy,-8.02,100.1,286,108.2,217,66.4,245,1/13/25 0:00
261,Fresno St.,MWC,-8.08,98.7,312,106.8,185,74.1,4,1/13/25 0:00
262,Bucknell,PL,-8.12,94.4,349,102.5,106,68.2,177,1/13/25 0:00
263,Lafayette,PL,-8.12,98.3,318,106.4,180,66.7,237,1/13/25 0:00
264,Northern Arizona,BSky,-8.19,102.6,235,110.8,272,67.9,189,1/13/25 0:00
265,Presbyterian,BSth,-8.26,103.4,220,111.7,290,64.5,333,1/13/25 0:00
266,Incarnate Word,Slnd,-8.68,105.7,182,114.4,335,65.2,307,1/13/25 0:00
267,Evansville,MVC,-8.78,95.4,340,104.2,135,66.2,252,1/13/25 0:00
268,Northwestern St.,Slnd,-8.83,101.9,247,110.7,271,64.7,331,1/13/25 0:00
269,Lehigh,PL,-8.87,101.3,258,110.2,260,68.6,152,1/13/25 0:00
270,North Dakota,Sum,-8.96,106.7,164,115.7,345,69,127,1/13/25 0:00
271,Southern Miss,SB,-8.97,100.5,279,109.5,242,70.1,75,1/13/25 0:00
272,Sacred Heart,MAAC,-9.04,103.3,223,112.4,304,69.7,97,1/13/25 0:00
273,Morehead St.,OVC,-9.22,99.9,290,109.1,235,66.1,258,1/13/25 0:00
274,Monmouth,CAA,-9.25,101.7,250,111,273,66.7,235,1/13/25 0:00
275,Southeast Missouri,OVC,-9.3,98,322,107.3,204,69.4,105,1/13/25 0:00
276,Iona,MAAC,-9.32,96.6,334,105.9,169,70.4,68,1/13/25 0:00
277,Alabama St.,SWAC,-9.38,105.1,191,114.5,337,69.2,115,1/13/25 0:00
278,Tulsa,Amer,-9.41,100.7,272,110.1,258,67.4,213,1/13/25 0:00
279,Jackson St.,SWAC,-9.48,95.6,339,105,149,69.8,88,1/13/25 0:00
280,Siena,MAAC,-9.49,98.8,309,108.3,218,65.9,264,1/13/25 0:00
,,,,,Strength of Schedule,NCSOS,,,,1/13/25 0:00
Rk,Team,Conf,NetRtg,ORtg,DRtg,AdjT,Luck,NetRtg,ORtg,1/13/25 0:00
281,Utah Tech,WAC,-9.58,100.2,285,109.8,252,67.5,208,1/13/25 0:00
282,Tarleton St.,WAC,-9.6,95,344,104.6,142,65.9,263,1/13/25 0:00
283,Bowling Green,MAC,-9.76,102.1,240,111.9,293,70.5,66,1/13/25 0:00
284,Georgia Southern,SB,-9.86,99,305,108.8,228,71.8,29,1/13/25 0:00
285,Tennessee Martin,OVC,-9.89,99.1,304,109,232,67,224,1/13/25 0:00
286,Howard,MEAC,-10.09,107.1,157,117.2,355,69.1,123,1/13/25 0:00
287,Dartmouth,Ivy,-10.12,98.7,310,108.9,229,71.1,42,1/13/25 0:00
288,Charleston Southern,BSth,-10.19,101.8,248,112,297,69.1,121,1/13/25 0:00
289,Manhattan,MAAC,-10.21,105.7,184,115.9,346,69.5,101,1/13/25 0:00
290,Boston University,PL,-10.29,98.7,311,109,233,63.1,354,1/13/25 0:00
291,Old Dominion,SB,-10.37,99.6,294,109.9,254,67.5,210,1/13/25 0:00
292,Coastal Carolina,SB,-10.42,101.1,262,111.5,286,63,355,1/13/25 0:00
293,Georgia St.,SB,-10.43,100.1,287,110.5,264,69.5,99,1/13/25 0:00
294,San Diego,WCC,-10.47,96.4,336,106.8,189,71.1,41,1/13/25 0:00
295,Long Beach St.,BW,-10.49,103,226,113.5,322,64.2,343,1/13/25 0:00
296,Stonehill,NEC,-10.94,100.7,273,111.6,288,65.4,291,1/13/25 0:00
297,Army,PL,-11.01,101,267,112,296,68.6,153,1/13/25 0:00
298,Loyola MD,PL,-11.2,100.9,268,112.1,298,67.6,204,1/13/25 0:00
299,LIU,NEC,-11.26,95.7,338,107,195,66.1,256,1/13/25 0:00
300,Pacific,WCC,-11.26,101.5,256,112.8,311,67.8,193,1/13/25 0:00
301,Tennessee Tech,OVC,-11.28,99.4,296,110.7,269,68.8,146,1/13/25 0:00
302,Tennessee St.,OVC,-11.33,98.4,317,109.8,251,72,21,1/13/25 0:00
303,Western Michigan,MAC,-11.43,101.1,264,112.5,306,67.4,214,1/13/25 0:00
304,Austin Peay,ASun,-11.51,94.2,351,105.7,166,65.4,293,1/13/25 0:00
305,Air Force,MWC,-11.74,98.8,307,110.6,267,64.3,337,1/13/25 0:00
306,Niagara,MAAC,-11.81,101.1,263,112.9,315,65.4,295,1/13/25 0:00
307,Navy,PL,-11.86,101.9,245,113.8,325,68.2,172,1/13/25 0:00
308,North Carolina Central,MEAC,-12.23,102.2,238,114.5,336,66.7,239,1/13/25 0:00
309,Penn,Ivy,-12.28,101.1,261,113.4,321,65.8,268,1/13/25 0:00
310,Delaware St.,MEAC,-12.31,99.3,299,111.6,287,70.2,74,1/13/25 0:00
311,Portland,WCC,-12.5,100.2,284,112.7,310,69.2,113,1/13/25 0:00
312,North Carolina A&T,CAA,-12.72,100,289,112.7,309,73.1,10,1/13/25 0:00
313,Holy Cross,PL,-12.81,102.7,234,115.5,343,65.5,282,1/13/25 0:00
314,Texas Southern,SWAC,-12.94,95,345,107.9,213,71,47,1/13/25 0:00
315,Houston Christian,Slnd,-12.98,101,265,114,329,65.6,279,1/13/25 0:00
316,Fairfield,MAAC,-13.27,102,242,115.3,341,66.2,254,1/13/25 0:00
317,Louisiana,SB,-13.38,100.8,270,114.2,331,67.4,212,1/13/25 0:00
318,Fairleigh Dickinson,NEC,-13.51,101.8,249,115.3,342,70.1,78,1/13/25 0:00
319,Eastern Michigan,MAC,-13.54,101.2,260,114.7,339,68.5,158,1/13/25 0:00
320,IU Indy,Horz,-13.59,104.9,199,118.5,357,65.1,314,1/13/25 0:00
,,,,,Strength of Schedule,NCSOS,,,,1/13/25 0:00
Rk,Team,Conf,NetRtg,ORtg,DRtg,AdjT,Luck,NetRtg,ORtg,1/13/25 0:00
321,Binghamton,AE,-13.61,100.6,275,114.2,333,65.3,302,1/13/25 0:00
322,Oral Roberts,Sum,-13.79,105.6,185,119.4,360,69,131,1/13/25 0:00
323,Prairie View A&M,SWAC,-13.92,102.7,231,116.6,353,71.6,33,1/13/25 0:00
324,Grambling St.,SWAC,-13.99,96,337,110,256,66,261,1/13/25 0:00
325,Saint Francis,NEC,-14,99.2,301,113.2,320,68,180,1/13/25 0:00
326,Western Carolina,SC,-14.41,95.1,342,109.5,243,71.9,24,1/13/25 0:00
327,Cal St. Fullerton,BW,-14.55,97.7,325,112.3,302,65.8,267,1/13/25 0:00
328,Lindenwood,OVC,-14.75,94.3,350,109.1,234,69.7,93,1/13/25 0:00
329,Green Bay,Horz,-14.96,101,266,115.9,348,69.9,87,1/13/25 0:00
330,Rider,MAAC,-15.05,100.1,288,115.1,340,64.3,338,1/13/25 0:00
331,Buffalo,MAC,-15.11,98.7,313,113.8,326,70.8,54,1/13/25 0:00
332,VMI,SC,-15.35,98.5,315,113.9,327,67.7,197,1/13/25 0:00
333,Southern Indiana,OVC,-15.4,96.8,333,112.2,300,67.2,219,1/13/25 0:00
334,Detroit Mercy,Horz,-15.55,96.4,335,111.9,294,67.5,211,1/13/25 0:00
335,Wagner,NEC,-15.73,91.1,361,106.8,187,61.5,362,1/13/25 0:00
336,Stony Brook,CAA,-16.17,99.8,291,116,349,65.5,287,1/13/25 0:00
337,USC Upstate,BSth,-16.2,98.1,321,114.3,334,72.8,16,1/13/25 0:00
338,Central Arkansas,ASun,-16.38,95.4,341,111.8,291,67.6,205,1/13/25 0:00
339,Stetson,ASun,-16.41,100.6,276,117,354,68.4,163,1/13/25 0:00
340,Eastern Illinois,OVC,-16.43,94.6,348,111.1,274,66.9,229,1/13/25 0:00
341,Alcorn St.,SWAC,-16.55,97.7,326,114.2,332,65.6,278,1/13/25 0:00
342,Le Moyne,NEC,-16.56,97.1,331,113.7,324,69.3,109,1/13/25 0:00
343,Western Illinois,OVC,-16.76,99.8,292,116.5,352,63.4,349,1/13/25 0:00
344,West Georgia,ASun,-16.82,97.3,328,114.1,330,67.9,187,1/13/25 0:00
345,Denver,Sum,-16.99,98.9,306,115.9,347,67.1,223,1/13/25 0:00
346,Louisiana Monroe,SB,-17.45,95,346,112.4,305,68.3,165,1/13/25 0:00
347,Morgan St.,MEAC,-17.47,101.6,253,119,359,71.6,34,1/13/25 0:00
348,Sacramento St.,BSky,-17.7,92.8,356,110.5,263,64.6,332,1/13/25 0:00
349,East Texas A&M,Slnd,-18.36,93.8,352,112.2,299,69.1,122,1/13/25 0:00
350,New Orleans,Slnd,-18.68,97.8,324,116.5,351,69.9,86,1/13/25 0:00
351,The Citadel,SC,-19.53,93.7,353,113.2,318,65,316,1/13/25 0:00
352,Bellarmine,ASun,-19.6,102.5,236,122.1,363,66.1,259,1/13/25 0:00
353,NJIT,AE,-19.9,91.5,359,111.4,282,65.2,303,1/13/25 0:00
354,Canisius,MAAC,-20.04,100.6,278,120.6,361,65.8,269,1/13/25 0:00
355,Northern Illinois,MAC,-20.17,92.9,355,113.1,317,70.7,59,1/13/25 0:00
356,Florida A&M,SWAC,-20.53,91.7,358,112.3,301,69.1,119,1/13/25 0:00
357,Maryland Eastern Shore,MEAC,-20.65,98.1,320,118.7,358,67.6,200,1/13/25 0:00
358,Mercyhurst,NEC,-20.69,94.9,347,115.6,344,64.2,342,1/13/25 0:00
359,Alabama A&M,SWAC,-21.17,92.7,357,113.9,328,72.1,19,1/13/25 0:00
360,New Hampshire,AE,-21.73,91.3,360,113,316,67.9,192,1/13/25 0:00
,,,,,Strength of Schedule,NCSOS,,,,1/13/25 0:00
Rk,Team,Conf,NetRtg,ORtg,DRtg,AdjT,Luck,NetRtg,ORtg,1/13/25 0:00
361,Chicago St.,NEC,-22.32,88.3,362,110.7,270,69,133,1/13/25 0:00
362,Coppin St.,MEAC,-23.8,87.4,363,111.2,276,68.5,156,1/13/25 0:00
363,Arkansas Pine Bluff,SWAC,-24.3,99.4,295,123.7,364,72.8,15,1/13/25 0:00
364,Mississippi Valley St.,SWAC,-35.52,85.4,364,120.9,362,65.3,301,1/13/25 0:00
1,Auburn,SEC,36.05,130.7,1,94.7,17,68.1,171,1/14/25 0:00
2,Duke,ACC,35.78,123.5,7,87.8,2,65.7,272,1/14/25 0:00
3,Houston,B12,34.36,120.7,14,86.4,1,62.1,361,1/14/25 0:00
4,Iowa St.,B12,31.32,123.5,6,92.2,9,69.4,104,1/14/25 0:00
5,Florida,SEC,30.13,123.4,8,93.2,14,70,80,1/14/25 0:00
6,Tennessee,SEC,29.24,117.5,25,88.2,3,64.8,322,1/14/25 0:00
7,Kansas,B12,28.33,117,32,88.6,4,68.8,139,1/14/25 0:00
8,Alabama,SEC,28.01,125.3,2,97.3,38,74.6,2,1/14/25 0:00
9,Gonzaga,WCC,26.86,124,4,97.1,37,70.5,65,1/14/25 0:00
10,Michigan,B10,26.16,121,13,94.8,18,70.9,46,1/14/25 0:00
11,Marquette,BE,25.82,119.5,18,93.7,15,68.2,169,1/14/25 0:00
12,Purdue,B10,25.75,123.3,9,97.6,42,65.3,295,1/14/25 0:00
13,Illinois,B10,25.17,117.9,23,92.7,10,72.9,14,1/14/25 0:00
14,Michigan St.,B10,24.84,117.6,24,92.7,11,68.9,136,1/14/25 0:00
15,Texas A&M,SEC,24.04,117.2,29,93.2,13,67.1,221,1/14/25 0:00
16,Arizona,B12,24,120,17,96,25,70.8,53,1/14/25 0:00
17,Texas Tech,B12,23.86,123,10,99.2,59,65.7,267,1/14/25 0:00
18,Baylor,B12,23.06,120.5,15,97.5,40,65.4,283,1/14/25 0:00
19,Mississippi St.,SEC,22.8,120.2,16,97.4,39,68.1,170,1/14/25 0:00
20,St. John's,BE,22.77,114.7,50,91.9,7,70.7,58,1/14/25 0:00
21,Kentucky,SEC,22.75,124.2,3,101.4,87,71.6,30,1/14/25 0:00
22,Wisconsin,B10,22.57,121.7,12,99.1,56,68.3,163,1/14/25 0:00
23,Mississippi,SEC,21.71,117.2,31,95.4,21,67.6,200,1/14/25 0:00
24,Maryland,B10,21.64,117.4,26,95.8,23,70.2,72,1/14/25 0:00
25,Connecticut,BE,21.06,123.9,5,102.9,110,64.8,321,1/14/25 0:00
26,Oregon,B10,20.94,118.6,20,97.6,43,68.6,147,1/14/25 0:00
27,Pittsburgh,ACC,19.82,118.6,21,98.7,51,68.1,173,1/14/25 0:00
28,Saint Mary's,WCC,19.3,116.1,39,96.8,32,63.1,351,1/14/25 0:00
29,North Carolina,ACC,19.23,116.8,34,97.5,41,73.1,10,1/14/25 0:00
30,Clemson,ACC,19.19,115.9,42,96.7,31,65,310,1/14/25 0:00
31,Ohio St.,B10,18.82,115.9,41,97.1,36,68.4,159,1/14/25 0:00
32,Memphis,Amer,18.2,114.9,48,96.7,30,70.8,52,1/14/25 0:00
33,Louisville,ACC,18.02,115.9,43,97.9,45,68.6,149,1/14/25 0:00
34,Georgia,SEC,17.98,112,73,94,16,67,222,1/14/25 0:00
35,UCLA,B10,17.88,110.9,94,93,12,66.1,254,1/14/25 0:00
36,San Diego St.,MWC,17.65,109.1,121,91.4,5,66.2,252,1/14/25 0:00
37,Texas,SEC,17.38,116.1,38,98.8,52,67.2,218,1/14/25 0:00
38,Iowa,B10,17.22,119.3,19,102.1,98,72.1,20,1/14/25 0:00
39,Cincinnati,B12,17.21,109.1,122,91.9,6,65.1,309,1/14/25 0:00
40,Missouri,SEC,17.05,117.2,28,100.2,70,68.1,174,1/14/25 0:00
,,,,,Strength of Schedule,NCSOS,,,,1/14/25 0:00
Rk,Team,Conf,NetRtg,ORtg,DRtg,AdjT,Luck,NetRtg,ORtg,1/14/25 0:00
41,Nebraska,B10,16.93,112,75,95,20,68.9,135,1/14/25 0:00
42,West Virginia,B12,16.76,111.7,79,94.9,19,65,312,1/14/25 0:00
43,Oklahoma,SEC,16.39,118.2,22,101.8,91,67.6,199,1/14/25 0:00
44,Utah St.,MWC,16.37,117.4,27,101,80,69.3,109,1/14/25 0:00
45,Creighton,BE,16.16,114.1,55,98,47,69.1,121,1/14/25 0:00
46,VCU,A10,16.08,112.2,71,96.1,27,66.7,232,1/14/25 0:00
47,BYU,B12,16.07,116.8,33,100.7,76,67.6,197,1/14/25 0:00
48,Villanova,BE,16.04,122.5,11,106.5,177,63.4,348,1/14/25 0:00
49,Arkansas,SEC,15.85,111.9,76,96.1,26,69.5,99,1/14/25 0:00
50,Penn St.,B10,15.3,115,47,99.7,62,71.9,25,1/14/25 0:00
51,SMU,ACC,15.13,117.2,30,102.1,97,70.3,69,1/14/25 0:00
52,Vanderbilt,SEC,15.09,115.9,44,100.8,77,70.8,49,1/14/25 0:00
53,Xavier,BE,14.93,114.2,53,99.3,61,69.2,113,1/14/25 0:00
54,Dayton,A10,14.74,116.3,36,101.6,89,66,260,1/14/25 0:00
55,Northwestern,B10,14.6,111.5,81,96.9,34,65.3,297,1/14/25 0:00
56,Indiana,B10,14.45,112.5,65,98.1,49,69.9,82,1/14/25 0:00
57,Boise St.,MWC,14.12,115.8,45,101.7,90,66.7,229,1/14/25 0:00
58,New Mexico,MWC,14.02,112,74,97.9,46,73.4,8,1/14/25 0:00
59,UC Irvine,BW,13.97,105.9,179,92,8,69.3,106,1/14/25 0:00
60,Arizona St.,B12,13.71,110.3,103,96.6,28,67.9,184,1/14/25 0:00
61,Nevada,MWC,13.35,113.6,57,100.3,72,63.1,353,1/14/25 0:00
62,North Texas,Amer,12.72,110.4,101,97.7,44,62.2,360,1/14/25 0:00
63,Georgetown,BE,12.4,108.1,138,95.7,22,68.8,137,1/14/25 0:00
64,McNeese,Slnd,12.01,111,92,99,53,65.9,262,1/14/25 0:00
65,UC San Diego,BW,11.99,112.1,72,100.1,69,66.2,249,1/14/25 0:00
66,Oregon St.,WCC,11.97,113,60,101,78,64.9,318,1/14/25 0:00
67,Florida St.,ACC,11.83,111.1,91,99.3,60,70,77,1/14/25 0:00
68,USC,B10,11.6,111.3,87,99.7,63,68.3,162,1/14/25 0:00
69,Santa Clara,WCC,11.41,114.5,52,103.1,117,68.9,134,1/14/25 0:00
70,Liberty,CUSA,11.4,109.4,113,98,48,64.7,324,1/14/25 0:00
71,LSU,SEC,11.14,110.3,104,99.1,58,68.9,132,1/14/25 0:00
72,South Carolina,SEC,10.76,109.7,110,99,54,65.7,271,1/14/25 0:00
73,TCU,B12,10.68,106.6,167,95.9,24,66.8,226,1/14/25 0:00
74,Drake,MVC,10.6,109.7,111,99.1,55,60.3,364,1/14/25 0:00
75,Notre Dame,ACC,10.54,116,40,105.4,155,64.9,320,1/14/25 0:00
76,UCF,B12,10.36,111.4,82,101.1,82,70.7,57,1/14/25 0:00
77,Utah,B12,10.34,111.6,80,101.2,84,70.7,56,1/14/25 0:00
78,St. Bonaventure,A10,10.34,110.3,102,100,67,64.4,335,1/14/25 0:00
79,Yale,Ivy,10.26,114.2,54,103.9,128,67.8,191,1/14/25 0:00
80,Wake Forest,ACC,10.15,107.1,157,97,35,66.5,240,1/14/25 0:00
,,,,,Strength of Schedule,NCSOS,,,,1/14/25 0:00
Rk,Team,Conf,NetRtg,ORtg,DRtg,AdjT,Luck,NetRtg,ORtg,1/14/25 0:00
81,Colorado St.,MWC,10.13,108.8,127,98.7,50,67.6,201,1/14/25 0:00
82,San Francisco,WCC,9.9,110.9,93,101,79,67.5,202,1/14/25 0:00
83,Providence,BE,9.58,112.2,70,102.6,105,65.3,290,1/14/25 0:00
84,Washington St.,WCC,9.54,111.4,84,101.9,92,71.6,32,1/14/25 0:00
85,Rutgers,B10,9.39,110.7,97,101.3,85,70.2,74,1/14/25 0:00
86,Butler,BE,9.16,111.2,88,102.1,96,67.8,188,1/14/25 0:00
87,Colorado,B12,9.1,108.9,125,99.8,64,68.3,160,1/14/25 0:00
88,George Mason,A10,9.04,105.9,181,96.8,33,65.3,298,1/14/25 0:00
89,Lipscomb,ASun,8.96,110,108,101,81,66.4,244,1/14/25 0:00
90,Stanford,ACC,8.65,114.1,56,105.4,154,67.3,216,1/14/25 0:00
91,Saint Joseph's,A10,8.52,108.5,134,100,66,69.3,107,1/14/25 0:00
92,N.C. State,ACC,8.08,110.5,99,102.4,102,64.9,319,1/14/25 0:00
93,Washington,B10,7.58,108.1,137,100.5,75,69.1,118,1/14/25 0:00
94,Bradley,MVC,7.44,110.2,107,102.7,108,65.6,275,1/14/25 0:00
95,Arkansas St.,SB,7.07,109.6,112,102.5,104,69.7,90,1/14/25 0:00
96,Kansas St.,B12,6.39,109.3,116,102.9,112,68.2,168,1/14/25 0:00
97,Grand Canyon,WAC,6.26,106.5,168,100.3,71,72.5,17,1/14/25 0:00
98,High Point,BSth,6.21,116.3,37,110.1,256,66.7,233,1/14/25 0:00
99,Florida Atlantic,Amer,6.13,112.2,69,106.1,172,71.3,36,1/14/25 0:00
100,Rhode Island,A10,6.04,106.3,173,100.3,73,71.2,37,1/14/25 0:00
101,Northern Iowa,MVC,6,112.6,61,106.6,182,65.2,305,1/14/25 0:00
102,Samford,SC,5.74,115.3,46,109.5,240,70.8,55,1/14/25 0:00
103,Georgia Tech,ACC,5.25,106.8,164,101.6,88,70.5,63,1/14/25 0:00
104,Minnesota,B10,5.04,107,160,102,95,62.7,358,1/14/25 0:00
105,George Washington,A10,5.03,108,141,103,113,68.9,130,1/14/25 0:00
106,UNLV,MWC,4.89,110.3,105,105.4,153,65.5,280,1/14/25 0:00
107,Murray St.,MVC,4.82,107.9,144,103.1,115,65,315,1/14/25 0:00
108,North Dakota St.,Sum,4.81,116.4,35,111.6,285,65.1,307,1/14/25 0:00
109,UAB,Amer,4.76,113.5,58,108.7,224,70,79,1/14/25 0:00
110,Oklahoma St.,B12,4.71,105.8,182,101.1,83,70.9,45,1/14/25 0:00
111,Davidson,A10,4.57,111.2,90,106.6,181,66.3,247,1/14/25 0:00
112,South Alabama,SB,4.52,106.8,163,102.3,101,63.1,352,1/14/25 0:00
113,St. Thomas,Sum,4.44,114.6,51,110.1,257,68.9,129,1/14/25 0:00
114,Syracuse,ACC,4.33,109.2,118,104.9,145,70.3,70,1/14/25 0:00
115,Saint Louis,A10,4.27,111.7,78,107.4,203,67.5,204,1/14/25 0:00
116,Princeton,Ivy,4.08,110.6,98,106.5,180,67.7,194,1/14/25 0:00
117,Kent St.,MAC,4.08,100.7,274,96.6,29,65.6,278,1/14/25 0:00
118,Louisiana Tech,CUSA,3.77,109.2,119,105.5,156,65.3,299,1/14/25 0:00
119,Temple,Amer,3.76,108,140,104.3,136,70.4,67,1/14/25 0:00
120,Troy,SB,3.76,107,158,103.3,120,65.9,263,1/14/25 0:00
,,,,,Strength of Schedule,NCSOS,,,,1/14/25 0:00
Rk,Team,Conf,NetRtg,ORtg,DRtg,AdjT,Luck,NetRtg,ORtg,1/14/25 0:00
121,Middle Tennessee,CUSA,3.76,107.7,149,103.9,127,69.6,93,1/14/25 0:00
122,Akron,MAC,3.67,108.9,123,105.3,151,71.8,26,1/14/25 0:00
123,Wofford,SC,3.52,112.6,62,109.1,234,64.7,325,1/14/25 0:00
124,South Dakota St.,Sum,3.51,109.3,115,105.8,163,69.7,91,1/14/25 0:00
125,UNC Greensboro,SC,3.31,107.3,156,104,129,64.2,340,1/14/25 0:00
126,New Mexico St.,CUSA,3.29,107,161,103.7,121,66.3,246,1/14/25 0:00
127,DePaul,BE,3.2,108.7,129,105.5,157,68.5,155,1/14/25 0:00
128,Western Kentucky,CUSA,3.16,103.1,228,99.9,65,74.2,3,1/14/25 0:00
129,California,ACC,2.79,112.5,64,109.8,249,68.6,148,1/14/25 0:00
130,Charleston,CAA,2.58,106.3,175,103.7,122,72.8,15,1/14/25 0:00
131,Cornell,Ivy,2.47,113.1,59,110.7,266,71,40,1/14/25 0:00
132,Northern Colorado,BSky,2.41,111.2,89,108.8,226,70.2,71,1/14/25 0:00
133,Purdue Fort Wayne,Horz,2.32,112.3,68,109.9,253,69,124,1/14/25 0:00
134,Wichita St.,Amer,2.26,108.5,133,106.2,175,70.9,47,1/14/25 0:00
135,Virginia,ACC,2.23,104.4,211,102.2,99,60.5,363,1/14/25 0:00
136,Appalachian St.,SB,2.23,103.6,219,101.4,86,65,316,1/14/25 0:00
137,UC Santa Barbara,BW,2.18,107.8,146,105.6,158,64.7,326,1/14/25 0:00
138,Furman,SC,2.17,106.8,166,104.6,140,65.2,303,1/14/25 0:00
139,East Tennessee St.,SC,2.04,108.8,128,106.7,185,66.5,237,1/14/25 0:00
140,Belmont,MVC,1.99,111.4,83,109.4,239,71.7,27,1/14/25 0:00
141,Miami FL,ACC,1.98,114.8,49,112.8,308,67.7,195,1/14/25 0:00
142,North Alabama,ASun,1.91,108.9,124,107,192,67.4,206,1/14/25 0:00
143,Loyola Marymount,WCC,1.81,104.7,206,102.9,111,68.1,175,1/14/25 0:00
144,UNC Wilmington,CAA,1.67,108.2,136,106.5,178,66.3,245,1/14/25 0:00
145,Loyola Chicago,A10,1.46,105.9,180,104.4,137,68.2,167,1/14/25 0:00
146,Illinois St.,MVC,1.17,110.8,95,109.6,242,65.3,291,1/14/25 0:00
147,Utah Valley,WAC,1.1,101.5,254,100.4,74,69.2,114,1/14/25 0:00
148,Illinois Chicago,MVC,0.95,108,139,107.1,196,69.2,112,1/14/25 0:00
149,Sam Houston St.,CUSA,0.9,112.6,63,111.7,288,69.4,101,1/14/25 0:00
150,Seton Hall,BE,0.87,102.8,232,101.9,94,63.9,346,1/14/25 0:00
151,Texas A&M Corpus Chris,Slnd,0.87,109.9,109,109.1,232,69,123,1/14/25 0:00
152,CSUN,BW,0.84,105.8,183,104.9,146,73.3,9,1/14/25 0:00
153,Duquesne,A10,0.84,104.9,199,104.1,131,64.2,339,1/14/25 0:00
154,James Madison,SB,0.8,108.6,131,107.8,210,66.8,227,1/14/25 0:00
155,South Florida,Amer,0.79,108.5,135,107.7,207,68.3,161,1/14/25 0:00
156,Elon,CAA,0.71,107.4,154,106.7,184,64.6,330,1/14/25 0:00
157,Texas St.,SB,0.65,109.1,120,108.5,223,65.8,266,1/14/25 0:00
158,Milwaukee,Horz,0.53,104.8,201,104.2,135,69.6,95,1/14/25 0:00
159,Ohio,MAC,0.5,107.7,147,107.2,198,70.6,62,1/14/25 0:00
160,Seattle,WAC,0.45,106.5,170,106,170,66.7,230,1/14/25 0:00
,,,,,Strength of Schedule,NCSOS,,,,1/14/25 0:00
Rk,Team,Conf,NetRtg,ORtg,DRtg,AdjT,Luck,NetRtg,ORtg,1/14/25 0:00
161,UMass Lowell,AE,0.45,110.4,100,110,254,70.8,54,1/14/25 0:00
162,Virginia Tech,ACC,0.44,106.3,176,105.8,165,64.7,327,1/14/25 0:00
163,Miami OH,MAC,0.41,107.5,152,107.1,197,69.1,120,1/14/25 0:00
164,UTEP,CUSA,0.39,104.3,212,103.9,125,68.4,156,1/14/25 0:00
165,Jacksonville,ASun,0.35,102.5,236,102.2,100,68.5,153,1/14/25 0:00
166,Hawaii,BW,0.18,105.5,186,105.3,152,66,256,1/14/25 0:00
167,Wyoming,MWC,0.1,103.9,215,103.8,123,64.9,317,1/14/25 0:00
168,Cal Baptist,WAC,0.09,108.9,126,108.8,227,66.2,248,1/14/25 0:00
169,East Carolina,Amer,0.01,105.1,194,105.1,148,67.2,217,1/14/25 0:00
170,La Salle,A10,0,106.4,172,106.4,176,70.6,61,1/14/25 0:00
171,Norfolk St.,MEAC,-0.08,107.4,155,107.4,204,66.5,239,1/14/25 0:00
172,Jacksonville St.,CUSA,-0.22,110.2,106,110.5,263,65.5,282,1/14/25 0:00
173,Chattanooga,SC,-0.28,112.3,67,112.6,304,66.8,225,1/14/25 0:00
174,Florida Gulf Coast,ASun,-0.45,107.6,150,108,212,65.6,276,1/14/25 0:00
175,Tulane,Amer,-0.64,105.2,191,105.8,166,68,178,1/14/25 0:00
176,Bryant,AE,-0.71,105.3,188,106,168,73.8,5,1/14/25 0:00
177,Radford,BSth,-0.72,108.7,130,109.4,238,64.2,342,1/14/25 0:00
178,UNC Asheville,BSth,-0.95,112.3,66,113.3,318,68.1,176,1/14/25 0:00
179,Cleveland St.,Horz,-0.99,104.7,204,105.7,161,66.4,241,1/14/25 0:00
180,Hofstra,CAA,-1.16,98,322,99.1,57,64.3,336,1/14/25 0:00
181,Wright St.,Horz,-1.2,107.9,145,109.1,233,67.5,203,1/14/25 0:00
182,Rice,Amer,-1.24,103.6,220,104.8,143,65.2,301,1/14/25 0:00
183,Oakland,Horz,-1.34,106.4,171,107.7,208,62.2,359,1/14/25 0:00
184,UC Riverside,BW,-1.4,104.8,203,106.2,173,67.8,186,1/14/25 0:00
185,Winthrop,BSth,-1.45,107.5,153,108.9,230,73,13,1/14/25 0:00
186,William & Mary,CAA,-1.49,111.4,85,112.9,311,71,39,1/14/25 0:00
187,Columbia,Ivy,-1.66,110.7,96,112.4,301,68.3,165,1/14/25 0:00
188,Towson,CAA,-1.77,104.4,209,106.2,174,63.1,350,1/14/25 0:00
189,Drexel,CAA,-1.81,103.4,223,105.2,150,64,345,1/14/25 0:00
190,Merrimack,MAAC,-1.84,100.8,272,102.6,106,64.8,323,1/14/25 0:00
191,San Jose St.,MWC,-1.98,107.7,148,109.7,246,65.6,274,1/14/25 0:00
192,Montana St.,BSky,-2,103.7,218,105.7,160,67.3,215,1/14/25 0:00
193,Indiana St.,MVC,-2.04,109.2,117,111.3,277,73.5,7,1/14/25 0:00
194,Marshall,SB,-2.18,104.7,207,106.9,187,68.8,138,1/14/25 0:00
195,Longwood,BSth,-2.6,104.4,210,107,193,69.1,122,1/14/25 0:00
196,Pepperdine,WCC,-2.71,103.9,214,106.7,183,69.8,86,1/14/25 0:00
197,Kennesaw St.,CUSA,-2.72,105,196,107.8,209,72,22,1/14/25 0:00
198,UT Arlington,WAC,-2.75,107.9,143,110.7,267,70,78,1/14/25 0:00
199,Northeastern,CAA,-2.83,102,245,104.8,144,68.8,141,1/14/25 0:00
200,Nicholls,Slnd,-2.88,104.7,205,107.6,205,69.2,110,1/14/25 0:00
,,,,,Strength of Schedule,NCSOS,,,,1/14/25 0:00
Rk,Team,Conf,NetRtg,ORtg,DRtg,AdjT,Luck,NetRtg,ORtg,1/14/25 0:00
201,Boston College,ACC,-2.97,105.2,190,108.2,216,66.7,234,1/14/25 0:00
202,Youngstown St.,Horz,-3.19,98.7,313,101.9,93,70.5,64,1/14/25 0:00
203,Valparaiso,MVC,-3.22,106.3,174,109.6,241,68.7,145,1/14/25 0:00
204,Southeastern Louisiana,Slnd,-3.55,101,265,104.6,139,68,179,1/14/25 0:00
205,Brown,Ivy,-3.56,104.6,208,108.1,215,65,311,1/14/25 0:00
206,Massachusetts,A10,-3.79,103.8,217,107.6,206,71.5,34,1/14/25 0:00
207,Marist,MAAC,-4.02,101,266,105,147,64.4,334,1/14/25 0:00
208,Southern,SWAC,-4.06,99.1,303,103.2,118,69.1,116,1/14/25 0:00
209,Quinnipiac,MAAC,-4.14,98.9,306,103.1,114,70.9,44,1/14/25 0:00
210,Richmond,A10,-4.21,102.8,233,107,189,65.3,294,1/14/25 0:00
211,Delaware,CAA,-4.24,109.4,114,113.6,322,70.8,50,1/14/25 0:00
212,Montana,BSky,-4.41,105.3,187,109.7,247,69.4,100,1/14/25 0:00
213,Toledo,MAC,-4.44,108.5,132,112.9,312,70.6,60,1/14/25 0:00
214,Lamar,Slnd,-4.48,100.1,286,104.6,142,66.4,242,1/14/25 0:00
215,North Florida,ASun,-4.5,111.8,77,116.3,352,72.1,18,1/14/25 0:00
216,Southern Utah,WAC,-4.6,103.5,221,108.1,214,69.7,92,1/14/25 0:00
217,Central Connecticut,NEC,-4.63,99.3,300,103.9,126,64.7,328,1/14/25 0:00
218,UT Rio Grande Valley,Slnd,-4.83,106,178,110.8,272,68.5,152,1/14/25 0:00
219,Northern Kentucky,Horz,-4.85,99.4,297,104.2,132,64.6,329,1/14/25 0:00
220,Abilene Christian,WAC,-4.9,99.3,298,104.2,133,68.7,143,1/14/25 0:00
221,Queens,ASun,-4.96,105.3,189,110.2,258,69.9,84,1/14/25 0:00
222,Mount St. Mary's,MAAC,-4.97,99.6,295,104.6,138,68.7,142,1/14/25 0:00
223,Central Michigan,MAC,-5.01,100.6,277,105.6,159,67.4,207,1/14/25 0:00
224,Eastern Kentucky,ASun,-5.13,106.2,177,111.4,279,69,126,1/14/25 0:00
225,Maine,AE,-5.2,100.8,271,106,169,67.8,189,1/14/25 0:00
226,UMBC,AE,-5.22,107.5,151,112.8,307,71.7,28,1/14/25 0:00
227,Kansas City,Sum,-5.25,101.8,249,107.1,194,65.1,308,1/14/25 0:00
228,Weber St.,BSky,-5.25,106.5,169,111.8,289,65.6,279,1/14/25 0:00
229,Cal St. Bakersfield,BW,-5.31,105.1,193,110.4,262,65.4,289,1/14/25 0:00
230,FIU,CUSA,-5.36,98.5,316,103.9,124,70.2,73,1/14/25 0:00
231,Little Rock,OVC,-5.38,97.1,332,102.5,103,67.9,183,1/14/25 0:00
232,Robert Morris,Horz,-5.45,100.4,281,105.9,167,69.7,89,1/14/25 0:00
233,South Carolina St.,MEAC,-5.53,101.5,255,107,191,68.7,144,1/14/25 0:00
234,Mercer,SC,-5.64,102.8,230,108.5,222,71.9,23,1/14/25 0:00
235,Fordham,A10,-5.72,101.6,253,107.3,201,71,41,1/14/25 0:00
236,Ball St.,MAC,-5.76,104,213,109.7,248,67.9,185,1/14/25 0:00
237,Vermont,AE,-5.79,97.3,329,103.1,116,62.8,357,1/14/25 0:00
238,Colgate,PL,-5.83,102.2,241,108,211,66.2,250,1/14/25 0:00
239,Missouri St.,MVC,-6.13,102.2,240,108.4,219,64,344,1/14/25 0:00
240,Nebraska Omaha,Sum,-6.19,105.2,192,111.3,278,67.9,181,1/14/25 0:00
,,,,,Strength of Schedule,NCSOS,,,,1/14/25 0:00
Rk,Team,Conf,NetRtg,ORtg,DRtg,AdjT,Luck,NetRtg,ORtg,1/14/25 0:00
241,American,PL,-6.31,103.3,226,109.6,243,63.7,347,1/14/25 0:00
242,Saint Peter's,MAAC,-6.32,97.8,325,104.1,130,62.8,356,1/14/25 0:00
243,Idaho St.,BSky,-6.39,102,244,108.4,221,65.6,277,1/14/25 0:00
244,UTSA,Amer,-6.66,104.8,200,111.5,283,71.6,33,1/14/25 0:00
245,Southern Illinois,MVC,-6.67,102.1,243,108.8,225,69.4,103,1/14/25 0:00
246,Gardner Webb,BSth,-6.77,103,229,109.8,250,69.9,83,1/14/25 0:00
247,Portland St.,BSky,-6.81,100.4,280,107.2,199,69.9,85,1/14/25 0:00
248,Charlotte,Amer,-6.84,105.1,195,111.9,291,65.2,306,1/14/25 0:00
249,Hampton,CAA,-6.92,101.5,256,108.4,220,65.4,285,1/14/25 0:00
250,Stephen F. Austin,Slnd,-6.93,93.2,355,100.1,68,66.6,236,1/14/25 0:00
251,Cal Poly,BW,-7,105,198,112,293,74.8,1,1/14/25 0:00
252,South Dakota,Sum,-7.1,111.4,86,118.5,356,73.8,6,1/14/25 0:00
253,Bethune Cookman,SWAC,-7.45,95.8,338,103.2,119,69.2,111,1/14/25 0:00
254,SIUE,OVC,-7.56,98.2,319,105.8,162,65.4,286,1/14/25 0:00
255,Eastern Washington,BSky,-7.6,103.9,216,111.5,280,67.9,180,1/14/25 0:00
256,UC Davis,BW,-7.61,95.1,345,102.7,109,70.9,48,1/14/25 0:00
257,Idaho,BSky,-7.74,107,159,114.8,336,66,257,1/14/25 0:00
258,Albany,AE,-7.85,103.3,225,111.2,276,69,128,1/14/25 0:00
259,Bucknell,PL,-8.07,94.6,349,102.6,107,68.1,177,1/14/25 0:00
260,Fresno St.,MWC,-8.07,98.9,309,107,190,74,4,1/14/25 0:00
261,Harvard,Ivy,-8.08,100.2,284,108.3,217,66.4,243,1/14/25 0:00
262,Lafayette,PL,-8.09,98.4,318,106.5,179,66.6,235,1/14/25 0:00
263,Presbyterian,BSth,-8.22,103.4,224,111.6,286,64.4,333,1/14/25 0:00
264,Campbell,CAA,-8.23,99.8,292,108.1,213,67.1,219,1/14/25 0:00
265,Northern Arizona,BSky,-8.24,102.6,234,110.9,273,67.8,192,1/14/25 0:00
266,Northwestern St.,Slnd,-8.66,101.7,252,110.3,259,64.5,332,1/14/25 0:00
267,Evansville,MVC,-8.81,95.4,340,104.2,134,66.2,251,1/14/25 0:00
268,North Dakota,Sum,-8.9,106.9,162,115.8,346,69,127,1/14/25 0:00
269,Sacred Heart,MAAC,-9.03,103.4,222,112.5,302,69.6,96,1/14/25 0:00
270,Lehigh,PL,-9.04,101.3,257,110.4,261,68.6,150,1/14/25 0:00
271,Southern Miss,SB,-9.1,100.6,278,109.7,245,70.1,76,1/14/25 0:00
272,Morehead St.,OVC,-9.22,99.9,289,109.2,237,66,258,1/14/25 0:00
273,Incarnate Word,Slnd,-9.22,106.8,165,116,350,65.3,293,1/14/25 0:00
274,Southeast Missouri,OVC,-9.29,98.1,321,107.4,202,69.4,105,1/14/25 0:00
275,Monmouth,CAA,-9.29,101.7,250,111,274,66.7,231,1/14/25 0:00
276,Iona,MAAC,-9.33,96.7,334,106,171,70.4,68,1/14/25 0:00
277,Siena,MAAC,-9.4,98.9,308,108.3,218,65.8,265,1/14/25 0:00
278,Tulsa,Amer,-9.45,100.9,269,110.3,260,67.3,214,1/14/25 0:00
279,Utah Tech,WAC,-9.56,100.3,282,109.9,252,67.4,208,1/14/25 0:00
280,Tarleton St.,WAC,-9.64,95,347,104.6,141,65.8,264,1/14/25 0:00
,,,,,Strength of Schedule,NCSOS,,,,1/14/25 0:00
Rk,Team,Conf,NetRtg,ORtg,DRtg,AdjT,Luck,NetRtg,ORtg,1/14/25 0:00
281,Bowling Green,MAC,-9.68,102.3,239,111.9,292,70.4,66,1/14/25 0:00
282,Jackson St.,SWAC,-9.78,95.4,342,105.2,149,69.8,88,1/14/25 0:00
283,Georgia Southern,SB,-9.85,99.1,304,108.9,228,71.7,29,1/14/25 0:00
284,Tennessee Martin,OVC,-9.92,99.2,302,109.1,236,67,224,1/14/25 0:00
285,Howard,MEAC,-9.99,108,142,118,355,69.1,117,1/14/25 0:00
286,Alabama St.,SWAC,-10.07,104.8,202,114.8,337,69,125,1/14/25 0:00
287,Dartmouth,Ivy,-10.11,98.8,312,108.9,229,71,42,1/14/25 0:00
288,Boston University,PL,-10.21,98.8,311,109,231,63,354,1/14/25 0:00
289,Manhattan,MAAC,-10.24,105.7,184,116,348,69.4,102,1/14/25 0:00
290,Charleston Southern,BSth,-10.36,101.8,248,112.2,298,69.1,119,1/14/25 0:00
291,Coastal Carolina,SB,-10.42,101.1,263,111.6,284,62.9,355,1/14/25 0:00
292,Georgia St.,SB,-10.42,100.2,285,110.6,265,69.5,98,1/14/25 0:00
293,Old Dominion,SB,-10.44,99.6,294,110.1,255,67.4,210,1/14/25 0:00
294,San Diego,WCC,-10.47,96.5,335,106.9,188,71,43,1/14/25 0:00
295,Long Beach St.,BW,-10.5,103.1,227,113.6,321,64.1,343,1/14/25 0:00
296,Stonehill,NEC,-10.74,100.9,268,111.6,287,65.4,284,1/14/25 0:00
297,Army,PL,-11.11,101,267,112.1,296,68.5,151,1/14/25 0:00
298,LIU,NEC,-11.27,95.8,337,107.1,195,66,255,1/14/25 0:00
299,Pacific,WCC,-11.28,101.7,251,113,313,67.7,193,1/14/25 0:00
300,Tennessee St.,OVC,-11.31,98.5,317,109.8,251,72,21,1/14/25 0:00
301,Tennessee Tech,OVC,-11.33,99.5,296,110.8,270,68.8,140,1/14/25 0:00
302,Western Michigan,MAC,-11.4,101.2,262,112.6,303,67.3,213,1/14/25 0:00
303,Austin Peay,ASun,-11.5,94.3,351,105.8,164,65.3,292,1/14/25 0:00
304,Air Force,MWC,-11.73,98.9,307,110.7,268,64.3,337,1/14/25 0:00
305,Niagara,MAAC,-11.8,101.2,261,113,314,65.3,296,1/14/25 0:00
306,Navy,PL,-11.87,101.9,246,113.8,325,68.1,172,1/14/25 0:00
307,Texas Southern,SWAC,-11.91,95.4,341,107.3,200,71.1,38,1/14/25 0:00
308,Penn,Ivy,-12.24,101.2,260,113.5,320,65.7,270,1/14/25 0:00
309,North Carolina Central,MEAC,-12.31,102.4,237,114.7,335,66.5,238,1/14/25 0:00
310,Delaware St.,MEAC,-12.47,99.3,299,111.8,290,70.1,75,1/14/25 0:00
311,Portland,WCC,-12.51,100.3,283,112.8,310,69.2,115,1/14/25 0:00
312,North Carolina A&T,CAA,-12.64,100.1,287,112.7,306,73.1,11,1/14/25 0:00
313,Holy Cross,PL,-12.8,102.8,231,115.6,344,65.5,281,1/14/25 0:00
314,Loyola MD,PL,-12.88,99.9,291,112.8,309,67.4,209,1/14/25 0:00
315,Houston Christian,Slnd,-13.12,100.5,279,113.7,324,66,261,1/14/25 0:00
316,Fairfield,MAAC,-13.28,102.1,242,115.4,342,66.1,253,1/14/25 0:00
317,Louisiana,SB,-13.42,100.8,270,114.3,332,67.3,212,1/14/25 0:00
318,Fairleigh Dickinson,NEC,-13.52,101.9,247,115.4,343,70,81,1/14/25 0:00
319,Eastern Michigan,MAC,-13.55,101.3,258,114.9,339,68.4,157,1/14/25 0:00
320,IU Indy,Horz,-13.57,105,197,118.6,357,65,314,1/14/25 0:00
,,,,,Strength of Schedule,NCSOS,,,,1/14/25 0:00
Rk,Team,Conf,NetRtg,ORtg,DRtg,AdjT,Luck,NetRtg,ORtg,1/14/25 0:00
321,Binghamton,AE,-13.59,100.7,273,114.3,333,65.2,302,1/14/25 0:00
322,Prairie View A&M,SWAC,-13.62,101.2,259,114.8,338,71.6,31,1/14/25 0:00
323,Oral Roberts,Sum,-13.75,105.7,185,119.5,360,68.9,133,1/14/25 0:00
324,Grambling St.,SWAC,-14,97.5,326,111.5,281,65.7,269,1/14/25 0:00
325,Saint Francis,NEC,-14.03,99.3,301,113.3,319,67.9,182,1/14/25 0:00
326,Western Carolina,SC,-14.46,95.1,344,109.6,244,71.9,24,1/14/25 0:00
327,Cal St. Fullerton,BW,-14.59,97.8,324,112.4,300,65.7,268,1/14/25 0:00
328,Lindenwood,OVC,-14.62,94.5,350,109.1,235,69.6,94,1/14/25 0:00
329,Green Bay,Horz,-14.96,101,264,116,349,69.8,87,1/14/25 0:00
330,Buffalo,MAC,-14.98,98.8,310,113.8,326,70.8,51,1/14/25 0:00
331,Rider,MAAC,-15.1,100.1,288,115.2,340,64.3,338,1/14/25 0:00
332,Southern Indiana,OVC,-15.4,96.9,333,112.3,299,67.1,220,1/14/25 0:00
333,VMI,SC,-15.46,98.6,315,114,328,67.6,198,1/14/25 0:00
334,Detroit Mercy,Horz,-15.54,96.5,336,112,294,67.4,211,1/14/25 0:00
335,Wagner,NEC,-15.72,91.1,361,106.8,186,61.4,362,1/14/25 0:00
336,USC Upstate,BSth,-16.2,98.2,320,114.4,334,72.7,16,1/14/25 0:00
337,Stony Brook,CAA,-16.22,99.9,290,116.1,351,65.4,287,1/14/25 0:00
338,Alcorn St.,SWAC,-16.25,97.4,327,113.6,323,65.3,300,1/14/25 0:00
339,Morgan St.,MEAC,-16.32,102.3,238,118.6,358,71.3,35,1/14/25 0:00
340,Eastern Illinois,OVC,-16.41,94.7,348,111.1,275,66.8,228,1/14/25 0:00
341,Stetson,ASun,-16.42,100.7,275,117.1,354,68.3,164,1/14/25 0:00
342,Central Arkansas,ASun,-16.44,95.6,339,112,295,67.5,205,1/14/25 0:00
343,Le Moyne,NEC,-16.58,97.2,330,113.8,327,69.3,108,1/14/25 0:00
344,New Orleans,Slnd,-16.75,98.6,314,115.4,341,69.6,97,1/14/25 0:00
345,Western Illinois,OVC,-16.78,99.8,293,116.6,353,63.3,349,1/14/25 0:00
346,West Georgia,ASun,-16.81,97.4,328,114.2,330,67.8,187,1/14/25 0:00
347,Denver,Sum,-16.98,99,305,116,347,67,223,1/14/25 0:00
348,East Texas A&M,Slnd,-17.32,93.5,354,110.8,271,68.4,158,1/14/25 0:00
349,Louisiana Monroe,SB,-17.51,95.2,343,112.7,305,68.2,166,1/14/25 0:00
350,Sacramento St.,BSky,-17.7,92.9,358,110.6,264,64.5,331,1/14/25 0:00
351,Bellarmine,ASun,-19.6,102.6,235,122.2,364,66,259,1/14/25 0:00
352,The Citadel,SC,-19.71,93.6,352,113.3,317,65,313,1/14/25 0:00
353,NJIT,AE,-19.93,91.5,359,111.5,282,65.2,304,1/14/25 0:00
354,Canisius,MAAC,-20.03,100.7,276,120.7,361,65.7,273,1/14/25 0:00
355,Northern Illinois,MAC,-20.12,93,357,113.1,316,70.6,59,1/14/25 0:00
356,Mercyhurst,NEC,-20.61,95,346,115.6,345,64.2,341,1/14/25 0:00
357,Florida A&M,SWAC,-20.69,93.5,353,114.2,331,68.7,146,1/14/25 0:00
358,Maryland Eastern Shore,MEAC,-20.76,97.9,323,118.7,359,67.7,196,1/14/25 0:00
359,Alabama A&M,SWAC,-21.04,93,356,114.1,329,72.1,19,1/14/25 0:00
360,New Hampshire,AE,-21.71,91.4,360,113.1,315,67.8,190,1/14/25 0:00
,,,,,Strength of Schedule,NCSOS,,,,1/14/25 0:00
Rk,Team,Conf,NetRtg,ORtg,DRtg,AdjT,Luck,NetRtg,ORtg,1/14/25 0:00
361,Chicago St.,NEC,-22.3,88.4,362,110.7,269,68.9,131,1/14/25 0:00
362,Coppin St.,MEAC,-24.13,88,363,112.1,297,68.5,154,1/14/25 0:00
363,Arkansas Pine Bluff,SWAC,-24.93,97.2,331,122.1,363,73,12,1/14/25 0:00
364,Mississippi Valley St.,SWAC,-37.27,84.6,364,121.9,362,65.4,288,1/14/25 0:00
1,Auburn,SEC,36.91,130.7,1,93.8,15,68.3,163,1/15/25 0:00
2,Duke,ACC,36.64,124,4,87.3,2,65.6,278,1/15/25 0:00
3,Houston,B12,34.36,120.8,13,86.4,1,62.1,360,1/15/25 0:00
4,Iowa St.,B12,31.16,123.4,7,92.3,10,69.4,102,1/15/25 0:00
5,Tennessee,SEC,29.16,117.2,28,88.1,3,64.8,322,1/15/25 0:00
6,Florida,SEC,29.11,123.4,8,94.3,17,69.8,84,1/15/25 0:00
7,Kansas,B12,28.58,116.8,31,88.3,4,68.7,142,1/15/25 0:00
8,Gonzaga,WCC,26.76,123.8,5,97,35,70.4,62,1/15/25 0:00
9,Illinois,B10,26.72,118.7,20,92,7,73,13,1/15/25 0:00
10,Alabama,SEC,26.63,123.2,9,96.6,32,74.6,2,1/15/25 0:00
11,Michigan,B10,26.13,120.8,14,94.7,19,70.9,46,1/15/25 0:00
12,Purdue,B10,25.72,123.5,6,97.7,44,65.3,298,1/15/25 0:00
13,Marquette,BE,25.03,119.4,19,94.4,18,68,176,1/15/25 0:00
14,Michigan St.,B10,25,117.6,25,92.6,11,68.8,136,1/15/25 0:00
15,Arizona,B12,24.69,120.3,15,95.6,23,70.7,56,1/15/25 0:00
16,Kentucky,SEC,23.71,124.2,2,100.5,75,71.7,28,1/15/25 0:00
17,Texas Tech,B12,23.47,121.8,10,98.3,48,65.3,288,1/15/25 0:00
18,Mississippi,SEC,23.46,116.5,34,93.1,14,67.7,194,1/15/25 0:00
19,Texas A&M,SEC,23.35,116.4,36,93,12,67.2,217,1/15/25 0:00
20,Mississippi St.,SEC,22.44,119.7,18,97.2,38,68.3,161,1/15/25 0:00
21,Wisconsin,B10,22.38,120.8,12,98.5,50,68.2,169,1/15/25 0:00
22,Baylor,B12,22.32,120.1,16,97.8,45,65.4,287,1/15/25 0:00
23,St. John's,BE,22.26,113.9,55,91.7,6,70.5,61,1/15/25 0:00
24,Maryland,B10,21.53,117.3,26,95.8,24,70.2,71,1/15/25 0:00
25,Oregon,B10,21.05,118.6,22,97.6,39,68.6,146,1/15/25 0:00
26,Connecticut,BE,21.04,124,3,102.9,110,64.8,321,1/15/25 0:00
27,Pittsburgh,ACC,19.98,118.6,21,98.7,52,68.1,172,1/15/25 0:00
28,Clemson,ACC,19.79,115.8,43,96,27,64.9,319,1/15/25 0:00
29,Saint Mary's,WCC,19.4,115.9,42,96.5,30,63.1,353,1/15/25 0:00
30,Louisville,ACC,19.3,116.4,35,97.1,37,68.4,155,1/15/25 0:00
31,North Carolina,ACC,19.21,116.8,32,97.6,40,73.1,11,1/15/25 0:00
32,Ohio St.,B10,19.19,115.6,45,96.4,29,68.2,164,1/15/25 0:00
33,Missouri,SEC,18.61,118.6,23,100,65,68,177,1/15/25 0:00
34,Memphis,Amer,18.5,115,47,96.5,31,70.8,50,1/15/25 0:00
35,San Diego St.,MWC,18.23,109.4,115,91.2,5,66.2,252,1/15/25 0:00
36,Georgia,SEC,17.99,112.1,71,94.1,16,67,222,1/15/25 0:00
37,UCLA,B10,17.84,110.9,93,93,13,66.1,255,1/15/25 0:00
38,Texas,SEC,17.3,116.1,40,98.8,53,67.1,219,1/15/25 0:00
39,Cincinnati,B12,17.19,109.2,119,92,9,65.1,309,1/15/25 0:00
40,West Virginia,B12,16.95,111.8,76,94.9,21,65,310,1/15/25 0:00
,,,,,Strength of Schedule,NCSOS,,,,1/15/25 0:00
Rk,Team,Conf,NetRtg,ORtg,DRtg,AdjT,Luck,NetRtg,ORtg,1/15/25 0:00
41,Nebraska,B10,16.85,111.8,77,94.9,22,68.8,137,1/15/25 0:00
42,Creighton,BE,16.67,114.3,52,97.6,43,69.4,101,1/15/25 0:00
43,Utah St.,MWC,16.34,117.3,27,100.9,79,69.2,109,1/15/25 0:00
44,VCU,A10,16.32,112.3,66,96,26,66.5,238,1/15/25 0:00
45,Oklahoma,SEC,16.26,118.1,24,101.9,92,67.6,199,1/15/25 0:00
46,BYU,B12,16.22,117.2,29,101,82,67.5,203,1/15/25 0:00
47,Iowa,B10,16.11,120,17,103.9,127,72.1,19,1/15/25 0:00
48,Villanova,BE,15.75,121.7,11,105.9,170,63.4,348,1/15/25 0:00
49,Arkansas,SEC,15.62,112,74,96.3,28,69.5,98,1/15/25 0:00
50,Boise St.,MWC,15.45,116.7,33,101.3,84,66.9,225,1/15/25 0:00
51,Penn St.,B10,15.36,115,48,99.6,63,71.9,25,1/15/25 0:00
52,SMU,ACC,15.16,117.1,30,102,98,70.3,68,1/15/25 0:00
53,Xavier,BE,15.15,113.5,56,98.4,49,69.2,112,1/15/25 0:00
54,Vanderbilt,SEC,15.15,115.8,44,100.6,76,70.8,51,1/15/25 0:00
55,Dayton,A10,14.76,116.1,39,101.4,87,65.9,261,1/15/25 0:00
56,Northwestern,B10,14.68,111.4,82,96.7,33,65.3,297,1/15/25 0:00
57,UC Irvine,BW,13.86,105.9,179,92,8,69.2,110,1/15/25 0:00
58,Indiana,B10,13.36,111.9,75,98.5,51,70,78,1/15/25 0:00
59,New Mexico,MWC,13.24,110.8,94,97.6,41,73.4,7,1/15/25 0:00
60,North Texas,Amer,13.17,110.8,95,97.6,42,62,361,1/15/25 0:00
61,Georgetown,BE,12.77,107.5,153,94.7,20,68.6,148,1/15/25 0:00
62,Arizona St.,B12,12.73,110.9,90,98.2,47,68.1,170,1/15/25 0:00
63,USC,B10,12.31,112.7,63,100.4,74,68.3,159,1/15/25 0:00
64,Nevada,MWC,12.16,112.9,61,100.7,77,63.3,349,1/15/25 0:00
65,UC San Diego,BW,12.05,112.1,73,100,67,66.2,250,1/15/25 0:00
66,Oregon St.,WCC,11.97,112.9,60,100.9,78,64.9,316,1/15/25 0:00
67,McNeese,Slnd,11.91,110.9,91,99,55,65.9,263,1/15/25 0:00
68,Florida St.,ACC,11.76,110.9,89,99.2,60,70,77,1/15/25 0:00
69,LSU,SEC,11.62,110.7,97,99.1,58,68.9,130,1/15/25 0:00
70,Liberty,CUSA,11.39,109.5,113,98.1,46,64.7,324,1/15/25 0:00
71,Santa Clara,WCC,11.28,114.4,51,103.1,114,68.8,134,1/15/25 0:00
72,UCF,B12,11.22,113.2,58,102,95,71,43,1/15/25 0:00
73,TCU,B12,10.72,106.6,166,95.9,25,66.8,226,1/15/25 0:00
74,South Carolina,SEC,10.65,109.8,111,99.1,59,65.6,273,1/15/25 0:00
75,Drake,MVC,10.59,109.8,110,99.2,61,60.3,364,1/15/25 0:00
76,Notre Dame,ACC,10.47,116,41,105.5,157,64.9,320,1/15/25 0:00
77,Yale,Ivy,10.26,114.1,53,103.8,125,67.7,190,1/15/25 0:00
78,St. Bonaventure,A10,10.22,110.3,105,100.1,68,64.3,336,1/15/25 0:00
79,Utah,B12,10.14,111.4,81,101.2,83,70.7,54,1/15/25 0:00
80,Wake Forest,ACC,9.96,107,157,97,36,66.4,241,1/15/25 0:00
,,,,,Strength of Schedule,NCSOS,,,,1/15/25 0:00
Rk,Team,Conf,NetRtg,ORtg,DRtg,AdjT,Luck,NetRtg,ORtg,1/15/25 0:00
81,San Francisco,WCC,9.96,110.9,92,100.9,80,67.5,202,1/15/25 0:00
82,Colorado St.,MWC,9.77,108.7,126,99,54,67.6,196,1/15/25 0:00
83,Washington St.,WCC,9.51,111.3,84,101.8,91,71.5,33,1/15/25 0:00
84,Rutgers,B10,9.22,110.6,99,101.4,88,70.2,73,1/15/25 0:00
85,Butler,BE,9.13,111.2,86,102.1,99,67.7,193,1/15/25 0:00
86,Colorado,B12,9.07,108.6,128,99.6,62,68.2,166,1/15/25 0:00
87,George Mason,A10,9.05,105.8,183,96.7,34,65.3,296,1/15/25 0:00
88,Lipscomb,ASun,9,110,108,101,81,66.3,245,1/15/25 0:00
89,Stanford,ACC,8.71,114.1,54,105.4,152,67.2,215,1/15/25 0:00
90,Providence,BE,8.66,111.4,80,102.8,109,65.6,274,1/15/25 0:00
91,Saint Joseph's,A10,8.44,108.5,133,100,66,69.3,106,1/15/25 0:00
92,N.C. State,ACC,8.06,110.4,101,102.3,102,64.9,317,1/15/25 0:00
93,Washington,B10,7.61,108,139,100.4,73,69,121,1/15/25 0:00
94,Bradley,MVC,7.48,110.1,107,102.6,107,65.6,276,1/15/25 0:00
95,Arkansas St.,SB,7.01,109.5,114,102.4,103,69.7,90,1/15/25 0:00
96,Kansas St.,B12,6.53,108.5,132,102,96,67.9,184,1/15/25 0:00
97,High Point,BSth,6.22,116.2,38,110,256,66.7,232,1/15/25 0:00
98,Grand Canyon,WAC,6.17,106.3,171,100.1,70,72.4,17,1/15/25 0:00
99,Florida Atlantic,Amer,6.13,112.1,72,106,172,71.2,36,1/15/25 0:00
100,Northern Iowa,MVC,6.12,112.2,69,106.1,175,65.7,271,1/15/25 0:00
101,Rhode Island,A10,5.97,106.2,173,100.3,71,71.2,37,1/15/25 0:00
102,Samford,SC,5.8,115.2,46,109.4,242,70.8,53,1/15/25 0:00
103,UNLV,MWC,5.1,110.3,104,105.2,149,65.4,285,1/15/25 0:00
104,Minnesota,B10,5.05,107,158,101.9,94,62.7,358,1/15/25 0:00
105,George Washington,A10,5.01,108,138,103,112,68.9,128,1/15/25 0:00
106,North Dakota St.,Sum,4.95,116.3,37,111.4,283,65.1,307,1/15/25 0:00
107,Murray St.,MVC,4.82,108,140,103.2,118,64.9,318,1/15/25 0:00
108,UAB,Amer,4.77,113.4,57,108.7,227,70,79,1/15/25 0:00
109,Georgia Tech,ACC,4.77,106.1,177,101.4,86,70.4,64,1/15/25 0:00
110,South Alabama,SB,4.63,106.9,162,102.3,101,63.1,351,1/15/25 0:00
111,St. Thomas,Sum,4.56,114.4,50,109.9,253,68.9,131,1/15/25 0:00
112,Davidson,A10,4.52,111.2,88,106.6,184,66.2,248,1/15/25 0:00
113,Oklahoma St.,B12,4.22,105.8,180,101.6,89,70.9,47,1/15/25 0:00
114,Princeton,Ivy,4.05,110.5,100,106.5,179,67.7,195,1/15/25 0:00
115,DePaul,BE,3.93,109.5,112,105.6,160,68.4,157,1/15/25 0:00
116,Troy,SB,3.83,106.9,161,103.1,115,65.8,264,1/15/25 0:00
117,Saint Louis,A10,3.8,111.5,79,107.7,209,67.3,212,1/15/25 0:00
118,Middle Tennessee,CUSA,3.78,107.7,147,103.9,128,69.6,94,1/15/25 0:00
119,Louisiana Tech,CUSA,3.76,109.1,120,105.4,154,65.2,300,1/15/25 0:00
120,Akron,MAC,3.69,109,121,105.3,151,71.7,29,1/15/25 0:00
,,,,,Strength of Schedule,NCSOS,,,,1/15/25 0:00
Rk,Team,Conf,NetRtg,ORtg,DRtg,AdjT,Luck,NetRtg,ORtg,1/15/25 0:00
121,Temple,Amer,3.58,107.9,141,104.3,135,70.4,66,1/15/25 0:00
122,Wofford,SC,3.52,112.8,62,109.3,240,64.5,330,1/15/25 0:00
123,South Dakota St.,Sum,3.5,109.3,118,105.8,166,69.6,92,1/15/25 0:00
124,UNC Greensboro,SC,3.32,107.6,149,104.3,134,63.9,345,1/15/25 0:00
125,New Mexico St.,CUSA,3.29,107,159,103.7,122,66.3,246,1/15/25 0:00
126,Western Kentucky,CUSA,3.18,103.2,228,100,64,74.2,3,1/15/25 0:00
127,California,ACC,3.04,112.5,64,109.5,243,68.6,147,1/15/25 0:00
128,Syracuse,ACC,3.01,108.5,131,105.5,158,70.2,70,1/15/25 0:00
129,Charleston,CAA,2.54,106.2,174,103.7,121,72.8,15,1/15/25 0:00
130,Northern Colorado,BSky,2.47,111.2,85,108.8,229,70.2,69,1/15/25 0:00
131,Cornell,Ivy,2.4,113,59,110.6,268,71,41,1/15/25 0:00
132,Purdue Fort Wayne,Horz,2.3,112.1,70,109.8,251,69,126,1/15/25 0:00
133,Virginia,ACC,2.26,104.4,209,102.1,100,60.5,363,1/15/25 0:00
134,Wichita St.,Amer,2.26,107.7,148,105.4,155,70.7,55,1/15/25 0:00
135,Appalachian St.,SB,2.24,103.6,219,101.3,85,65,313,1/15/25 0:00
136,UC Santa Barbara,BW,2.23,107.8,145,105.5,159,64.7,325,1/15/25 0:00
137,Furman,SC,2.19,106.7,165,104.5,139,65.2,303,1/15/25 0:00
138,Belmont,MVC,2.11,110.3,103,108.2,219,71.8,26,1/15/25 0:00
139,East Tennessee St.,SC,2.04,108.8,125,106.7,185,66.5,236,1/15/25 0:00
140,North Alabama,ASun,1.96,108.9,123,106.9,189,67.4,209,1/15/25 0:00
141,Kent St.,MAC,1.72,100.8,269,99.1,57,66.2,249,1/15/25 0:00
142,Loyola Marymount,WCC,1.64,104.6,206,103,111,68,173,1/15/25 0:00
143,UNC Wilmington,CAA,1.63,108.1,136,106.5,180,66.3,247,1/15/25 0:00
144,Loyola Chicago,A10,1.43,105.8,182,104.3,136,68.2,167,1/15/25 0:00
145,Miami FL,ACC,1.37,114.5,49,113.1,315,67.6,200,1/15/25 0:00
146,Illinois St.,MVC,1.15,110.8,96,109.6,246,65.2,299,1/15/25 0:00
147,Utah Valley,WAC,1.14,101.4,255,100.3,72,69.2,114,1/15/25 0:00
148,Ohio,MAC,1.01,108.4,135,107.4,200,70.4,63,1/15/25 0:00
149,Illinois Chicago,MVC,0.97,108,137,107.1,197,69.1,115,1/15/25 0:00
150,CSUN,BW,0.88,105.6,185,104.8,143,73.3,9,1/15/25 0:00
151,Duquesne,A10,0.86,104.8,199,104,129,64.2,339,1/15/25 0:00
152,Seton Hall,BE,0.85,102.8,231,101.9,93,63.9,346,1/15/25 0:00
153,James Madison,SB,0.84,108.5,130,107.7,206,66.8,227,1/15/25 0:00
154,Texas A&M Corpus Chris,Slnd,0.81,109.8,109,109,238,69,123,1/15/25 0:00
155,Sam Houston St.,CUSA,0.74,112.4,65,111.7,289,69.4,104,1/15/25 0:00
156,Miami OH,MAC,0.73,107.8,146,107,195,69,122,1/15/25 0:00
157,South Florida,Amer,0.72,108.4,134,107.7,207,68.3,160,1/15/25 0:00
158,Elon,CAA,0.68,107.2,156,106.6,182,64.6,328,1/15/25 0:00
159,Texas St.,SB,0.6,108.9,122,108.3,224,65.7,267,1/15/25 0:00
160,Milwaukee,Horz,0.59,104.7,203,104.1,131,69.5,97,1/15/25 0:00
,,,,,Strength of Schedule,NCSOS,,,,1/15/25 0:00
Rk,Team,Conf,NetRtg,ORtg,DRtg,AdjT,Luck,NetRtg,ORtg,1/15/25 0:00
161,UTEP,CUSA,0.5,104.3,210,103.8,123,68.4,156,1/15/25 0:00
162,Seattle,WAC,0.49,106.4,168,105.9,168,66.7,231,1/15/25 0:00
163,Virginia Tech,ACC,0.45,106.2,176,105.7,163,64.7,326,1/15/25 0:00
164,UMass Lowell,AE,0.4,110.3,102,109.9,255,70.8,52,1/15/25 0:00
165,Jacksonville,ASun,0.38,102.4,237,102,97,68.4,152,1/15/25 0:00
166,Hawaii,BW,0.22,105.5,186,105.3,150,66,258,1/15/25 0:00
167,Cal Baptist,WAC,0.16,108.8,124,108.6,226,66.2,251,1/15/25 0:00
168,La Salle,A10,-0.04,106.3,172,106.3,178,70.6,57,1/15/25 0:00
169,Jacksonville St.,CUSA,-0.08,110.2,106,110.3,261,65.4,281,1/15/25 0:00
170,Norfolk St.,MEAC,-0.1,107.3,155,107.4,202,66.5,240,1/15/25 0:00
171,Chattanooga,SC,-0.32,112.2,68,112.5,303,66.7,228,1/15/25 0:00
172,East Carolina,Amer,-0.35,105,195,105.4,153,67.1,218,1/15/25 0:00
173,Florida Gulf Coast,ASun,-0.43,107.5,152,107.9,211,65.6,277,1/15/25 0:00
174,Tulane,Amer,-0.64,105.2,190,105.8,167,67.9,180,1/15/25 0:00
175,Radford,BSth,-0.74,108.6,127,109.4,241,64.1,341,1/15/25 0:00
176,Bryant,AE,-0.82,105.2,189,106,173,73.8,5,1/15/25 0:00
177,UNC Asheville,BSth,-1,112.2,67,113.2,317,68,174,1/15/25 0:00
178,Cleveland St.,Horz,-1.13,104.6,204,105.8,164,66.4,244,1/15/25 0:00
179,Wright St.,Horz,-1.14,107.9,143,109,235,67.4,205,1/15/25 0:00
180,San Jose St.,MWC,-1.15,107.6,150,108.7,228,65.6,272,1/15/25 0:00
181,Wyoming,MWC,-1.2,103.4,222,104.6,141,65.1,306,1/15/25 0:00
182,Oakland,Horz,-1.22,106.4,169,107.6,204,62.2,359,1/15/25 0:00
183,Hofstra,CAA,-1.25,97.8,322,99,56,64.2,337,1/15/25 0:00
184,UC Riverside,BW,-1.4,104.7,201,106.1,174,67.8,186,1/15/25 0:00
185,Winthrop,BSth,-1.44,107.4,154,108.9,233,73,14,1/15/25 0:00
186,William & Mary,CAA,-1.5,111.3,83,112.8,311,71,40,1/15/25 0:00
187,Columbia,Ivy,-1.69,110.7,98,112.4,301,68.2,165,1/15/25 0:00
188,Merrimack,MAAC,-1.79,100.7,272,102.5,104,64.8,323,1/15/25 0:00
189,Drexel,CAA,-1.84,103.3,225,105.2,147,64,344,1/15/25 0:00
190,Towson,CAA,-1.92,104.2,212,106.1,177,63.1,352,1/15/25 0:00
191,Montana St.,BSky,-1.95,103.7,218,105.6,161,67.2,214,1/15/25 0:00
192,Indiana St.,MVC,-2.05,109.4,116,111.4,286,73.4,8,1/15/25 0:00
193,Rice,Amer,-2.13,104,214,106.1,176,65.4,286,1/15/25 0:00
194,Marshall,SB,-2.13,104.6,205,106.7,186,68.8,138,1/15/25 0:00
195,Longwood,BSth,-2.6,104.4,208,107,192,69,120,1/15/25 0:00
196,Pepperdine,WCC,-2.69,103.9,215,106.6,183,69.8,86,1/15/25 0:00
197,UT Arlington,WAC,-2.75,107.8,144,110.6,266,69.9,80,1/15/25 0:00
198,Kennesaw St.,CUSA,-2.82,104.9,198,107.7,208,71.9,23,1/15/25 0:00
199,Northeastern,CAA,-2.86,101.9,245,104.8,144,68.7,140,1/15/25 0:00
200,Nicholls,Slnd,-2.96,104.7,202,107.6,205,69.2,111,1/15/25 0:00
,,,,,Strength of Schedule,NCSOS,,,,1/15/25 0:00
Rk,Team,Conf,NetRtg,ORtg,DRtg,AdjT,Luck,NetRtg,ORtg,1/15/25 0:00
201,Valparaiso,MVC,-2.99,105,194,108,213,68.8,135,1/15/25 0:00
202,Boston College,ACC,-3.05,105.1,193,108.1,217,66.6,234,1/15/25 0:00
203,Youngstown St.,Horz,-3.13,98.6,312,101.8,90,70.5,60,1/15/25 0:00
204,Brown,Ivy,-3.52,104.6,207,108.1,216,65,312,1/15/25 0:00
205,Southeastern Louisiana,Slnd,-3.65,100.9,267,104.5,140,68,179,1/15/25 0:00
206,Massachusetts,A10,-3.88,103.7,217,107.5,203,71.4,34,1/15/25 0:00
207,Central Michigan,MAC,-4.01,101.2,259,105.2,148,67.5,204,1/15/25 0:00
208,Marist,MAAC,-4.03,100.9,265,105,145,64.4,335,1/15/25 0:00
209,Southern,SWAC,-4.05,99.1,304,103.1,117,69.1,117,1/15/25 0:00
210,Quinnipiac,MAAC,-4.2,98.9,308,103.1,113,70.9,45,1/15/25 0:00
211,Toledo,MAC,-4.22,108.5,129,112.7,308,70.4,65,1/15/25 0:00
212,Richmond,A10,-4.25,102.8,232,107,193,65.3,295,1/15/25 0:00
213,Delaware,CAA,-4.28,109.3,117,113.6,324,70.8,49,1/15/25 0:00
214,Montana,BSky,-4.37,105.3,188,109.6,248,69.4,103,1/15/25 0:00
215,Lamar,Slnd,-4.55,100.1,286,104.6,142,66.4,242,1/15/25 0:00
216,North Florida,ASun,-4.57,111.7,78,116.2,352,72.1,18,1/15/25 0:00
217,Southern Utah,WAC,-4.59,103.5,221,108.1,215,69.6,91,1/15/25 0:00
218,Central Connecticut,NEC,-4.69,99.2,302,103.9,126,64.6,327,1/15/25 0:00
219,UT Rio Grande Valley,Slnd,-4.84,106,178,110.8,273,68.5,151,1/15/25 0:00
220,Northern Kentucky,Horz,-4.87,99.3,298,104.1,132,64.6,329,1/15/25 0:00
221,Queens,ASun,-4.9,105.3,187,110.2,259,69.8,85,1/15/25 0:00
222,Abilene Christian,WAC,-4.96,99.3,297,104.3,133,68.6,145,1/15/25 0:00
223,Mount St. Mary's,MAAC,-4.98,99.5,295,104.5,138,68.7,139,1/15/25 0:00
224,Little Rock,OVC,-5.02,97.4,326,102.5,105,67.9,183,1/15/25 0:00
225,Eastern Kentucky,ASun,-5.06,106.2,175,111.2,278,69,124,1/15/25 0:00
226,Kansas City,Sum,-5.19,101.8,247,107,196,65.1,308,1/15/25 0:00
227,Maine,AE,-5.2,100.7,271,105.9,171,67.8,188,1/15/25 0:00
228,UMBC,AE,-5.24,107.5,151,112.8,309,71.7,30,1/15/25 0:00
229,Weber St.,BSky,-5.25,106.5,167,111.7,290,65.5,280,1/15/25 0:00
230,Cal St. Bakersfield,BW,-5.28,105.1,192,110.4,263,65.3,292,1/15/25 0:00
231,Robert Morris,Horz,-5.43,100.4,280,105.8,165,69.7,89,1/15/25 0:00
232,FIU,CUSA,-5.44,98.4,317,103.8,124,70.2,72,1/15/25 0:00
233,South Carolina St.,MEAC,-5.53,101.4,256,107,190,68.7,143,1/15/25 0:00
234,Mercer,SC,-5.57,102.7,233,108.3,222,71.9,21,1/15/25 0:00
235,UTSA,Amer,-5.61,106.3,170,111.9,294,71.8,27,1/15/25 0:00
236,Fordham,A10,-5.79,101.5,254,107.3,199,71,38,1/15/25 0:00
237,Vermont,AE,-5.82,97.3,329,103.1,116,62.8,356,1/15/25 0:00
238,Colgate,PL,-5.88,102.1,242,108,212,66.2,253,1/15/25 0:00
239,Missouri St.,MVC,-6.14,102.3,239,108.4,225,64,343,1/15/25 0:00
240,Nebraska Omaha,Sum,-6.15,105.1,191,111.3,279,67.9,185,1/15/25 0:00
,,,,,Strength of Schedule,NCSOS,,,,1/15/25 0:00
Rk,Team,Conf,NetRtg,ORtg,DRtg,AdjT,Luck,NetRtg,ORtg,1/15/25 0:00
241,American,PL,-6.32,103.2,227,109.5,244,63.7,347,1/15/25 0:00
242,Saint Peter's,MAAC,-6.34,97.7,324,104,130,62.8,357,1/15/25 0:00
243,Idaho St.,BSky,-6.4,101.8,249,108.2,218,65.5,279,1/15/25 0:00
244,Ball St.,MAC,-6.41,104,213,110.4,264,67.5,201,1/15/25 0:00
245,Southern Illinois,MVC,-6.69,102.1,241,108.8,230,69.3,108,1/15/25 0:00
246,Portland St.,BSky,-6.77,100.4,279,107.2,198,69.9,83,1/15/25 0:00
247,Gardner Webb,BSth,-6.8,103,230,109.8,250,69.9,82,1/15/25 0:00
248,Hampton,CAA,-6.91,101.4,257,108.3,223,65.3,291,1/15/25 0:00
249,Stephen F. Austin,Slnd,-6.95,93.2,355,100.1,69,66.5,237,1/15/25 0:00
250,Cal Poly,BW,-6.96,104.9,197,111.9,292,74.7,1,1/15/25 0:00
251,Charlotte,Amer,-7.04,104.3,211,111.3,280,65,311,1/15/25 0:00
252,South Dakota,Sum,-7.09,111.2,87,118.3,356,73.7,6,1/15/25 0:00
253,SIUE,OVC,-7.46,98,320,105.5,156,65.3,289,1/15/25 0:00
254,Bethune Cookman,SWAC,-7.47,95.7,338,103.2,119,69.2,113,1/15/25 0:00
255,Eastern Washington,BSky,-7.51,103.8,216,111.3,281,67.9,181,1/15/25 0:00
256,UC Davis,BW,-7.6,95.1,342,102.7,108,70.8,48,1/15/25 0:00
257,Idaho,BSky,-7.7,107,160,114.7,336,66,257,1/15/25 0:00
258,Albany,AE,-7.9,103.3,226,111.2,277,68.9,127,1/15/25 0:00
259,Harvard,Ivy,-8.11,100.2,284,108.3,221,66.4,243,1/15/25 0:00
260,Lafayette,PL,-8.13,98.4,316,106.5,181,66.6,235,1/15/25 0:00
261,Fresno St.,MWC,-8.13,98.8,309,107,191,73.9,4,1/15/25 0:00
262,Bucknell,PL,-8.14,94.5,349,102.6,106,68,175,1/15/25 0:00
263,Campbell,CAA,-8.24,99.8,291,108.1,214,67.1,221,1/15/25 0:00
264,Presbyterian,BSth,-8.27,103.4,224,111.6,288,64.4,332,1/15/25 0:00
265,Northern Arizona,BSky,-8.28,102.5,235,110.8,272,67.7,191,1/15/25 0:00
266,Northwestern St.,Slnd,-8.71,101.5,253,110.3,260,64.4,333,1/15/25 0:00
267,Bowling Green,MAC,-8.81,102.1,243,110.9,274,70.1,74,1/15/25 0:00
268,North Dakota,Sum,-8.84,106.8,163,115.6,346,68.9,129,1/15/25 0:00
269,Southern Miss,SB,-8.99,100.6,273,109.6,247,70.1,75,1/15/25 0:00
270,Lehigh,PL,-9.01,101.3,258,110.3,262,68.5,149,1/15/25 0:00
271,Sacred Heart,MAAC,-9.03,103.4,223,112.4,302,69.6,96,1/15/25 0:00
272,Evansville,MVC,-9.06,94.4,350,103.5,120,66.7,230,1/15/25 0:00
273,Morehead St.,OVC,-9.13,99.9,290,109,237,66,260,1/15/25 0:00
274,Incarnate Word,Slnd,-9.21,106.8,164,116,349,65.3,294,1/15/25 0:00
275,Western Michigan,MAC,-9.23,103.6,220,112.8,310,68,178,1/15/25 0:00
276,Monmouth,CAA,-9.32,101.7,251,111,275,66.7,233,1/15/25 0:00
277,Iona,MAAC,-9.39,96.5,334,105.9,169,70.3,67,1/15/25 0:00
278,Siena,MAAC,-9.4,98.9,307,108.3,220,65.8,266,1/15/25 0:00
279,Southeast Missouri,OVC,-9.4,98.4,315,107.8,210,69.4,100,1/15/25 0:00
280,Tulsa,Amer,-9.43,100.6,275,110,257,67.2,216,1/15/25 0:00
,,,,,Strength of Schedule,NCSOS,,,,1/15/25 0:00
Rk,Team,Conf,NetRtg,ORtg,DRtg,AdjT,Luck,NetRtg,ORtg,1/15/25 0:00
281,Utah Tech,WAC,-9.59,100.2,282,109.8,252,67.4,211,1/15/25 0:00
282,Tarleton St.,WAC,-9.67,94.8,346,104.5,137,65.8,265,1/15/25 0:00
283,Jackson St.,SWAC,-9.76,95.4,341,105.1,146,69.8,87,1/15/25 0:00
284,Georgia Southern,SB,-9.87,99,305,108.8,231,71.7,31,1/15/25 0:00
285,Tennessee Martin,OVC,-9.89,99.1,303,109,236,66.9,224,1/15/25 0:00
286,Howard,MEAC,-9.95,107.9,142,117.8,355,69.1,118,1/15/25 0:00
287,Alabama St.,SWAC,-9.97,104.7,200,114.7,337,69,125,1/15/25 0:00
288,Dartmouth,Ivy,-10.14,98.7,311,108.9,232,71,42,1/15/25 0:00
289,Boston University,PL,-10.22,98.7,310,109,234,63,354,1/15/25 0:00
290,Manhattan,MAAC,-10.25,105.7,184,115.9,348,69.3,105,1/15/25 0:00
291,Coastal Carolina,SB,-10.35,101,263,111.4,282,62.8,355,1/15/25 0:00
292,Charleston Southern,BSth,-10.38,101.8,250,112.1,298,69.1,119,1/15/25 0:00
293,Georgia St.,SB,-10.44,100.2,283,110.6,267,69.4,99,1/15/25 0:00
294,Long Beach St.,BW,-10.45,103.1,229,113.5,322,64.1,340,1/15/25 0:00
295,San Diego,WCC,-10.49,96.4,335,106.9,188,71,44,1/15/25 0:00
296,Old Dominion,SB,-10.49,99.6,294,110.1,258,67.4,210,1/15/25 0:00
297,Air Force,MWC,-10.64,99.2,301,109.9,254,64.5,331,1/15/25 0:00
298,Stonehill,NEC,-10.81,100.8,270,111.6,287,65.4,284,1/15/25 0:00
299,Army,PL,-11.05,100.9,268,112,295,68.5,150,1/15/25 0:00
300,LIU,NEC,-11.15,95.9,337,107,194,66,259,1/15/25 0:00
301,Pacific,WCC,-11.18,101.7,252,112.9,312,67.7,192,1/15/25 0:00
302,Tennessee Tech,OVC,-11.26,99.4,296,110.6,269,68.7,141,1/15/25 0:00
303,Tennessee St.,OVC,-11.36,98.3,318,109.7,249,71.9,22,1/15/25 0:00
304,Austin Peay,ASun,-11.47,94.2,351,105.7,162,65.3,293,1/15/25 0:00
305,Niagara,MAAC,-11.89,101,262,112.9,313,65.2,301,1/15/25 0:00
306,Navy,PL,-11.89,101.9,246,113.7,325,68.1,171,1/15/25 0:00
307,Texas Southern,SWAC,-11.97,95.4,340,107.4,201,71,39,1/15/25 0:00
308,Penn,Ivy,-12.26,101.2,260,113.4,320,65.7,270,1/15/25 0:00
309,North Carolina Central,MEAC,-12.32,102.3,238,114.6,335,66.5,239,1/15/25 0:00
310,Delaware St.,MEAC,-12.51,99.2,300,111.7,291,70.1,76,1/15/25 0:00
311,Portland,WCC,-12.59,100.1,285,112.7,306,69.1,116,1/15/25 0:00
312,North Carolina A&T,CAA,-12.73,100,287,112.7,307,73.1,10,1/15/25 0:00
313,Holy Cross,PL,-12.82,102.7,234,115.6,345,65.4,282,1/15/25 0:00
314,Loyola MD,PL,-12.85,99.8,292,112.7,305,67.4,207,1/15/25 0:00
315,Houston Christian,Slnd,-13.18,100.3,281,113.5,321,65.9,262,1/15/25 0:00
316,Fairfield,MAAC,-13.29,102.1,244,115.4,342,66.1,254,1/15/25 0:00
317,Fairleigh Dickinson,NEC,-13.57,101.8,248,115.4,343,69.9,81,1/15/25 0:00
318,Louisiana,SB,-13.61,100.6,278,114.2,331,67.3,213,1/15/25 0:00
319,IU Indy,Horz,-13.61,105,196,118.6,358,65,314,1/15/25 0:00
320,Binghamton,AE,-13.63,100.6,274,114.3,333,65.2,304,1/15/25 0:00
,,,,,Strength of Schedule,NCSOS,,,,1/15/25 0:00
Rk,Team,Conf,NetRtg,ORtg,DRtg,AdjT,Luck,NetRtg,ORtg,1/15/25 0:00
321,Prairie View A&M,SWAC,-13.66,101.1,261,114.7,338,71.6,32,1/15/25 0:00
322,Oral Roberts,Sum,-13.72,105.8,181,119.5,360,68.9,133,1/15/25 0:00
323,Grambling St.,SWAC,-13.94,97.4,327,111.4,284,65.7,269,1/15/25 0:00
324,Saint Francis,NEC,-14.01,99.2,299,113.3,318,67.9,182,1/15/25 0:00
325,Eastern Michigan,MAC,-14.39,100.9,266,115.3,341,68.4,154,1/15/25 0:00
326,Western Carolina,SC,-14.49,95,344,109.5,245,71.9,24,1/15/25 0:00
327,Lindenwood,OVC,-14.51,94.6,348,109.1,239,69.6,93,1/15/25 0:00
328,Cal St. Fullerton,BW,-14.64,97.7,323,112.3,300,65.7,268,1/15/25 0:00
329,Green Bay,Horz,-15,101,264,116,350,69.7,88,1/15/25 0:00
330,Rider,MAAC,-15.14,100,288,115.1,339,64.2,338,1/15/25 0:00
331,Southern Indiana,OVC,-15.34,96.8,333,112.2,299,67.1,220,1/15/25 0:00
332,VMI,SC,-15.45,98.5,314,113.9,328,67.6,198,1/15/25 0:00
333,Detroit Mercy,Horz,-15.62,96.4,336,112,296,67.4,208,1/15/25 0:00
334,Wagner,NEC,-15.73,91.1,361,106.8,187,61.4,362,1/15/25 0:00
335,Buffalo,MAC,-16.1,97.7,325,113.8,326,70.5,59,1/15/25 0:00
336,Stony Brook,CAA,-16.13,99.9,289,116,351,65.3,290,1/15/25 0:00
337,USC Upstate,BSth,-16.23,98.1,319,114.3,334,72.7,16,1/15/25 0:00
338,Alcorn St.,SWAC,-16.32,97.3,330,113.6,323,65.2,302,1/15/25 0:00
339,Morgan St.,MEAC,-16.33,102.3,240,118.6,359,71.3,35,1/15/25 0:00
340,Eastern Illinois,OVC,-16.38,94.7,347,111.1,276,66.7,229,1/15/25 0:00
341,Stetson,ASun,-16.42,100.6,277,117,354,68.3,162,1/15/25 0:00
342,Central Arkansas,ASun,-16.46,95.5,339,111.9,293,67.4,206,1/15/25 0:00
343,Le Moyne,NEC,-16.65,97.1,332,113.8,327,69.3,107,1/15/25 0:00
344,Western Illinois,OVC,-16.71,99.8,293,116.5,353,63.3,350,1/15/25 0:00
345,New Orleans,Slnd,-16.79,98.5,313,115.3,340,69.6,95,1/15/25 0:00
346,West Georgia,ASun,-16.82,97.4,328,114.2,332,67.8,187,1/15/25 0:00
347,Denver,Sum,-16.96,98.9,306,115.9,347,67,223,1/15/25 0:00
348,East Texas A&M,Slnd,-17.39,93.4,354,110.8,271,68.3,158,1/15/25 0:00
349,Louisiana Monroe,SB,-17.54,95,343,112.6,304,68.2,168,1/15/25 0:00
350,Sacramento St.,BSky,-17.61,92.9,357,110.5,265,64.4,334,1/15/25 0:00
351,Bellarmine,ASun,-19.63,102.5,236,122.1,364,66,256,1/15/25 0:00
352,The Citadel,SC,-19.72,93.5,352,113.2,316,65,315,1/15/25 0:00
353,Canisius,MAAC,-19.88,100.6,276,120.5,361,65.6,275,1/15/25 0:00
354,NJIT,AE,-19.96,91.5,359,111.4,285,65.1,305,1/15/25 0:00
355,Northern Illinois,MAC,-20.54,92.8,358,113.4,319,70.5,58,1/15/25 0:00
356,Mercyhurst,NEC,-20.62,94.9,345,115.5,344,64.1,342,1/15/25 0:00
357,Florida A&M,SWAC,-20.7,93.4,353,114.1,330,68.7,144,1/15/25 0:00
358,Maryland Eastern Shore,MEAC,-20.71,97.8,321,118.5,357,67.6,197,1/15/25 0:00
359,Alabama A&M,SWAC,-21.06,92.9,356,114,329,72.1,20,1/15/25 0:00
360,New Hampshire,AE,-21.76,91.2,360,113,314,67.7,189,1/15/25 0:00
,,,,,Strength of Schedule,NCSOS,,,,1/15/25 0:00
Rk,Team,Conf,NetRtg,ORtg,DRtg,AdjT,Luck,NetRtg,ORtg,1/15/25 0:00
361,Chicago St.,NEC,-22.29,88.4,362,110.7,270,68.9,132,1/15/25 0:00
362,Coppin St.,MEAC,-24.15,88,363,112.1,297,68.4,153,1/15/25 0:00
363,Arkansas Pine Bluff,SWAC,-24.9,97.2,331,122.1,363,73,12,1/15/25 0:00
364,Mississippi Valley St.,SWAC,-37.22,84.6,364,121.8,362,65.4,283,1/15/25 0:00
1,Auburn,SEC,37.08,131.1,1,94,14,68.3,163,1/16/25 0:00
2,Duke,ACC,36.6,124.2,3,87.6,2,65.6,278,1/16/25 0:00
3,Houston,B12,34.68,121.8,11,87.1,1,61.9,361,1/16/25 0:00
4,Iowa St.,B12,32.29,123.3,8,91,5,69.5,99,1/16/25 0:00
5,Tennessee,SEC,29.92,117.8,24,87.9,4,64.8,319,1/16/25 0:00
6,Florida,SEC,29.34,123.7,6,94.4,16,69.8,85,1/16/25 0:00
7,Kansas,B12,27.75,115.6,45,87.8,3,68.8,133,1/16/25 0:00
8,Illinois,B10,26.78,118.9,20,92.1,9,73,14,1/16/25 0:00
9,Gonzaga,WCC,26.73,123.8,5,97.1,37,70.4,63,1/16/25 0:00
10,Alabama,SEC,26.63,123.5,7,96.9,35,74.6,2,1/16/25 0:00
11,Michigan,B10,26.12,120.9,14,94.7,20,70.8,48,1/16/25 0:00
12,Purdue,B10,25.98,123.1,9,97.1,38,65.2,304,1/16/25 0:00
13,Marquette,BE,25.01,119.6,19,94.6,18,68.1,174,1/16/25 0:00
14,Michigan St.,B10,24.61,118.7,22,94,15,68.8,138,1/16/25 0:00
15,Arizona,B12,24.54,120.3,16,95.8,22,70.7,55,1/16/25 0:00
16,Kentucky,SEC,23.69,124.2,2,100.5,74,71.7,30,1/16/25 0:00
17,Texas Tech,B12,23.67,122.1,10,98.4,51,65.4,287,1/16/25 0:00
18,Mississippi,SEC,23.45,116.7,32,93.2,11,67.7,196,1/16/25 0:00
19,Texas A&M,SEC,23.39,116.7,33,93.3,12,67.1,220,1/16/25 0:00
20,Baylor,B12,22.49,120.4,15,97.9,46,65.3,289,1/16/25 0:00
21,Mississippi St.,SEC,22.4,119.9,18,97.5,40,68.3,162,1/16/25 0:00
22,Wisconsin,B10,22.29,120.9,13,98.6,54,68.2,170,1/16/25 0:00
23,St. John's,BE,22.21,114,56,91.8,8,70.5,62,1/16/25 0:00
24,Maryland,B10,21.52,117.5,25,96,24,70.2,71,1/16/25 0:00
25,Oregon,B10,21.06,118.6,23,97.6,41,68.6,149,1/16/25 0:00
26,Connecticut,BE,20.94,124.1,4,103.1,108,64.8,321,1/16/25 0:00
27,Clemson,ACC,19.88,116,39,96.1,27,64.8,320,1/16/25 0:00
28,North Carolina,ACC,19.59,116.2,36,96.6,31,73,13,1/16/25 0:00
29,Saint Mary's,WCC,19.44,116.1,38,96.6,32,63.1,352,1/16/25 0:00
30,Louisville,ACC,19.32,116.8,30,97.4,39,68.4,156,1/16/25 0:00
31,Ohio St.,B10,19.09,115.7,44,96.6,29,68.2,169,1/16/25 0:00
32,Pittsburgh,ACC,18.91,117.5,26,98.6,53,68.6,145,1/16/25 0:00
33,Missouri,SEC,18.52,118.8,21,100.3,70,68,179,1/16/25 0:00
34,Memphis,Amer,18.42,115.1,46,96.7,34,70.8,50,1/16/25 0:00
35,San Diego St.,MWC,18.15,109.5,115,91.4,6,66.2,249,1/16/25 0:00
36,Texas,SEC,18.01,115.8,43,97.8,45,67.7,198,1/16/25 0:00
37,UCLA,B10,17.82,111.1,90,93.3,13,66.2,254,1/16/25 0:00
38,Georgia,SEC,17.47,112,76,94.6,17,67.1,221,1/16/25 0:00
39,Cincinnati,B12,17.31,108.9,127,91.6,7,65.5,282,1/16/25 0:00
40,Nebraska,B10,16.81,111.8,78,95,21,68.8,137,1/16/25 0:00
,,,,,Strength of Schedule,NCSOS,,,,1/16/25 0:00
Rk,Team,Conf,NetRtg,ORtg,DRtg,AdjT,Luck,NetRtg,ORtg,1/16/25 0:00
41,Creighton,BE,16.62,114.4,53,97.8,44,69.4,103,1/16/25 0:00
42,West Virginia,B12,16.58,112.5,67,95.9,23,64.7,326,1/16/25 0:00
43,VCU,A10,16.35,112.3,69,96,25,66.5,239,1/16/25 0:00
44,Iowa,B10,16.22,120.2,17,104,128,72.1,18,1/16/25 0:00
45,BYU,B12,16.17,117.2,28,101,81,67.5,203,1/16/25 0:00
46,Penn St.,B10,15.83,116.1,37,100.3,71,71.8,25,1/16/25 0:00
47,Arkansas,SEC,15.76,112.1,74,96.4,28,69.5,100,1/16/25 0:00
48,Villanova,BE,15.73,121.8,12,106,167,63.4,349,1/16/25 0:00
49,Utah St.,MWC,15.69,116.7,31,101,82,68.9,129,1/16/25 0:00
50,Oklahoma,SEC,15.61,117.4,27,101.8,91,68,175,1/16/25 0:00
51,Boise St.,MWC,15.45,116.9,29,101.4,87,66.9,224,1/16/25 0:00
52,Xavier,BE,15.14,113.7,57,98.5,52,69.2,115,1/16/25 0:00
53,SMU,ACC,14.89,115.9,42,101,80,70.2,72,1/16/25 0:00
54,Vanderbilt,SEC,14.85,114.6,50,99.7,62,71,41,1/16/25 0:00
55,Northwestern,B10,14.63,111.3,87,96.7,33,65.3,293,1/16/25 0:00
56,UC Irvine,BW,13.93,106,181,92.1,10,69.2,112,1/16/25 0:00
57,Indiana,B10,13.39,112,75,98.6,55,70,78,1/16/25 0:00
58,Dayton,A10,13.34,116,41,102.6,102,65.6,276,1/16/25 0:00
59,New Mexico,MWC,13.21,110.9,98,97.7,43,73.4,8,1/16/25 0:00
60,North Texas,Amer,13.19,110.9,99,97.7,42,62,360,1/16/25 0:00
61,Florida St.,ACC,12.8,110.9,97,98.1,47,70.6,57,1/16/25 0:00
62,Georgetown,BE,12.73,107.5,153,94.7,19,68.6,147,1/16/25 0:00
63,Arizona St.,B12,12.67,111.1,92,98.4,50,68.1,173,1/16/25 0:00
64,USC,B10,12.25,112.9,64,100.6,75,68.3,158,1/16/25 0:00
65,Nevada,MWC,12.07,113,62,101,79,63.3,350,1/16/25 0:00
66,UC San Diego,BW,12.01,112.2,73,100.2,67,66.2,252,1/16/25 0:00
67,Oregon St.,WCC,11.95,113,61,101.1,84,64.9,316,1/16/25 0:00
68,McNeese,Slnd,11.93,111,95,99.1,57,65.9,262,1/16/25 0:00
69,LSU,SEC,11.59,111.1,93,99.5,61,68.8,134,1/16/25 0:00
70,Liberty,CUSA,11.29,109.6,113,98.3,49,64.7,323,1/16/25 0:00
71,Utah,B12,11.24,112.2,72,101,76,70.6,58,1/16/25 0:00
72,Santa Clara,WCC,11.23,114.5,52,103.3,114,68.8,135,1/16/25 0:00
73,UCF,B12,11.06,113.2,59,102.2,98,71,44,1/16/25 0:00
74,South Carolina,SEC,10.88,109,122,98.2,48,65.8,266,1/16/25 0:00
75,George Mason,A10,10.55,106.7,169,96.1,26,65,312,1/16/25 0:00
76,Wake Forest,ACC,10.49,107.5,152,97,36,66.5,237,1/16/25 0:00
77,Notre Dame,ACC,10.47,116,40,105.5,158,64.9,318,1/16/25 0:00
78,St. Bonaventure,A10,10.42,110.2,108,99.8,63,64,342,1/16/25 0:00
79,Yale,Ivy,10.3,114.2,54,103.9,126,67.7,190,1/16/25 0:00
80,Drake,MVC,10.25,110.7,102,100.4,72,59.7,364,1/16/25 0:00
,,,,,Strength of Schedule,NCSOS,,,,1/16/25 0:00
Rk,Team,Conf,NetRtg,ORtg,DRtg,AdjT,Luck,NetRtg,ORtg,1/16/25 0:00
81,San Francisco,WCC,10.01,111,96,101,77,67.5,204,1/16/25 0:00
82,Colorado St.,MWC,9.64,108.9,128,99.2,59,67.7,195,1/16/25 0:00
83,TCU,B12,9.62,106.2,178,96.6,30,66.6,235,1/16/25 0:00
84,Washington St.,WCC,9.45,111.5,83,102,95,71.5,34,1/16/25 0:00
85,Rutgers,B10,9.26,110.7,101,101.4,88,70.2,73,1/16/25 0:00
86,Lipscomb,ASun,9.07,110.1,110,101.1,83,66.4,244,1/16/25 0:00
87,Bradley,MVC,8.89,111,94,102.2,99,65.9,261,1/16/25 0:00
88,Colorado,B12,8.75,108.1,138,99.4,60,68.6,148,1/16/25 0:00
89,Butler,BE,8.72,112.3,70,103.6,118,67.8,187,1/16/25 0:00
90,Providence,BE,8.6,111.4,86,102.8,104,65.6,275,1/16/25 0:00
91,Saint Joseph's,A10,8.57,108.6,133,100,65,69.3,110,1/16/25 0:00
92,Stanford,ACC,7.94,114.2,55,106.2,173,67.3,212,1/16/25 0:00
93,N.C. State,ACC,7.85,111.6,80,103.8,121,64.9,315,1/16/25 0:00
94,Washington,B10,7.36,107.4,156,100,64,68.9,126,1/16/25 0:00
95,Arkansas St.,SB,7.01,109.5,114,102.5,100,69.7,91,1/16/25 0:00
96,Kansas St.,B12,6.45,108.5,134,102,96,67.9,183,1/16/25 0:00
97,Northern Iowa,MVC,6.33,112.4,68,106.1,169,65.7,270,1/16/25 0:00
98,High Point,BSth,6.23,116.3,35,110.1,252,66.7,232,1/16/25 0:00
99,Grand Canyon,WAC,6.09,106.4,176,100.3,69,72.4,17,1/16/25 0:00
100,Rhode Island,A10,5.71,107,163,101.3,85,71,42,1/16/25 0:00
101,UNLV,MWC,5.61,110.3,106,104.7,138,65,307,1/16/25 0:00
102,UAB,Amer,5.52,114.9,47,109.4,242,69.8,86,1/16/25 0:00
103,Samford,SC,5.48,114.7,48,109.2,237,70.7,56,1/16/25 0:00
104,Minnesota,B10,5.18,107.1,160,102,93,62.8,358,1/16/25 0:00
105,North Dakota St.,Sum,5.01,116.4,34,111.4,280,65.1,305,1/16/25 0:00
106,Georgia Tech,ACC,4.75,106.4,174,101.7,90,70.4,67,1/16/25 0:00
107,South Alabama,SB,4.75,106.7,168,102,94,63.4,348,1/16/25 0:00
108,Florida Atlantic,Amer,4.75,111.1,91,106.3,176,71.1,37,1/16/25 0:00
109,Davidson,A10,4.54,111.5,84,106.9,185,66.4,243,1/16/25 0:00
110,Troy,SB,4.53,107.4,155,102.9,106,65.6,277,1/16/25 0:00
111,St. Thomas,Sum,4.53,114.5,51,110,248,68.9,130,1/16/25 0:00
112,Murray St.,MVC,4.46,107.8,143,103.4,115,65.2,302,1/16/25 0:00
113,Oklahoma St.,B12,4.26,105.9,184,101.6,89,70.9,47,1/16/25 0:00
114,Princeton,Ivy,4.13,110.5,104,106.4,178,67.7,197,1/16/25 0:00
115,DePaul,BE,4.02,109.7,112,105.7,160,68.3,159,1/16/25 0:00
116,George Washington,A10,3.89,107.3,158,103.4,117,69.3,109,1/16/25 0:00
117,Middle Tennessee,CUSA,3.88,107.7,146,103.9,124,69.6,96,1/16/25 0:00
118,Louisiana Tech,CUSA,3.83,109.3,118,105.5,154,65.2,298,1/16/25 0:00
119,Saint Louis,A10,3.83,111.6,81,107.8,208,67.3,211,1/16/25 0:00
120,Akron,MAC,3.74,109.2,119,105.4,152,71.7,27,1/16/25 0:00
,,,,,Strength of Schedule,NCSOS,,,,1/16/25 0:00
Rk,Team,Conf,NetRtg,ORtg,DRtg,AdjT,Luck,NetRtg,ORtg,1/16/25 0:00
121,Temple,Amer,3.66,108,140,104.4,133,70.3,68,1/16/25 0:00
122,South Dakota St.,Sum,3.41,109.4,116,106,166,69.6,93,1/16/25 0:00
123,Wofford,SC,3.33,113,63,109.7,244,64.4,335,1/16/25 0:00
124,New Mexico St.,CUSA,3.28,107.1,159,103.9,123,66.3,246,1/16/25 0:00
125,Syracuse,ACC,3.19,108.7,131,105.5,155,70.1,75,1/16/25 0:00
126,Western Kentucky,CUSA,3.14,103.3,230,100.1,66,74.2,3,1/16/25 0:00
127,UNC Greensboro,SC,3.03,107.6,149,104.6,136,64,343,1/16/25 0:00
128,Purdue Fort Wayne,Horz,2.76,113.3,58,110.6,263,69.2,111,1/16/25 0:00
129,Charleston,CAA,2.48,106.2,177,103.7,120,72.8,15,1/16/25 0:00
130,Cornell,Ivy,2.42,113.2,60,110.8,268,71.1,38,1/16/25 0:00
131,Northern Colorado,BSky,2.36,111.3,88,108.9,229,70.2,70,1/16/25 0:00
132,Virginia,ACC,2.35,103.3,229,101,78,60.5,363,1/16/25 0:00
133,Appalachian St.,SB,2.33,103.7,220,101.4,86,65,310,1/16/25 0:00
134,California,ACC,2.29,111.6,82,109.3,241,68.4,154,1/16/25 0:00
135,Belmont,MVC,2.28,110.5,105,108.2,217,71.8,23,1/16/25 0:00
136,Wichita St.,Amer,2.27,107.7,145,105.5,153,70.7,54,1/16/25 0:00
137,East Tennessee St.,SC,2.23,109.1,121,106.8,184,66.7,226,1/16/25 0:00
138,Furman,SC,2.21,107,164,104.8,141,65.4,286,1/16/25 0:00
139,UC Santa Barbara,BW,2.07,107.9,142,105.8,165,64.7,325,1/16/25 0:00
140,Duquesne,A10,2.02,105.4,192,103.4,116,64.5,332,1/16/25 0:00
141,North Alabama,ASun,1.92,109,123,107.1,192,67.4,207,1/16/25 0:00
142,Kent St.,MAC,1.77,100.9,269,99.2,58,66.2,251,1/16/25 0:00
143,Illinois St.,MVC,1.76,111.9,77,110.2,255,64.9,317,1/16/25 0:00
144,Loyola Marymount,WCC,1.62,104.7,205,103.1,107,68,176,1/16/25 0:00
145,UNC Wilmington,CAA,1.62,108.2,137,106.6,179,66.2,250,1/16/25 0:00
146,Loyola Chicago,A10,1.59,106.9,166,105.3,149,68,180,1/16/25 0:00
147,Miami FL,ACC,1.53,114.6,49,113.1,315,67.6,202,1/16/25 0:00
148,Illinois Chicago,MVC,1.3,108.3,136,107,189,69.5,98,1/16/25 0:00
149,Utah Valley,WAC,1.06,101.6,255,100.5,73,69.1,117,1/16/25 0:00
150,Ohio,MAC,1.02,108.4,135,107.4,201,70.4,64,1/16/25 0:00
151,James Madison,SB,1,108.7,129,107.7,206,66.7,229,1/16/25 0:00
152,Seton Hall,BE,0.9,104.1,214,103.2,112,64,344,1/16/25 0:00
153,Texas St.,SB,0.88,110.1,109,109.2,238,65.9,264,1/16/25 0:00
154,Texas A&M Corpus Chris,Slnd,0.86,110,111,109.1,234,69,121,1/16/25 0:00
155,Tulane,Amer,0.79,105.8,186,105,145,67.8,188,1/16/25 0:00
156,CSUN,BW,0.78,105.7,187,104.9,144,73.3,9,1/16/25 0:00
157,Miami OH,MAC,0.73,107.9,141,107.2,195,69,122,1/16/25 0:00
158,Milwaukee,Horz,0.71,104.9,201,104.2,131,69.4,101,1/16/25 0:00
159,Elon,CAA,0.7,107.4,154,106.7,181,64.6,327,1/16/25 0:00
160,Sam Houston St.,CUSA,0.7,112.6,66,111.9,289,69.3,107,1/16/25 0:00
,,,,,Strength of Schedule,NCSOS,,,,1/16/25 0:00
Rk,Team,Conf,NetRtg,ORtg,DRtg,AdjT,Luck,NetRtg,ORtg,1/16/25 0:00
161,Virginia Tech,ACC,0.69,107.5,150,106.8,183,64.7,324,1/16/25 0:00
162,Seattle,WAC,0.47,106.6,173,106.1,168,66.6,233,1/16/25 0:00
163,UTEP,CUSA,0.47,104.3,212,103.9,125,68.4,155,1/16/25 0:00
164,UMass Lowell,AE,0.38,110.6,103,110.2,254,70.8,52,1/16/25 0:00
165,Jacksonville,ASun,0.32,102.4,239,102.1,97,68.4,153,1/16/25 0:00
166,Hawaii,BW,0.21,105.7,188,105.5,157,66,260,1/16/25 0:00
167,La Salle,A10,0.17,106.6,171,106.4,177,70.8,53,1/16/25 0:00
168,Cal Baptist,WAC,0.13,108.9,126,108.8,225,66.2,253,1/16/25 0:00
169,South Florida,Amer,-0.04,109.1,120,109.1,233,68.2,171,1/16/25 0:00
170,Jacksonville St.,CUSA,-0.08,110.3,107,110.4,258,65.4,283,1/16/25 0:00
171,Chattanooga,SC,-0.09,112.6,65,112.7,303,66.7,231,1/16/25 0:00
172,Norfolk St.,MEAC,-0.14,107.4,157,107.5,203,66.5,240,1/16/25 0:00
173,Cleveland St.,Horz,-0.18,105.5,190,105.7,161,66.4,241,1/16/25 0:00
174,East Carolina,Amer,-0.35,105.2,196,105.5,156,67.2,218,1/16/25 0:00
175,Florida Gulf Coast,ASun,-0.57,107.5,151,108.1,213,65.7,272,1/16/25 0:00
176,Bryant,AE,-0.75,105.4,191,106.2,171,73.9,5,1/16/25 0:00
177,Radford,BSth,-0.76,109,124,109.8,245,64.1,339,1/16/25 0:00
178,Oakland,Horz,-1.08,105.9,182,107,191,62.4,359,1/16/25 0:00
179,Hofstra,CAA,-1.18,97.9,322,99.1,56,64.2,337,1/16/25 0:00
180,Wyoming,MWC,-1.19,103.6,223,104.7,140,65.2,303,1/16/25 0:00
181,San Jose St.,MWC,-1.2,107.7,148,108.9,228,65.7,269,1/16/25 0:00
182,UC Riverside,BW,-1.4,104.8,202,106.2,174,67.9,185,1/16/25 0:00
183,Wright St.,Horz,-1.4,108.7,132,110.1,251,67.7,193,1/16/25 0:00
184,William & Mary,CAA,-1.54,111.4,85,113,311,71,39,1/16/25 0:00
185,Winthrop,BSth,-1.66,107,162,108.7,224,72.7,16,1/16/25 0:00
186,Columbia,Ivy,-1.71,110.8,100,112.5,300,68.3,164,1/16/25 0:00
187,Drexel,CAA,-1.75,103.4,228,105.1,148,63.9,346,1/16/25 0:00
188,Merrimack,MAAC,-1.77,100.8,273,102.5,101,64.8,322,1/16/25 0:00
189,Towson,CAA,-1.8,104.4,210,106.2,175,63.1,353,1/16/25 0:00
190,UNC Asheville,BSth,-2.03,112.3,71,114.3,331,68.5,150,1/16/25 0:00
191,Montana St.,BSky,-2.03,103.7,219,105.8,163,67.3,214,1/16/25 0:00
192,Marshall,SB,-2.08,104.7,204,106.8,182,68.8,139,1/16/25 0:00
193,Rice,Amer,-2.09,104.1,215,106.2,172,65.3,290,1/16/25 0:00
194,Longwood,BSth,-2.61,104.6,208,107.2,197,69.1,120,1/16/25 0:00
195,Pepperdine,WCC,-2.69,104,216,106.7,180,69.8,84,1/16/25 0:00
196,Northeastern,CAA,-2.81,102.1,243,104.9,143,68.7,143,1/16/25 0:00
197,Kennesaw St.,CUSA,-2.82,104.9,200,107.7,205,71.9,21,1/16/25 0:00
198,UT Arlington,WAC,-2.97,107.8,144,110.7,267,69.9,80,1/16/25 0:00
199,Nicholls,Slnd,-2.98,104.8,203,107.8,207,69.2,114,1/16/25 0:00
200,Youngstown St.,Horz,-3.08,98.7,313,101.8,92,70.4,66,1/16/25 0:00
,,,,,Strength of Schedule,NCSOS,,,,1/16/25 0:00
Rk,Team,Conf,NetRtg,ORtg,DRtg,AdjT,Luck,NetRtg,ORtg,1/16/25 0:00
201,Boston College,ACC,-3.1,105.3,194,108.4,222,66.6,234,1/16/25 0:00
202,Valparaiso,MVC,-3.11,105,197,108.2,216,68.8,136,1/16/25 0:00
203,Brown,Ivy,-3.49,104.6,206,108.1,215,65,309,1/16/25 0:00
204,Southeastern Louisiana,Slnd,-3.55,101,265,104.5,135,68,178,1/16/25 0:00
205,Massachusetts,A10,-3.72,104.3,213,108,212,71.7,29,1/16/25 0:00
206,Indiana St.,MVC,-3.82,109,125,112.8,304,73.8,6,1/16/25 0:00
207,Central Michigan,MAC,-3.9,101.4,259,105.3,150,67.5,206,1/16/25 0:00
208,Marist,MAAC,-4.05,101.1,263,105.1,147,64.4,333,1/16/25 0:00
209,Southern,SWAC,-4.05,99.2,302,103.3,113,69.1,118,1/16/25 0:00
210,Toledo,MAC,-4.15,108.7,130,112.9,308,70.4,65,1/16/25 0:00
211,Quinnipiac,MAAC,-4.18,99,306,103.2,110,70.9,46,1/16/25 0:00
212,Delaware,CAA,-4.22,109.4,117,113.6,322,70.8,51,1/16/25 0:00
213,Richmond,A10,-4.4,102.6,237,107,186,65,311,1/16/25 0:00
214,Lamar,Slnd,-4.45,100.3,283,104.7,137,66.4,242,1/16/25 0:00
215,Montana,BSky,-4.46,105.4,193,109.8,247,69.4,102,1/16/25 0:00
216,Southern Utah,WAC,-4.55,103.5,224,108.1,214,69.7,89,1/16/25 0:00
217,Southern Illinois,MVC,-4.58,102.8,233,107.3,200,69.3,108,1/16/25 0:00
218,Maine,AE,-4.65,100.2,285,104.8,142,67.6,199,1/16/25 0:00
219,North Florida,ASun,-4.67,111.7,79,116.4,350,72,20,1/16/25 0:00
220,Central Connecticut,NEC,-4.69,99.1,304,103.8,122,64.6,328,1/16/25 0:00
221,Queens,ASun,-4.74,105.6,189,110.4,259,69.9,83,1/16/25 0:00
222,UT Rio Grande Valley,Slnd,-4.8,106.2,179,111,273,68.5,151,1/16/25 0:00
223,Abilene Christian,WAC,-4.87,99.4,297,104.3,132,68.6,146,1/16/25 0:00
224,Nebraska Omaha,Sum,-4.91,106.1,180,111,274,67.7,194,1/16/25 0:00
225,Mount St. Mary's,MAAC,-4.91,99.6,295,104.5,134,68.7,142,1/16/25 0:00
226,Eastern Kentucky,ASun,-4.96,106.4,175,111.4,279,69,125,1/16/25 0:00
227,Little Rock,OVC,-4.99,97.6,326,102.6,103,67.9,184,1/16/25 0:00
228,Kansas City,Sum,-5.09,102,245,107.1,193,65.1,306,1/16/25 0:00
229,Mercer,SC,-5.21,102.6,236,107.8,209,71.8,24,1/16/25 0:00
230,UMBC,AE,-5.23,107.7,147,112.9,310,71.7,28,1/16/25 0:00
231,Weber St.,BSky,-5.27,106.6,170,111.9,290,65.5,281,1/16/25 0:00
232,Cal St. Bakersfield,BW,-5.35,105.2,195,110.6,264,65.3,292,1/16/25 0:00
233,UTSA,Amer,-5.38,106.6,172,111.9,293,71.8,26,1/16/25 0:00
234,Robert Morris,Horz,-5.4,100.4,280,105.8,164,69.7,90,1/16/25 0:00
235,South Carolina St.,MEAC,-5.52,101.6,253,107.2,196,68.7,144,1/16/25 0:00
236,Colgate,PL,-5.52,102,244,107.6,204,66.3,245,1/16/25 0:00
237,FIU,CUSA,-5.53,98.5,317,104,127,70.2,74,1/16/25 0:00
238,Vermont,AE,-5.76,97.4,330,103.2,109,62.8,354,1/16/25 0:00
239,Northern Kentucky,Horz,-5.86,99.2,303,105,146,64.6,329,1/16/25 0:00
240,Fordham,A10,-5.9,102,246,107.9,210,71.3,36,1/16/25 0:00
,,,,,Strength of Schedule,NCSOS,,,,1/16/25 0:00
Rk,Team,Conf,NetRtg,ORtg,DRtg,AdjT,Luck,NetRtg,ORtg,1/16/25 0:00
241,Saint Peter's,MAAC,-6.27,97.8,324,104,129,62.8,357,1/16/25 0:00
242,American,PL,-6.34,103.3,231,109.6,243,63.7,347,1/16/25 0:00
243,Idaho St.,BSky,-6.45,101.9,248,108.3,220,65.5,280,1/16/25 0:00
244,Gardner Webb,BSth,-6.61,103.6,221,110.2,256,70,79,1/16/25 0:00
245,Ball St.,MAC,-6.62,103.9,218,110.5,262,67.6,201,1/16/25 0:00
246,Portland St.,BSky,-6.88,100.4,279,107.3,199,69.9,82,1/16/25 0:00
247,Hampton,CAA,-6.91,101.5,257,108.5,223,65.3,296,1/16/25 0:00
248,Stephen F. Austin,Slnd,-6.98,93.2,355,100.2,68,66.6,236,1/16/25 0:00
249,Cal Poly,BW,-7.06,105,198,112,294,74.7,1,1/16/25 0:00
250,Charlotte,Amer,-7.08,104.4,211,111.4,282,65,308,1/16/25 0:00
251,South Dakota,Sum,-7.17,111.3,89,118.4,357,73.7,7,1/16/25 0:00
252,Bethune Cookman,SWAC,-7.4,95.8,339,103.2,111,69.2,113,1/16/25 0:00
253,Eastern Washington,BSky,-7.54,103.9,217,111.5,283,67.9,182,1/16/25 0:00
254,SIUE,OVC,-7.58,98.1,320,105.6,159,65.3,291,1/16/25 0:00
255,UC Davis,BW,-7.69,95.2,343,102.9,105,70.8,49,1/16/25 0:00
256,Idaho,BSky,-7.74,107.1,161,114.8,336,66,259,1/16/25 0:00
257,Albany,AE,-7.83,103.4,226,111.3,278,69,123,1/16/25 0:00
258,Harvard,Ivy,-8.11,100.2,284,108.4,221,66.3,247,1/16/25 0:00
259,Fresno St.,MWC,-8.18,99,307,107.1,194,74,4,1/16/25 0:00
260,Missouri St.,MVC,-8.18,100.8,272,109,231,63.9,345,1/16/25 0:00
261,Campbell,CAA,-8.24,100.1,290,108.3,219,67.1,219,1/16/25 0:00
262,Presbyterian,BSth,-8.26,103.4,227,111.7,286,64.4,336,1/16/25 0:00
263,Bucknell,PL,-8.32,95.8,338,104.1,130,68.2,168,1/16/25 0:00
264,Northern Arizona,BSky,-8.33,102.6,235,111,272,67.7,191,1/16/25 0:00
265,Lafayette,PL,-8.34,98.6,314,107,187,66.3,248,1/16/25 0:00
266,Northwestern St.,Slnd,-8.78,101.7,251,110.5,261,64.4,334,1/16/25 0:00
267,Bowling Green,MAC,-8.85,102.2,242,111,275,70.1,76,1/16/25 0:00
268,North Dakota,Sum,-8.87,106.8,167,115.7,345,68.9,127,1/16/25 0:00
269,Southern Miss,SB,-8.94,100.3,281,109.3,240,70.5,61,1/16/25 0:00
270,Sacred Heart,MAAC,-8.99,103.4,225,112.4,298,69.6,95,1/16/25 0:00
271,Morehead St.,OVC,-9.07,100.1,288,109.2,236,66,258,1/16/25 0:00
272,Evansville,MVC,-9.2,94.5,349,103.7,119,66.7,227,1/16/25 0:00
273,Incarnate Word,Slnd,-9.22,106.9,165,116.1,348,65.3,294,1/16/25 0:00
274,Western Michigan,MAC,-9.32,103.6,222,112.9,309,68,177,1/16/25 0:00
275,Monmouth,CAA,-9.34,101.8,250,111.1,276,66.7,230,1/16/25 0:00
276,Siena,MAAC,-9.38,98.8,311,108.2,218,65.8,265,1/16/25 0:00
277,Southeast Missouri,OVC,-9.41,98.5,316,107.9,211,69.4,105,1/16/25 0:00
278,Iona,MAAC,-9.46,96.6,334,106.1,170,70.3,69,1/16/25 0:00
279,Lehigh,PL,-9.47,101,268,110.4,260,68.2,165,1/16/25 0:00
280,Tulsa,Amer,-9.5,100.6,276,110.1,253,67.3,216,1/16/25 0:00
,,,,,Strength of Schedule,NCSOS,,,,1/16/25 0:00
Rk,Team,Conf,NetRtg,ORtg,DRtg,AdjT,Luck,NetRtg,ORtg,1/16/25 0:00
281,Utah Tech,WAC,-9.68,100.3,282,110,249,67.4,208,1/16/25 0:00
282,Jackson St.,SWAC,-9.73,95.6,340,105.3,151,69.8,87,1/16/25 0:00
283,Tarleton St.,WAC,-9.77,95,345,104.7,139,65.7,268,1/16/25 0:00
284,Tennessee Martin,OVC,-9.79,99.3,301,109.1,232,67,223,1/16/25 0:00
285,Alabama St.,SWAC,-9.86,104.9,199,114.8,337,69,124,1/16/25 0:00
286,Georgia Southern,SB,-9.9,98.9,308,108.8,226,71.7,31,1/16/25 0:00
287,Howard,MEAC,-9.94,108.1,139,118,355,69.1,119,1/16/25 0:00
288,Boston University,PL,-9.95,98.9,309,108.8,227,62.8,355,1/16/25 0:00
289,Charleston Southern,BSth,-9.97,101.7,252,111.6,285,68.9,128,1/16/25 0:00
290,Dartmouth,Ivy,-10.08,98.9,310,109,230,70.9,45,1/16/25 0:00
291,Manhattan,MAAC,-10.24,105.8,185,116.1,347,69.4,104,1/16/25 0:00
292,Coastal Carolina,SB,-10.37,101,264,111.4,281,62.8,356,1/16/25 0:00
293,San Diego,WCC,-10.5,96.5,335,107,188,71,43,1/16/25 0:00
294,Long Beach St.,BW,-10.51,103.2,232,113.7,324,64.1,340,1/16/25 0:00
295,Old Dominion,SB,-10.52,99.7,294,110.3,257,67.3,213,1/16/25 0:00
296,Air Force,MWC,-10.68,99.3,299,110,250,64.5,331,1/16/25 0:00
297,Georgia St.,SB,-10.75,101.1,262,111.8,288,69.6,92,1/16/25 0:00
298,Stonehill,NEC,-10.83,100.9,270,111.7,287,65.4,284,1/16/25 0:00
299,Army,PL,-10.96,101.6,254,112.6,301,68.2,167,1/16/25 0:00
300,Pacific,WCC,-11.17,101.8,249,113,312,67.8,189,1/16/25 0:00
301,LIU,NEC,-11.21,96,337,107.2,198,66.1,257,1/16/25 0:00
302,Tennessee Tech,OVC,-11.23,99.6,296,110.8,270,68.8,140,1/16/25 0:00
303,Austin Peay,ASun,-11.39,94.3,350,105.7,162,65.3,295,1/16/25 0:00
304,Tennessee St.,OVC,-11.42,98.4,319,109.8,246,71.9,22,1/16/25 0:00
305,Niagara,MAAC,-11.89,101.2,261,113.1,314,65.3,297,1/16/25 0:00
306,Texas Southern,SWAC,-11.99,95.5,342,107.5,202,71,40,1/16/25 0:00
307,Penn,Ivy,-12.19,101.4,258,113.6,320,65.8,267,1/16/25 0:00
308,Navy,PL,-12.26,101.5,256,113.8,325,68.2,166,1/16/25 0:00
309,North Carolina Central,MEAC,-12.29,102.3,240,114.6,335,66.5,238,1/16/25 0:00
310,Delaware St.,MEAC,-12.5,99.4,298,111.9,292,70,77,1/16/25 0:00
311,Holy Cross,PL,-12.64,104.5,209,117.1,354,65.6,279,1/16/25 0:00
312,Portland,WCC,-12.72,100.1,287,112.8,307,69.2,116,1/16/25 0:00
313,North Carolina A&T,CAA,-12.75,100.1,289,112.8,306,73,11,1/16/25 0:00
314,Loyola MD,PL,-12.85,100,292,112.8,305,67.5,205,1/16/25 0:00
315,Houston Christian,Slnd,-13.18,100.5,278,113.6,321,65.9,263,1/16/25 0:00
316,Fairfield,MAAC,-13.3,102.2,241,115.5,343,66.2,255,1/16/25 0:00
317,Fairleigh Dickinson,NEC,-13.55,101.9,247,115.5,342,69.9,81,1/16/25 0:00
318,Binghamton,AE,-13.6,100.8,274,114.4,334,65.2,301,1/16/25 0:00
319,Louisiana,SB,-13.66,100.6,277,114.2,329,67.3,215,1/16/25 0:00
320,Prairie View A&M,SWAC,-13.66,101.2,260,114.8,338,71.6,32,1/16/25 0:00
,,,,,Strength of Schedule,NCSOS,,,,1/16/25 0:00
Rk,Team,Conf,NetRtg,ORtg,DRtg,AdjT,Luck,NetRtg,ORtg,1/16/25 0:00
321,IU Indy,Horz,-13.7,104.6,207,118.3,356,65.2,300,1/16/25 0:00
322,Oral Roberts,Sum,-13.84,105.9,183,119.8,360,68.9,131,1/16/25 0:00
323,Grambling St.,SWAC,-13.93,97.6,327,111.5,284,65.7,273,1/16/25 0:00
324,Saint Francis,NEC,-14.08,99.3,300,113.4,318,68,181,1/16/25 0:00
325,VMI,SC,-14.18,98.4,318,112.6,302,67.2,217,1/16/25 0:00
326,Eastern Michigan,MAC,-14.28,101,266,115.3,340,68.4,157,1/16/25 0:00
327,Lindenwood,OVC,-14.54,94.7,348,109.3,239,69.6,94,1/16/25 0:00
328,Cal St. Fullerton,BW,-14.79,97.7,325,112.5,299,65.7,271,1/16/25 0:00
329,Green Bay,Horz,-15.01,101,267,116,346,69.7,88,1/16/25 0:00
330,Rider,MAAC,-15.16,99.9,293,115.1,339,64.2,338,1/16/25 0:00
331,USC Upstate,BSth,-15.22,99,305,114.2,330,73.1,10,1/16/25 0:00
332,Southern Indiana,OVC,-15.32,96.8,333,112.1,296,67.1,222,1/16/25 0:00
333,Detroit Mercy,Horz,-15.61,96.3,336,111.9,291,67.4,210,1/16/25 0:00
334,Wagner,NEC,-15.75,91.3,359,107,190,61.5,362,1/16/25 0:00
335,Western Carolina,SC,-15.89,93.3,354,109.1,235,71.5,33,1/16/25 0:00
336,Stony Brook,CAA,-16.04,100.1,286,116.2,349,65.4,288,1/16/25 0:00
337,Buffalo,MAC,-16.07,97.8,323,113.9,326,70.6,59,1/16/25 0:00
338,Alcorn St.,SWAC,-16.23,97.4,329,113.7,323,65.2,299,1/16/25 0:00
339,Morgan St.,MEAC,-16.34,102.5,238,118.8,359,71.3,35,1/16/25 0:00
340,Stetson,ASun,-16.36,100.7,275,117,353,68.3,161,1/16/25 0:00
341,Eastern Illinois,OVC,-16.4,94.7,347,111.1,277,66.7,225,1/16/25 0:00
342,Central Arkansas,ASun,-16.49,95.6,341,112,295,67.4,209,1/16/25 0:00
343,Le Moyne,NEC,-16.63,97.3,331,113.9,327,69.3,106,1/16/25 0:00
344,New Orleans,Slnd,-16.64,98.8,312,115.4,341,69.6,97,1/16/25 0:00
345,Western Illinois,OVC,-16.71,100,291,116.7,351,63.2,351,1/16/25 0:00
346,West Georgia,ASun,-16.82,97.5,328,114.3,333,67.8,186,1/16/25 0:00
347,East Texas A&M,Slnd,-17.41,93.4,353,110.8,271,68.3,160,1/16/25 0:00
348,Sacramento St.,BSky,-17.7,93,358,110.7,266,64.5,330,1/16/25 0:00
349,Louisiana Monroe,SB,-18.1,95.1,344,113.2,317,68.1,172,1/16/25 0:00
350,Denver,Sum,-18.24,98.6,315,116.8,352,66.7,228,1/16/25 0:00
351,The Citadel,SC,-19.48,93.7,351,113.2,316,64.9,313,1/16/25 0:00
352,Bellarmine,ASun,-19.73,102.7,234,122.5,364,66.1,256,1/16/25 0:00
353,Canisius,MAAC,-19.77,100.8,271,120.6,361,65.7,274,1/16/25 0:00
354,Northern Illinois,MAC,-20.44,93,357,113.4,319,70.5,60,1/16/25 0:00
355,NJIT,AE,-20.56,90.1,361,110.7,265,64.9,314,1/16/25 0:00
356,Florida A&M,SWAC,-20.7,93.6,352,114.3,332,68.7,141,1/16/25 0:00
357,Mercyhurst,NEC,-20.71,94.9,346,115.7,344,64.1,341,1/16/25 0:00
358,Maryland Eastern Shore,MEAC,-20.74,98,321,118.7,358,67.6,200,1/16/25 0:00
359,Alabama A&M,SWAC,-21.05,93.1,356,114.1,328,72.1,19,1/16/25 0:00
360,New Hampshire,AE,-21.74,91.3,360,113,313,67.7,192,1/16/25 0:00
,,,,,Strength of Schedule,NCSOS,,,,1/16/25 0:00
Rk,Team,Conf,NetRtg,ORtg,DRtg,AdjT,Luck,NetRtg,ORtg,1/16/25 0:00
361,Chicago St.,NEC,-22.33,88.5,362,110.8,269,68.8,132,1/16/25 0:00
362,Coppin St.,MEAC,-24.1,88.1,363,112.2,297,68.5,152,1/16/25 0:00
363,Arkansas Pine Bluff,SWAC,-24.96,97.2,332,122.2,363,73,12,1/16/25 0:00
364,Mississippi Valley St.,SWAC,-37.18,84.7,364,121.9,362,65.4,285,1/16/25 0:00
1,Auburn,SEC,37.02,131.4,1,94.3,15,68.2,165,1/17/25 0:00
2,Duke,ACC,36.6,124.5,3,87.9,2,65.5,276,1/17/25 0:00
3,Houston,B12,34.66,122.1,12,87.4,1,61.8,361,1/17/25 0:00
4,Iowa St.,B12,32.28,123.6,8,91.4,5,69.4,101,1/17/25 0:00
5,Tennessee,SEC,29.94,118.1,24,88.2,4,64.8,320,1/17/25 0:00
6,Florida,SEC,29.32,124.1,6,94.8,16,69.7,83,1/17/25 0:00
7,Kansas,B12,27.73,115.9,45,88.1,3,68.7,135,1/17/25 0:00
8,Illinois,B10,26.81,119.3,20,92.5,10,72.9,13,1/17/25 0:00
9,Alabama,SEC,26.66,123.7,7,97,33,74.5,1,1/17/25 0:00
10,Purdue,B10,26.02,123.2,9,97.2,34,65.1,298,1/17/25 0:00
11,Gonzaga,WCC,25.64,124.2,4,98.6,48,70.5,58,1/17/25 0:00
12,Michigan,B10,25.11,121.4,13,96.3,24,70.5,55,1/17/25 0:00
13,Marquette,BE,25,119.9,19,94.9,18,68,176,1/17/25 0:00
14,Michigan St.,B10,24.54,118.8,23,94.3,14,68.8,132,1/17/25 0:00
15,Arizona,B12,24.47,120.6,15,96.1,21,70.6,51,1/17/25 0:00
16,Kentucky,SEC,23.7,124.5,2,100.8,76,71.6,30,1/17/25 0:00
17,Texas Tech,B12,23.64,122.4,10,98.7,51,65.3,287,1/17/25 0:00
18,Mississippi,SEC,23.42,116.9,32,93.5,13,67.6,197,1/17/25 0:00
19,Texas A&M,SEC,23.4,116.8,33,93.5,12,67,219,1/17/25 0:00
20,Wisconsin,B10,22.39,121,14,98.6,49,68.2,162,1/17/25 0:00
21,Baylor,B12,22.37,120.6,16,98.2,45,65.3,290,1/17/25 0:00
22,Mississippi St.,SEC,22.31,120.1,18,97.8,39,68.2,166,1/17/25 0:00
23,St. John's,BE,22.24,114.3,56,92,8,70.4,62,1/17/25 0:00
24,Maryland,B10,21.28,117.4,28,96.1,20,70.1,70,1/17/25 0:00
25,Oregon,B10,21.1,119,21,97.9,40,68.6,144,1/17/25 0:00
26,Connecticut,BE,20.8,124.2,5,103.4,109,64.7,324,1/17/25 0:00
27,Clemson,ACC,19.83,116.2,40,96.4,25,64.7,323,1/17/25 0:00
28,North Carolina,ACC,19.52,116.5,35,97,32,72.9,12,1/17/25 0:00
29,Saint Mary's,WCC,19.39,116.2,38,96.9,30,63.1,351,1/17/25 0:00
30,Louisville,ACC,19.31,117,30,97.7,37,68.3,157,1/17/25 0:00
31,Ohio St.,B10,19.19,115.9,44,96.7,29,68.1,170,1/17/25 0:00
32,Pittsburgh,ACC,18.88,117.8,25,98.9,54,68.5,145,1/17/25 0:00
33,Missouri,SEC,18.41,119,22,100.6,72,67.9,179,1/17/25 0:00
34,San Diego St.,MWC,18.06,109.7,116,91.6,6,66.2,248,1/17/25 0:00
35,Texas,SEC,18,116.1,43,98.1,44,67.6,191,1/17/25 0:00
36,UCLA,B10,17.71,111,100,93.3,11,66.1,254,1/17/25 0:00
37,Georgia,SEC,17.5,112.3,77,94.8,17,67,221,1/17/25 0:00
38,Memphis,Amer,17.37,115.4,46,98,43,70.8,48,1/17/25 0:00
39,Cincinnati,B12,17.25,109.2,127,91.9,7,65.4,281,1/17/25 0:00
40,Creighton,BE,16.57,114.6,52,98,42,69.3,103,1/17/25 0:00
,,,,,Strength of Schedule,NCSOS,,,,1/17/25 0:00
Rk,Team,Conf,NetRtg,ORtg,DRtg,AdjT,Luck,NetRtg,ORtg,1/17/25 0:00
41,West Virginia,B12,16.53,112.7,70,96.2,22,64.6,327,1/17/25 0:00
42,VCU,A10,16.35,112.6,73,96.2,23,66.4,240,1/17/25 0:00
43,BYU,B12,16.26,117.5,27,101.2,81,67.4,204,1/17/25 0:00
44,Iowa,B10,16.16,120.5,17,104.3,130,72.1,18,1/17/25 0:00
45,Nebraska,B10,15.87,113.3,64,97.4,36,68.2,160,1/17/25 0:00
46,Villanova,BE,15.81,122.2,11,106.3,169,63.3,349,1/17/25 0:00
47,Penn St.,B10,15.78,116.3,36,100.6,70,71.8,21,1/17/25 0:00
48,Utah St.,MWC,15.72,117,31,101.3,83,68.8,129,1/17/25 0:00
49,Arkansas,SEC,15.69,112.3,76,96.6,28,69.5,99,1/17/25 0:00
50,Oklahoma,SEC,15.46,117.5,26,102,92,68,177,1/17/25 0:00
51,Boise St.,MWC,15.45,117.2,29,101.7,88,66.8,225,1/17/25 0:00
52,Xavier,BE,15.09,113.9,57,98.8,53,69.1,116,1/17/25 0:00
53,Northwestern,B10,14.91,111.4,87,96.5,26,65.2,295,1/17/25 0:00
54,Vanderbilt,SEC,14.85,114.8,51,99.9,63,70.9,43,1/17/25 0:00
55,SMU,ACC,14.83,116.1,42,101.3,84,70.2,68,1/17/25 0:00
56,UC Irvine,BW,13.95,106.2,184,92.3,9,69.7,84,1/17/25 0:00
57,Indiana,B10,13.4,112.2,79,98.8,52,70,74,1/17/25 0:00
58,Dayton,A10,13.34,116.3,37,102.9,104,65.6,274,1/17/25 0:00
59,North Texas,Amer,13.3,111.1,98,97.8,38,62,360,1/17/25 0:00
60,New Mexico,MWC,13.16,111.2,95,98,41,73.4,8,1/17/25 0:00
61,Oregon St.,WCC,13.11,114.6,53,101.5,86,65,304,1/17/25 0:00
62,UC San Diego,BW,13.02,113.1,66,100.1,64,66,257,1/17/25 0:00
63,Florida St.,ACC,12.9,111.2,94,98.3,46,70.5,54,1/17/25 0:00
64,Arizona St.,B12,12.66,111.4,91,98.7,50,68.1,171,1/17/25 0:00
65,Georgetown,BE,12.61,107.7,157,95.1,19,68.5,146,1/17/25 0:00
66,USC,B10,12.29,113,67,100.7,75,68.3,156,1/17/25 0:00
67,Nevada,MWC,12.03,113.5,61,101.5,85,63.3,350,1/17/25 0:00
68,McNeese,Slnd,11.9,111.3,93,99.4,56,65.8,264,1/17/25 0:00
69,LSU,SEC,11.51,111.4,92,99.9,61,68.7,137,1/17/25 0:00
70,Utah,B12,11.29,112.5,74,101.2,80,70.4,60,1/17/25 0:00
71,UCF,B12,11.02,113.5,62,102.5,98,70.9,42,1/17/25 0:00
72,Santa Clara,WCC,10.91,113.6,58,102.7,102,68.5,149,1/17/25 0:00
73,South Carolina,SEC,10.87,109.3,126,98.4,47,65.7,269,1/17/25 0:00
74,St. Bonaventure,A10,10.63,110.5,110,99.9,62,63.9,343,1/17/25 0:00
75,San Francisco,WCC,10.58,111.6,85,101,78,67.6,198,1/17/25 0:00
76,Notre Dame,ACC,10.53,116.2,41,105.7,152,64.8,316,1/17/25 0:00
77,George Mason,A10,10.52,107.1,172,96.5,27,64.8,315,1/17/25 0:00
78,Yale,Ivy,10.48,114.5,55,104,126,67.6,192,1/17/25 0:00
79,Wake Forest,ACC,10.47,107.7,156,97.2,35,66.5,236,1/17/25 0:00
80,Drake,MVC,10.29,110.9,102,100.7,74,59.6,364,1/17/25 0:00
,,,,,Strength of Schedule,NCSOS,,,,1/17/25 0:00
Rk,Team,Conf,NetRtg,ORtg,DRtg,AdjT,Luck,NetRtg,ORtg,1/17/25 0:00
81,Liberty,CUSA,10.27,109.5,118,99.2,55,65,307,1/17/25 0:00
82,Lipscomb,ASun,10.23,110.8,104,100.5,68,66.3,242,1/17/25 0:00
83,Rutgers,B10,10.22,113.2,65,103,105,69.7,89,1/17/25 0:00
84,TCU,B12,9.56,106.5,178,96.9,31,66.5,234,1/17/25 0:00
85,Colorado St.,MWC,9.54,109.1,128,99.6,59,67.6,193,1/17/25 0:00
86,Washington St.,WCC,9.02,111.1,99,102.1,93,71.1,36,1/17/25 0:00
87,Bradley,MVC,8.89,111.4,89,102.5,99,65.9,260,1/17/25 0:00
88,Butler,BE,8.73,112.6,72,103.9,119,67.7,190,1/17/25 0:00
89,Colorado,B12,8.73,108.4,139,99.7,60,68.5,150,1/17/25 0:00
90,Saint Joseph's,A10,8.61,108.9,132,100.3,66,69.2,109,1/17/25 0:00
91,Providence,BE,8.6,111.8,83,103.1,106,65.6,275,1/17/25 0:00
92,Stanford,ACC,7.98,114.5,54,106.5,177,67.3,209,1/17/25 0:00
93,N.C. State,ACC,7.91,112,81,104.1,127,64.8,318,1/17/25 0:00
94,Washington,B10,7.31,107.7,155,100.4,67,69,123,1/17/25 0:00
95,Arkansas St.,SB,7.05,109.7,115,102.6,101,69.6,93,1/17/25 0:00
96,Grand Canyon,WAC,6.95,107.1,171,100.1,65,72.4,17,1/17/25 0:00
97,Kansas St.,B12,6.4,108.7,135,102.3,96,67.8,185,1/17/25 0:00
98,Northern Iowa,MVC,6.39,112.9,69,106.5,175,65.6,272,1/17/25 0:00
99,Minnesota,B10,6.12,108.6,137,102.5,100,62.5,358,1/17/25 0:00
100,High Point,BSth,5.81,116.7,34,110.9,267,66.8,226,1/17/25 0:00
101,Rhode Island,A10,5.8,107.3,163,101.5,87,70.9,40,1/17/25 0:00
102,UNLV,MWC,5.5,110.6,109,105.1,140,65,303,1/17/25 0:00
103,Samford,SC,5.47,115,48,109.5,235,70.6,53,1/17/25 0:00
104,UAB,Amer,5.46,115.1,47,109.7,241,69.7,82,1/17/25 0:00
105,North Dakota St.,Sum,4.83,116.2,39,111.4,277,65.4,280,1/17/25 0:00
106,Temple,Amer,4.76,109.4,120,104.7,136,70.2,67,1/17/25 0:00
107,South Alabama,SB,4.7,107.1,170,102.4,97,63.4,348,1/17/25 0:00
108,Georgia Tech,ACC,4.65,106.6,177,102,91,70.3,66,1/17/25 0:00
109,Florida Atlantic,Amer,4.65,111.4,88,106.8,181,71,38,1/17/25 0:00
110,St. Thomas,Sum,4.58,114.9,50,110.3,247,68.8,131,1/17/25 0:00
111,Davidson,A10,4.55,111.7,84,107.1,186,66.3,245,1/17/25 0:00
112,South Dakota St.,Sum,4.55,110.7,106,106.2,165,69.8,80,1/17/25 0:00
113,Troy,SB,4.52,107.8,153,103.2,107,65.5,278,1/17/25 0:00
114,Murray St.,MVC,4.45,107.9,148,103.5,113,65.2,294,1/17/25 0:00
115,Oklahoma St.,B12,4.3,106.2,182,101.9,90,70.8,47,1/17/25 0:00
116,Princeton,Ivy,4.28,110.7,105,106.4,172,67.7,189,1/17/25 0:00
117,DePaul,BE,4.07,110,113,105.9,160,68.2,158,1/17/25 0:00
118,Saint Louis,A10,3.98,112.1,80,108.1,211,67.3,211,1/17/25 0:00
119,Middle Tennessee,CUSA,3.76,108.1,144,104.3,131,69.5,95,1/17/25 0:00
120,Akron,MAC,3.75,109.5,119,105.7,153,71.7,27,1/17/25 0:00
,,,,,Strength of Schedule,NCSOS,,,,1/17/25 0:00
Rk,Team,Conf,NetRtg,ORtg,DRtg,AdjT,Luck,NetRtg,ORtg,1/17/25 0:00
121,George Washington,A10,3.73,107.6,160,103.8,118,69.3,106,1/17/25 0:00
122,Appalachian St.,SB,3.66,104.2,215,100.6,71,64.3,334,1/17/25 0:00
123,Louisiana Tech,CUSA,3.59,109.4,122,105.8,155,64.7,321,1/17/25 0:00
124,New Mexico St.,CUSA,3.56,106.9,173,103.4,110,65.8,263,1/17/25 0:00
125,Wofford,SC,3.54,113.5,63,109.9,244,64.3,333,1/17/25 0:00
126,Western Kentucky,CUSA,3.18,103.8,228,100.6,73,74.1,2,1/17/25 0:00
127,Syracuse,ACC,3.16,109,131,105.8,157,70.1,71,1/17/25 0:00
128,UNC Greensboro,SC,3.08,107.9,149,104.9,137,63.9,344,1/17/25 0:00
129,CSUN,BW,2.98,107.3,164,104.3,129,73,9,1/17/25 0:00
130,Purdue Fort Wayne,Horz,2.66,113.5,59,110.9,266,69.2,110,1/17/25 0:00
131,Charleston,CAA,2.59,105.9,187,103.3,108,72.6,16,1/17/25 0:00
132,Cornell,Ivy,2.55,113.5,60,110.9,269,71,39,1/17/25 0:00
133,East Tennessee St.,SC,2.49,109.6,117,107.1,185,66.5,233,1/17/25 0:00
134,Wichita St.,Amer,2.42,108,146,105.6,151,70.7,50,1/17/25 0:00
135,Belmont,MVC,2.36,110.9,103,108.6,221,71.7,22,1/17/25 0:00
136,Furman,SC,2.32,107.4,161,105.1,141,65.2,291,1/17/25 0:00
137,Virginia,ACC,2.29,103.6,229,101.3,82,60.4,363,1/17/25 0:00
138,California,ACC,2.19,111.9,82,109.7,242,68.4,153,1/17/25 0:00
139,Duquesne,A10,2.05,105.8,190,103.7,116,64.4,332,1/17/25 0:00
140,Loyola Marymount,WCC,2.01,103.9,222,101.9,89,67.7,188,1/17/25 0:00
141,Elon,CAA,2.01,108.5,138,106.4,171,64.4,330,1/17/25 0:00
142,UC Santa Barbara,BW,1.98,107.8,150,105.9,159,64.7,326,1/17/25 0:00
143,UNC Wilmington,CAA,1.96,109.4,121,107.5,198,66.1,252,1/17/25 0:00
144,Northern Colorado,BSky,1.95,111.1,97,109.2,229,70,73,1/17/25 0:00
145,Illinois St.,MVC,1.76,112.2,78,110.5,257,64.8,317,1/17/25 0:00
146,Kent St.,MAC,1.75,101.3,267,99.5,57,66.1,251,1/17/25 0:00
147,North Alabama,ASun,1.62,108.2,142,106.6,178,67.4,203,1/17/25 0:00
148,Loyola Chicago,A10,1.6,107.2,168,105.6,149,67.9,181,1/17/25 0:00
149,Miami FL,ACC,1.48,114.9,49,113.5,311,67.4,205,1/17/25 0:00
150,UTEP,CUSA,1.48,105.4,195,103.9,121,68.7,139,1/17/25 0:00
151,Illinois Chicago,MVC,1.36,108.7,136,107.3,195,69.4,100,1/17/25 0:00
152,James Madison,SB,1.09,108.3,141,107.2,190,66.9,222,1/17/25 0:00
153,Utah Valley,WAC,1.06,102,249,100.9,77,68.9,125,1/17/25 0:00
154,Seattle,WAC,1.03,107.2,167,106.2,166,66.6,229,1/17/25 0:00
155,Ohio,MAC,1.01,108.8,134,107.8,204,70.3,65,1/17/25 0:00
156,Seton Hall,BE,0.95,104.4,213,103.4,112,63.9,342,1/17/25 0:00
157,Texas St.,SB,0.91,110.4,111,109.5,236,65.8,261,1/17/25 0:00
158,Miami OH,MAC,0.77,108.1,145,107.3,194,68.9,124,1/17/25 0:00
159,Milwaukee,Horz,0.75,105.2,200,104.4,133,69.4,102,1/17/25 0:00
160,Tulane,Amer,0.74,106,186,105.3,145,67.7,187,1/17/25 0:00
,,,,,Strength of Schedule,NCSOS,,,,1/17/25 0:00
Rk,Team,Conf,NetRtg,ORtg,DRtg,AdjT,Luck,NetRtg,ORtg,1/17/25 0:00
161,Texas A&M Corpus Chris,Slnd,0.7,110.3,112,109.6,238,69,122,1/17/25 0:00
162,Virginia Tech,ACC,0.63,107.8,151,107.2,188,64.7,325,1/17/25 0:00
163,Jacksonville,ASun,0.61,101.7,257,101.1,79,68.5,147,1/17/25 0:00
164,Sam Houston St.,CUSA,0.47,111.5,86,111,270,69.2,108,1/17/25 0:00
165,UMass Lowell,AE,0.27,110.7,107,110.4,254,70.6,52,1/17/25 0:00
166,La Salle,A10,0.15,106.8,174,106.7,180,70.7,49,1/17/25 0:00
167,Jacksonville St.,CUSA,0.13,110.7,108,110.5,258,64.8,314,1/17/25 0:00
168,Chattanooga,SC,0.07,113,68,112.9,302,66.6,231,1/17/25 0:00
169,Norfolk St.,MEAC,-0.05,107.8,154,107.8,205,66.4,238,1/17/25 0:00
170,Florida Gulf Coast,ASun,-0.08,107.6,158,107.7,203,66,256,1/17/25 0:00
171,Bryant,AE,-0.15,106.5,179,106.6,179,73.6,7,1/17/25 0:00
172,South Florida,Amer,-0.18,109.4,123,109.5,237,68.1,172,1/17/25 0:00
173,Cleveland St.,Horz,-0.2,105.8,189,106,162,66.4,241,1/17/25 0:00
174,East Carolina,Amer,-0.51,105.3,197,105.8,158,67.1,216,1/17/25 0:00
175,Radford,BSth,-0.81,109.3,125,110.1,246,64.1,339,1/17/25 0:00
176,Cal Baptist,WAC,-1.11,108.9,133,110,245,65.8,262,1/17/25 0:00
177,Oakland,Horz,-1.15,106.1,185,107.3,193,62.4,359,1/17/25 0:00
178,Hofstra,CAA,-1.18,98.4,319,99.6,58,64.2,338,1/17/25 0:00
179,William & Mary,CAA,-1.2,111.4,90,112.6,295,70.8,46,1/17/25 0:00
180,Wyoming,MWC,-1.26,103.9,224,105.1,143,65,301,1/17/25 0:00
181,San Jose St.,MWC,-1.35,108,147,109.4,232,65.7,268,1/17/25 0:00
182,Wright St.,Horz,-1.4,109,130,110.4,251,67.6,194,1/17/25 0:00
183,UC Riverside,BW,-1.47,104.7,206,106.2,167,67.7,186,1/17/25 0:00
184,Winthrop,BSth,-1.51,107.4,162,108.9,224,72.6,15,1/17/25 0:00
185,Columbia,Ivy,-1.6,111,101,112.6,296,68.2,161,1/17/25 0:00
186,Towson,CAA,-1.72,105.2,201,106.9,183,63,352,1/17/25 0:00
187,Marshall,SB,-1.85,104.2,214,106.1,164,68.9,126,1/17/25 0:00
188,UNC Asheville,BSth,-1.97,112.4,75,114.3,328,68.5,148,1/17/25 0:00
189,Hawaii,BW,-1.97,105,202,107,184,65.7,267,1/17/25 0:00
190,Rice,Amer,-2.06,104.4,212,106.5,173,65.3,289,1/17/25 0:00
191,Merrimack,MAAC,-2.11,101.4,262,103.6,114,65,305,1/17/25 0:00
192,Montana St.,BSky,-2.18,104.6,209,106.8,182,66.8,224,1/17/25 0:00
193,Longwood,BSth,-2.21,105.2,198,107.4,197,69.1,114,1/17/25 0:00
194,Kennesaw St.,CUSA,-2.47,103.8,225,106.3,168,71.7,23,1/17/25 0:00
195,Drexel,CAA,-2.77,103,236,105.7,154,63.7,346,1/17/25 0:00
196,Queens,ASun,-2.83,106.7,176,109.5,234,70,75,1/17/25 0:00
197,Northeastern,CAA,-2.97,102.8,238,105.8,156,68.6,141,1/17/25 0:00
198,Nicholls,Slnd,-3.04,105,203,108,209,69.1,117,1/17/25 0:00
199,Youngstown St.,Horz,-3.04,99,308,102.1,94,70.3,64,1/17/25 0:00
200,UT Arlington,WAC,-3.08,108.2,143,111.3,275,69.7,81,1/17/25 0:00
,,,,,Strength of Schedule,NCSOS,,,,1/17/25 0:00
Rk,Team,Conf,NetRtg,ORtg,DRtg,AdjT,Luck,NetRtg,ORtg,1/17/25 0:00
201,Valparaiso,MVC,-3.14,105.3,196,108.5,219,68.7,140,1/17/25 0:00
202,Boston College,ACC,-3.16,105.6,192,108.8,223,66.6,232,1/17/25 0:00
203,Pepperdine,WCC,-3.24,104.2,217,107.4,196,69.8,79,1/17/25 0:00
204,Marist,MAAC,-3.38,101.2,270,104.6,135,64.3,337,1/17/25 0:00
205,Brown,Ivy,-3.42,104.8,205,108.2,213,64.9,309,1/17/25 0:00
206,Massachusetts,A10,-3.62,104.6,211,108.2,215,71.7,26,1/17/25 0:00
207,Montana,BSky,-3.64,105.4,194,109.1,226,68.8,128,1/17/25 0:00
208,Indiana St.,MVC,-3.66,109.3,124,113,304,73.7,6,1/17/25 0:00
209,Southeastern Louisiana,Slnd,-3.7,101.2,269,104.9,138,67.9,182,1/17/25 0:00
210,Quinnipiac,MAAC,-3.76,100.2,290,104,124,71.1,37,1/17/25 0:00
211,Central Michigan,MAC,-3.84,101.6,258,105.5,147,67.4,206,1/17/25 0:00
212,Southern,SWAC,-4.08,99.5,298,103.6,115,69.1,118,1/17/25 0:00
213,Toledo,MAC,-4.17,109,129,113.2,308,70.3,63,1/17/25 0:00
214,Delaware,CAA,-4.17,109.8,114,114,322,70.9,45,1/17/25 0:00
215,Richmond,A10,-4.32,103,235,107.3,192,64.9,311,1/17/25 0:00
216,Southern Utah,WAC,-4.34,104.1,219,108.4,218,69.7,87,1/17/25 0:00
217,North Florida,ASun,-4.5,112.6,71,117.1,351,71.9,20,1/17/25 0:00
218,Lamar,Slnd,-4.55,100.6,282,105.1,142,66.3,243,1/17/25 0:00
219,Maine,AE,-4.57,100.3,287,104.9,139,67.6,199,1/17/25 0:00
220,Southern Illinois,MVC,-4.59,102.9,237,107.5,199,69.2,111,1/17/25 0:00
221,Central Connecticut,NEC,-4.71,99.3,302,104,125,64.5,328,1/17/25 0:00
222,Kansas City,Sum,-4.88,101.6,259,106.5,176,65.4,282,1/17/25 0:00
223,UT Rio Grande Valley,Slnd,-4.91,106.3,181,111.2,273,68.4,151,1/17/25 0:00
224,Little Rock,OVC,-4.96,97.9,325,102.9,103,67.9,183,1/17/25 0:00
225,Nebraska Omaha,Sum,-5.09,106.2,183,111.3,276,67.6,195,1/17/25 0:00
226,Mercer,SC,-5.18,103,233,108.2,214,71.7,24,1/17/25 0:00
227,Cal St. Bakersfield,BW,-5.19,105.7,191,110.9,265,65.3,286,1/17/25 0:00
228,Colgate,PL,-5.43,102.4,245,107.8,206,66.3,244,1/17/25 0:00
229,Eastern Kentucky,ASun,-5.47,107.2,166,112.7,298,69.3,104,1/17/25 0:00
230,Robert Morris,Horz,-5.47,100.6,283,106,163,69.6,94,1/17/25 0:00
231,South Carolina St.,MEAC,-5.51,102,248,107.5,200,68.6,143,1/17/25 0:00
232,UTSA,Amer,-5.53,106.7,175,112.2,289,71.6,29,1/17/25 0:00
233,Vermont,AE,-5.73,98.1,322,103.8,117,62.8,355,1/17/25 0:00
234,Fordham,A10,-5.82,102.2,246,108,210,71.2,35,1/17/25 0:00
235,Mount St. Mary's,MAAC,-5.85,98.3,320,104.2,128,69.3,105,1/17/25 0:00
236,Northern Kentucky,Horz,-5.91,99.4,301,105.4,146,64.5,329,1/17/25 0:00
237,Abilene Christian,WAC,-5.91,99.3,304,105.2,144,68.6,142,1/17/25 0:00
238,Idaho St.,BSky,-5.97,103.3,231,109.3,230,65.1,300,1/17/25 0:00
239,FIU,CUSA,-6.01,97.9,326,103.9,120,69.7,88,1/17/25 0:00
240,Weber St.,BSky,-6.06,105.9,188,111.9,283,64.9,312,1/17/25 0:00
,,,,,Strength of Schedule,NCSOS,,,,1/17/25 0:00
Rk,Team,Conf,NetRtg,ORtg,DRtg,AdjT,Luck,NetRtg,ORtg,1/17/25 0:00
241,American,PL,-6.37,103.5,230,109.8,243,63.5,347,1/17/25 0:00
242,Portland St.,BSky,-6.42,100.7,278,107.1,187,69.5,96,1/17/25 0:00
243,Gardner Webb,BSth,-6.47,103.9,223,110.4,248,69.9,78,1/17/25 0:00
244,UMBC,AE,-6.61,107.8,152,114.4,331,71.5,31,1/17/25 0:00
245,UC Davis,BW,-6.62,95.6,345,102.3,95,69.7,86,1/17/25 0:00
246,Ball St.,MAC,-6.66,104.1,218,110.8,263,67.5,202,1/17/25 0:00
247,SIUE,OVC,-6.93,98.7,316,105.6,150,65,302,1/17/25 0:00
248,Saint Peter's,MAAC,-6.93,97,333,104,122,62.8,356,1/17/25 0:00
249,Stephen F. Austin,Slnd,-7.02,93.5,355,100.5,69,66.5,235,1/17/25 0:00
250,South Dakota,Sum,-7.06,111.2,96,118.2,355,73.9,4,1/17/25 0:00
251,Hampton,CAA,-7.12,101.1,272,108.2,216,65,306,1/17/25 0:00
252,Charlotte,Amer,-7.18,104.7,208,111.8,279,64.9,308,1/17/25 0:00
253,Northern Arizona,BSky,-7.4,103,234,110.4,249,68.1,173,1/17/25 0:00
254,Idaho,BSky,-7.46,107.6,159,115.1,336,66.2,250,1/17/25 0:00
255,Bethune Cookman,SWAC,-7.47,95.9,340,103.4,111,69.2,112,1/17/25 0:00
256,Eastern Washington,BSky,-7.64,104.2,216,111.9,280,68,178,1/17/25 0:00
257,Harvard,Ivy,-7.9,100.6,279,108.5,220,66.2,246,1/17/25 0:00
258,Cal Poly,BW,-7.95,104.6,210,112.6,294,73.8,5,1/17/25 0:00
259,Missouri St.,MVC,-8.17,101.1,271,109.3,231,63.8,345,1/17/25 0:00
260,Presbyterian,BSth,-8.17,103.8,226,112,285,64.3,335,1/17/25 0:00
261,Siena,MAAC,-8.21,100.5,286,108.7,222,65.9,259,1/17/25 0:00
262,Bucknell,PL,-8.25,96.2,339,104.4,134,68,175,1/17/25 0:00
263,Campbell,CAA,-8.26,99.6,296,107.9,208,66.9,223,1/17/25 0:00
264,Albany,AE,-8.26,103.9,221,112.2,287,68.7,133,1/17/25 0:00
265,Lafayette,PL,-8.34,98.9,313,107.2,189,66.2,247,1/17/25 0:00
266,Fresno St.,MWC,-8.43,99.2,305,107.6,202,74,3,1/17/25 0:00
267,Monmouth,CAA,-8.52,101.9,254,110.4,255,66.4,239,1/17/25 0:00
268,Southeast Missouri,OVC,-8.54,99.8,293,108.4,217,69,121,1/17/25 0:00
269,Tarleton St.,WAC,-8.54,95.9,341,104.4,132,65.3,285,1/17/25 0:00
270,Iona,MAAC,-8.65,97.3,332,106,161,70,72,1/17/25 0:00
271,Northwestern St.,Slnd,-8.85,102,250,110.8,264,64.3,336,1/17/25 0:00
272,Bowling Green,MAC,-8.96,102.6,242,111.5,278,70.1,69,1/17/25 0:00
273,Southern Miss,SB,-9.04,100.6,280,109.7,240,70.4,61,1/17/25 0:00
274,Evansville,MVC,-9.19,94.8,349,104,123,66.6,230,1/17/25 0:00
275,Incarnate Word,Slnd,-9.25,107.2,165,116.5,348,65.2,293,1/17/25 0:00
276,Lehigh,PL,-9.36,101.4,264,110.8,262,68.2,164,1/17/25 0:00
277,Western Michigan,MAC,-9.37,103.8,227,113.1,306,67.9,180,1/17/25 0:00
278,Morehead St.,OVC,-9.42,98.7,315,108.1,212,65.7,266,1/17/25 0:00
279,Tulsa,Amer,-9.52,100.9,275,110.5,256,67.2,214,1/17/25 0:00
280,Georgia Southern,SB,-9.65,100,291,109.7,239,71.6,28,1/17/25 0:00
,,,,,Strength of Schedule,NCSOS,,,,1/17/25 0:00
Rk,Team,Conf,NetRtg,ORtg,DRtg,AdjT,Luck,NetRtg,ORtg,1/17/25 0:00
281,Jackson St.,SWAC,-9.71,95.8,342,105.5,148,69.7,90,1/17/25 0:00
282,San Diego,WCC,-9.76,96.7,335,106.4,170,70.5,56,1/17/25 0:00
283,Tennessee Martin,OVC,-9.83,99.2,306,109,225,67.1,215,1/17/25 0:00
284,Alabama St.,SWAC,-9.9,105.2,199,115.1,337,68.9,127,1/17/25 0:00
285,North Dakota,Sum,-9.96,107.1,169,117.1,350,69.1,115,1/17/25 0:00
286,Charleston Southern,BSth,-9.97,102,252,112,284,68.8,130,1/17/25 0:00
287,Sacred Heart,MAAC,-10.03,104,220,114,323,69.6,92,1/17/25 0:00
288,Dartmouth,Ivy,-10.06,99.1,307,109.2,228,70.9,44,1/17/25 0:00
289,Boston University,PL,-10.06,99,309,109.1,227,62.8,357,1/17/25 0:00
290,Manhattan,MAAC,-10.19,106.3,180,116.5,347,69.1,113,1/17/25 0:00
291,Howard,MEAC,-10.21,108.3,140,118.5,356,69,120,1/17/25 0:00
292,Utah Tech,WAC,-10.22,100.5,284,110.8,260,67.6,196,1/17/25 0:00
293,Coastal Carolina,SB,-10.68,102,253,112.7,297,62.8,354,1/17/25 0:00
294,Austin Peay,ASun,-10.7,95.8,344,106.5,174,65.6,273,1/17/25 0:00
295,Georgia St.,SB,-10.74,101.3,266,112.1,286,69.5,97,1/17/25 0:00
296,Stonehill,NEC,-10.77,101.1,273,111.9,281,65.3,283,1/17/25 0:00
297,Air Force,MWC,-10.8,99.6,297,110.4,252,64.4,331,1/17/25 0:00
298,Army,PL,-10.96,101.8,255,112.8,300,68.1,169,1/17/25 0:00
299,Pacific,WCC,-11.29,102.5,243,113.8,316,67.4,208,1/17/25 0:00
300,LIU,NEC,-11.32,96.3,338,107.6,201,66,258,1/17/25 0:00
301,Long Beach St.,BW,-11.35,103.1,232,114.4,332,64,340,1/17/25 0:00
302,Old Dominion,SB,-11.83,98.9,314,110.7,259,66.7,227,1/17/25 0:00
303,Tennessee St.,OVC,-11.9,98.5,318,110.4,253,71.7,25,1/17/25 0:00
304,Tennessee Tech,OVC,-11.94,100.3,289,112.2,288,68.4,152,1/17/25 0:00
305,Texas Southern,SWAC,-12.08,95.8,343,107.9,207,70.9,41,1/17/25 0:00
306,Navy,PL,-12.11,102,251,114.1,324,68.1,168,1/17/25 0:00
307,Penn,Ivy,-12.11,101.8,256,113.9,320,65.6,270,1/17/25 0:00
308,Niagara,MAAC,-12.11,101.3,268,113.4,310,65.1,299,1/17/25 0:00
309,North Carolina Central,MEAC,-12.27,102.6,241,114.9,335,66.4,237,1/17/25 0:00
310,Holy Cross,PL,-12.5,104.7,207,117.2,353,65.5,277,1/17/25 0:00
311,Delaware St.,MEAC,-12.56,99.7,294,112.3,291,69.9,76,1/17/25 0:00
312,Portland,WCC,-12.67,100.8,276,113.5,312,68.7,136,1/17/25 0:00
313,Loyola MD,PL,-12.89,100.3,288,113.2,309,67.4,207,1/17/25 0:00
314,Fairfield,MAAC,-13.04,102.7,239,115.7,344,66,255,1/17/25 0:00
315,Houston Christian,Slnd,-13.15,100.8,277,113.9,319,65.8,265,1/17/25 0:00
316,Fairleigh Dickinson,NEC,-13.54,102.1,247,115.7,342,69.9,77,1/17/25 0:00
317,Binghamton,AE,-13.64,101.6,260,115.2,338,65.2,292,1/17/25 0:00
318,North Carolina A&T,CAA,-13.68,99.5,299,113.2,307,72.7,14,1/17/25 0:00
319,Prairie View A&M,SWAC,-13.7,101.6,261,115.3,339,71.5,32,1/17/25 0:00
320,IU Indy,Horz,-13.78,104.8,204,118.6,357,65.2,296,1/17/25 0:00
,,,,,Strength of Schedule,NCSOS,,,,1/17/25 0:00
Rk,Team,Conf,NetRtg,ORtg,DRtg,AdjT,Luck,NetRtg,ORtg,1/17/25 0:00
321,Oral Roberts,Sum,-14.01,105.5,193,119.5,360,69,119,1/17/25 0:00
322,Grambling St.,SWAC,-14.05,97.8,328,111.9,282,65.6,271,1/17/25 0:00
323,Louisiana,SB,-14.14,100.6,281,114.7,334,67.3,212,1/17/25 0:00
324,VMI,SC,-14.15,98.6,317,112.8,299,67.1,217,1/17/25 0:00
325,Saint Francis,NEC,-14.16,99.7,295,113.9,317,67.9,184,1/17/25 0:00
326,Eastern Michigan,MAC,-14.23,101.3,265,115.6,340,68.2,159,1/17/25 0:00
327,Rider,MAAC,-14.4,99.5,300,113.9,318,64.7,322,1/17/25 0:00
328,Cal St. Fullerton,BW,-14.57,97.9,324,112.5,293,66.2,249,1/17/25 0:00
329,Lindenwood,OVC,-14.96,95.4,346,110.4,250,69.7,91,1/17/25 0:00
330,Green Bay,Horz,-14.98,101.4,263,116.4,346,69.7,85,1/17/25 0:00
331,Southern Indiana,OVC,-15.05,97.9,327,112.9,301,67,218,1/17/25 0:00
332,USC Upstate,BSth,-15.07,99.3,303,114.4,329,73,10,1/17/25 0:00
333,Detroit Mercy,Horz,-15.63,96.6,336,112.2,290,67.3,210,1/17/25 0:00
334,Wagner,NEC,-15.73,91.5,360,107.2,191,61.4,362,1/17/25 0:00
335,Western Carolina,SC,-15.82,93.6,354,109.4,233,71.4,33,1/17/25 0:00
336,Stony Brook,CAA,-16.04,100.5,285,116.6,349,65.4,279,1/17/25 0:00
337,Buffalo,MAC,-16.13,98,323,114.2,326,70.5,57,1/17/25 0:00
338,Eastern Illinois,OVC,-16.21,94.5,350,110.8,261,67,220,1/17/25 0:00
339,Alcorn St.,SWAC,-16.24,97.7,329,114,321,65.2,297,1/17/25 0:00
340,Morgan St.,MEAC,-16.42,102.7,240,119.1,359,71.3,34,1/17/25 0:00
341,Le Moyne,NEC,-16.56,97.6,330,114.1,325,69.2,107,1/17/25 0:00
342,Western Illinois,OVC,-16.64,99,310,115.6,341,62.9,353,1/17/25 0:00
343,New Orleans,Slnd,-16.71,99,311,115.7,343,69.5,98,1/17/25 0:00
344,Central Arkansas,ASun,-16.75,96.3,337,113.1,305,67.2,213,1/17/25 0:00
345,West Georgia,ASun,-17.39,96.8,334,114.2,327,68.2,167,1/17/25 0:00
346,East Texas A&M,Slnd,-17.5,93.7,353,111.2,274,68.2,163,1/17/25 0:00
347,Stetson,ASun,-18.21,99.9,292,118.1,354,68.4,154,1/17/25 0:00
348,Denver,Sum,-18.26,98.9,312,117.2,352,66.7,228,1/17/25 0:00
349,Louisiana Monroe,SB,-18.26,95.3,347,113.5,313,68,174,1/17/25 0:00
350,Sacramento St.,BSky,-18.58,92.3,359,110.9,268,64.8,319,1/17/25 0:00
351,The Citadel,SC,-19.71,94,351,113.7,315,64.9,310,1/17/25 0:00
352,Northern Illinois,MAC,-20.26,93.4,356,113.7,314,70.5,59,1/17/25 0:00
353,New Hampshire,AE,-20.52,92.4,358,112.9,303,67.5,201,1/17/25 0:00
354,Florida A&M,SWAC,-20.62,94,352,114.6,333,68.7,138,1/17/25 0:00
355,NJIT,AE,-20.65,90.4,361,111,271,64.9,313,1/17/25 0:00
356,Canisius,MAAC,-20.75,101,274,121.7,361,65.3,284,1/17/25 0:00
357,Bellarmine,ASun,-20.75,102.4,244,123.1,364,66.1,253,1/17/25 0:00
358,Maryland Eastern Shore,MEAC,-20.8,98.2,321,119,358,67.5,200,1/17/25 0:00
359,Mercyhurst,NEC,-20.82,95.2,348,116,345,64,341,1/17/25 0:00
360,Alabama A&M,SWAC,-21.04,93.3,357,114.4,330,72,19,1/17/25 0:00
,,,,,Strength of Schedule,NCSOS,,,,1/17/25 0:00
Rk,Team,Conf,NetRtg,ORtg,DRtg,AdjT,Luck,NetRtg,ORtg,1/17/25 0:00
361,Chicago St.,NEC,-22.25,88.8,362,111.1,272,68.7,134,1/17/25 0:00
362,Coppin St.,MEAC,-24.14,88.4,363,112.5,292,68.3,155,1/17/25 0:00
363,Arkansas Pine Bluff,SWAC,-25.02,97.4,331,122.4,363,72.9,11,1/17/25 0:00
364,Mississippi Valley St.,SWAC,-37.23,85,364,122.2,362,65.3,288,1/17/25 0:00
1,Duke,ACC,36.77,124.9,3,88.2,2,65.3,273,1/21/25 0:00
2,Auburn,SEC,36.15,131,1,94.9,18,67.8,167,1/21/25 0:00
3,Houston,B12,33.69,121.6,12,87.9,1,61.5,360,1/21/25 0:00
4,Iowa St.,B12,30.56,121.9,10,91.3,6,69.1,95,1/21/25 0:00
5,Florida,SEC,30.37,124.5,5,94.1,15,69.5,81,1/21/25 0:00
6,Tennessee,SEC,29.18,118.9,22,89.8,3,64.1,332,1/21/25 0:00
7,Kansas,B12,27.28,117,34,89.8,4,68.2,150,1/21/25 0:00
8,Alabama,SEC,27.11,124.9,4,97.8,42,74.2,1,1/21/25 0:00
9,Illinois,B10,26.91,119.5,19,92.6,10,72.6,12,1/21/25 0:00
10,Purdue,B10,26.59,122.4,8,95.9,22,65.1,290,1/21/25 0:00
11,Michigan,B10,24.84,121.2,14,96.3,25,70.2,57,1/21/25 0:00
12,Texas Tech,B12,24.76,122,9,97.3,37,65,291,1/21/25 0:00
13,Michigan St.,B10,24.42,119.2,21,94.8,17,68.5,128,1/21/25 0:00
14,Gonzaga,WCC,24.15,124.2,6,100.1,59,70.7,46,1/21/25 0:00
15,Marquette,BE,24.08,118.6,24,94.5,16,67.6,177,1/21/25 0:00
16,Arizona,B12,23.73,119.2,20,95.5,20,70.3,51,1/21/25 0:00
17,Mississippi,SEC,23.7,117.7,27,94,13,67.1,202,1/21/25 0:00
18,Texas A&M,SEC,23.6,116.7,39,93.1,11,66.6,220,1/21/25 0:00
19,St. John's,BE,23.55,114.7,54,91.1,5,70.3,52,1/21/25 0:00
20,Kentucky,SEC,23.47,125.2,2,101.7,82,71.2,30,1/21/25 0:00
21,Wisconsin,B10,23.22,121.6,11,98.4,46,68,155,1/21/25 0:00
22,Mississippi St.,SEC,22.28,120.3,16,98,45,67.8,163,1/21/25 0:00
23,Maryland,B10,20.87,117.2,31,96.4,26,69.6,72,1/21/25 0:00
24,Baylor,B12,20.6,120.3,17,99.7,58,65.2,279,1/21/25 0:00
25,Oregon,B10,20.49,117.4,29,96.9,30,68.5,127,1/21/25 0:00
26,Clemson,ACC,20.22,117.4,28,97.2,35,63.8,336,1/21/25 0:00
27,Saint Mary's,WCC,20.12,116.7,38,96.6,29,62.7,352,1/21/25 0:00
28,Missouri,SEC,19.59,119.7,18,100.1,61,67.7,169,1/21/25 0:00
29,Louisville,ACC,19.39,117.2,32,97.8,43,68.6,126,1/21/25 0:00
30,Connecticut,BE,19.13,123.5,7,104.3,128,63.8,337,1/21/25 0:00
31,UCLA,B10,18.95,112.7,74,93.8,12,65.6,261,1/21/25 0:00
32,North Carolina,ACC,18.69,115.9,43,97.3,36,72.3,14,1/21/25 0:00
33,Pittsburgh,ACC,18.54,118.9,23,100.3,64,67.6,180,1/21/25 0:00
34,Ohio St.,B10,18.3,115.8,44,97.5,39,67.5,185,1/21/25 0:00
35,Georgia,SEC,18.24,112.3,80,94.1,14,66.7,217,1/21/25 0:00
36,West Virginia,B12,17.47,112.4,79,95,19,64.3,325,1/21/25 0:00
37,Creighton,BE,17.39,115.2,48,97.8,44,68.5,132,1/21/25 0:00
38,Memphis,Amer,17.2,115,52,97.8,41,70.8,41,1/21/25 0:00
39,SMU,ACC,17.01,118.3,25,101.3,77,69.8,65,1/21/25 0:00
40,VCU,A10,17,113.1,71,96.1,23,66.3,237,1/21/25 0:00
,,,,,Strength of Schedule,NCSOS,,,,1/21/25 0:00
Rk,Team,Conf,NetRtg,ORtg,DRtg,AdjT,Luck,NetRtg,ORtg,1/21/25 0:00
41,Cincinnati,B12,16.94,108.8,133,91.9,7,65.1,284,1/21/25 0:00
42,Texas,SEC,16.88,115.5,47,98.6,48,67.4,189,1/21/25 0:00
43,San Diego St.,MWC,16.56,109,128,92.4,9,66.5,226,1/21/25 0:00
44,Oklahoma,SEC,16.36,118.3,26,101.9,84,67.7,174,1/21/25 0:00
45,BYU,B12,16.34,116.9,36,100.6,66,66.9,210,1/21/25 0:00
46,Nebraska,B10,16.17,113.3,68,97.1,33,67.8,166,1/21/25 0:00
47,Penn St.,B10,15.86,116.7,37,100.9,72,71.2,29,1/21/25 0:00
48,Xavier,BE,15.86,113.2,69,97.4,38,68.7,122,1/21/25 0:00
49,Vanderbilt,SEC,15.76,116.4,40,100.6,69,70.3,53,1/21/25 0:00
50,Utah St.,MWC,15.41,117,35,101.5,80,68.4,137,1/21/25 0:00
51,Northwestern,B10,15.33,111.5,93,96.1,24,64.9,299,1/21/25 0:00
52,Villanova,BE,14.76,121.6,13,106.8,181,63.2,349,1/21/25 0:00
53,Arkansas,SEC,14.67,111.7,90,97,31,69.2,90,1/21/25 0:00
54,New Mexico,MWC,14.6,111.7,91,97.1,32,73.2,8,1/21/25 0:00
55,Iowa,B10,14.58,120.7,15,106.1,158,71.6,19,1/21/25 0:00
56,Boise St.,MWC,14.38,116.4,41,102,86,66.6,225,1/21/25 0:00
57,UC Irvine,BW,14.31,106.7,181,92.3,8,69.5,76,1/21/25 0:00
58,North Texas,Amer,14.01,111.7,89,97.7,40,61.2,361,1/21/25 0:00
59,Indiana,B10,13.86,112.6,77,98.7,49,69.2,91,1/21/25 0:00
60,Florida St.,ACC,13.07,112.1,83,99,51,70.2,56,1/21/25 0:00
61,Arizona St.,B12,12.86,111.4,94,98.5,47,67.7,168,1/21/25 0:00
62,Oregon St.,WCC,12.67,114.9,53,102.2,90,64.7,312,1/21/25 0:00
63,McNeese,Slnd,12.51,112.6,76,100.1,60,65.4,271,1/21/25 0:00
64,Santa Clara,WCC,12.43,115,50,102.6,97,68.7,117,1/21/25 0:00
65,Nevada,MWC,12.31,114,59,101.7,81,63,350,1/21/25 0:00
66,UC San Diego,BW,12.28,113.5,62,101.2,75,66,249,1/21/25 0:00
67,Dayton,A10,12.07,116.3,42,104.2,124,65.3,277,1/21/25 0:00
68,USC,B10,11.85,113.1,70,101.2,76,68.1,153,1/21/25 0:00
69,LSU,SEC,11.85,111,102,99.1,53,68.5,131,1/21/25 0:00
70,UCF,B12,11.83,114.1,58,102.3,94,70.7,43,1/21/25 0:00
71,Georgetown,BE,11.68,107.4,163,95.7,21,68,158,1/21/25 0:00
72,San Francisco,WCC,11.42,112.6,75,101.2,74,67.2,198,1/21/25 0:00
73,Drake,MVC,11.25,110.6,108,99.4,55,59.4,364,1/21/25 0:00
74,Utah,B12,11.17,111.8,87,100.6,68,69.9,63,1/21/25 0:00
75,TCU,B12,11.16,107.7,157,96.6,28,66.5,229,1/21/25 0:00
76,Lipscomb,ASun,11.09,111.8,86,100.8,71,66.3,236,1/21/25 0:00
77,Wake Forest,ACC,10.78,107.9,152,97.2,34,66.5,230,1/21/25 0:00
78,Colorado St.,MWC,10.75,110.3,112,99.6,57,67.2,199,1/21/25 0:00
79,Yale,Ivy,10.46,114.3,56,103.8,118,68.4,138,1/21/25 0:00
80,Liberty,CUSA,10.35,109.1,126,98.8,50,65.1,289,1/21/25 0:00
,,,,,Strength of Schedule,NCSOS,,,,1/21/25 0:00
Rk,Team,Conf,NetRtg,ORtg,DRtg,AdjT,Luck,NetRtg,ORtg,1/21/25 0:00
81,Bradley,MVC,10.28,112.2,82,101.9,85,65.7,255,1/21/25 0:00
82,Rutgers,B10,10.13,113.4,63,103.3,108,69.1,98,1/21/25 0:00
83,George Mason,A10,10.05,106.4,184,96.4,27,64.6,315,1/21/25 0:00
84,South Carolina,SEC,9.93,109,129,99,52,65.6,262,1/21/25 0:00
85,Notre Dame,ACC,9.68,115.7,45,106,155,64.7,314,1/21/25 0:00
86,Stanford,ACC,9.17,115,51,105.8,150,66.6,224,1/21/25 0:00
87,Washington St.,WCC,9.12,111.2,98,102.1,88,70.9,36,1/21/25 0:00
88,St. Bonaventure,A10,8.94,110.2,114,101.3,78,63.6,343,1/21/25 0:00
89,Providence,BE,8.9,111.7,88,102.8,99,65.7,256,1/21/25 0:00
90,Butler,BE,8.71,112.9,73,104.2,123,67.2,195,1/21/25 0:00
91,Saint Joseph's,A10,8.2,109.2,125,101,73,69,103,1/21/25 0:00
92,Colorado,B12,7.9,108.6,138,100.7,70,68.3,146,1/21/25 0:00
93,Grand Canyon,WAC,7.68,108.3,142,100.6,67,72.1,16,1/21/25 0:00
94,Washington,B10,7.54,108.1,147,100.5,65,68.6,123,1/21/25 0:00
95,Arkansas St.,SB,7.52,109.8,120,102.3,93,69.3,84,1/21/25 0:00
96,Kansas St.,B12,7.05,110.6,107,103.6,113,67.1,201,1/21/25 0:00
97,UNLV,MWC,7.03,111.3,95,104.3,127,65.3,275,1/21/25 0:00
98,N.C. State,ACC,6.84,111.1,100,104.3,126,64.2,329,1/21/25 0:00
99,High Point,BSth,6.22,117,33,110.8,260,66.6,221,1/21/25 0:00
100,Minnesota,B10,6.14,109,130,102.8,98,62.1,358,1/21/25 0:00
101,North Dakota St.,Sum,6.11,117.3,30,111.1,265,65.1,286,1/21/25 0:00
102,Rhode Island,A10,5.6,108.7,135,103.2,106,70.5,47,1/21/25 0:00
103,UAB,Amer,5.58,115.6,46,110,245,69.5,79,1/21/25 0:00
104,DePaul,BE,4.99,111.3,97,106.3,165,67.7,172,1/21/25 0:00
105,Oklahoma St.,B12,4.8,107,171,102.2,92,70.7,45,1/21/25 0:00
106,Samford,SC,4.72,113.3,65,108.6,216,70.2,58,1/21/25 0:00
107,Troy,SB,4.69,107.8,155,103.1,104,65.4,270,1/21/25 0:00
108,Davidson,A10,4.63,113.6,61,109,226,65.9,250,1/21/25 0:00
109,South Alabama,SB,4.63,106.9,172,102.3,95,63.4,347,1/21/25 0:00
110,Appalachian St.,SB,4.6,104,224,99.4,56,63.9,334,1/21/25 0:00
111,Middle Tennessee,CUSA,4.59,108.2,144,103.6,115,68.8,110,1/21/25 0:00
112,Wofford,SC,4.56,113.3,67,108.7,221,63.7,340,1/21/25 0:00
113,Georgia Tech,ACC,4.47,107.4,162,103,102,70,62,1/21/25 0:00
114,UNC Greensboro,SC,4.46,109,127,104.6,129,63.5,346,1/21/25 0:00
115,Akron,MAC,4.44,110.2,115,105.8,146,71.6,20,1/21/25 0:00
116,Temple,Amer,4.4,110.2,117,105.8,147,69.5,75,1/21/25 0:00
117,South Dakota St.,Sum,4.35,110.5,109,106.2,161,69.4,83,1/21/25 0:00
118,George Washington,A10,4.27,107.4,164,103.1,105,69,101,1/21/25 0:00
119,Florida Atlantic,Amer,4.26,111.9,85,107.6,201,70.5,48,1/21/25 0:00
120,Saint Louis,A10,4.24,110.9,103,106.6,175,67.5,183,1/21/25 0:00
,,,,,Strength of Schedule,NCSOS,,,,1/21/25 0:00
Rk,Team,Conf,NetRtg,ORtg,DRtg,AdjT,Luck,NetRtg,ORtg,1/21/25 0:00
121,St. Thomas,Sum,4.17,114.5,55,110.3,249,68.4,140,1/21/25 0:00
122,Northern Iowa,MVC,3.97,111.3,96,107.4,194,65,292,1/21/25 0:00
123,Duquesne,A10,3.9,106.8,175,102.9,101,64.2,328,1/21/25 0:00
124,Syracuse,ACC,3.64,108.7,136,105.1,133,69.9,64,1/21/25 0:00
125,Louisiana Tech,CUSA,3.5,110.3,113,106.8,179,64.3,324,1/21/25 0:00
126,Princeton,Ivy,3.46,110,118,106.6,173,67.3,192,1/21/25 0:00
127,Murray St.,MVC,3.41,107.5,161,104.1,121,65.1,287,1/21/25 0:00
128,New Mexico St.,CUSA,3.26,106.8,177,103.5,111,65.7,257,1/21/25 0:00
129,California,ACC,3.13,111.9,84,108.8,223,67.9,161,1/21/25 0:00
130,CSUN,BW,3.07,107.3,167,104.3,125,72.6,11,1/21/25 0:00
131,East Tennessee St.,SC,3.04,108.8,134,105.8,148,66.2,240,1/21/25 0:00
132,Purdue Fort Wayne,Horz,2.71,113.8,60,111.1,264,68.8,111,1/21/25 0:00
133,Virginia,ACC,2.62,104.1,223,101.4,79,60.6,363,1/21/25 0:00
134,Western Kentucky,CUSA,2.54,102.8,239,100.3,63,73.4,4,1/21/25 0:00
135,UNC Wilmington,CAA,2.47,109.8,119,107.4,193,65.9,251,1/21/25 0:00
136,Belmont,MVC,2.4,112.2,81,109.8,243,71.4,23,1/21/25 0:00
137,Elon,CAA,2.39,108.6,137,106.2,163,64.5,319,1/21/25 0:00
138,Cornell,Ivy,2.35,114.1,57,111.8,278,71,35,1/21/25 0:00
139,Charleston,CAA,2.28,106.9,174,104.6,130,72.2,15,1/21/25 0:00
140,North Alabama,ASun,2.13,109.3,124,107.2,187,67.2,196,1/21/25 0:00
141,Loyola Chicago,A10,2.08,107.8,153,105.7,145,67.6,176,1/21/25 0:00
142,Seattle,WAC,2.06,107.3,166,105.3,137,66.3,238,1/21/25 0:00
143,UTEP,CUSA,1.97,106.6,182,104.7,131,68,156,1/21/25 0:00
144,Illinois Chicago,MVC,1.94,109.4,123,107.5,198,69,102,1/21/25 0:00
145,Miami OH,MAC,1.87,108.9,131,107,185,68.5,130,1/21/25 0:00
146,Furman,SC,1.82,107.1,170,105.3,136,65.3,276,1/21/25 0:00
147,Wichita St.,Amer,1.8,108.3,140,106.5,171,70.2,59,1/21/25 0:00
148,Loyola Marymount,WCC,1.75,104.2,220,102.5,96,67.2,197,1/21/25 0:00
149,Illinois St.,MVC,1.68,112.5,78,110.8,261,64.6,316,1/21/25 0:00
150,Utah Valley,WAC,1.47,103.6,231,102.1,89,68.8,113,1/21/25 0:00
151,Bryant,AE,1.41,106.8,179,105.3,139,73.3,7,1/21/25 0:00
152,Northern Colorado,BSky,1.09,111,101,110,244,69.5,80,1/21/25 0:00
153,UC Santa Barbara,BW,1.03,107.5,160,106.5,169,63.9,335,1/21/25 0:00
154,Chattanooga,SC,0.99,113.4,64,112.4,287,66.5,227,1/21/25 0:00
155,Tulane,Amer,0.89,107.1,169,106.2,164,67.1,203,1/21/25 0:00
156,Milwaukee,Horz,0.76,106,188,105.3,135,69.1,96,1/21/25 0:00
157,Florida Gulf Coast,ASun,0.75,107.3,168,106.5,170,65.2,280,1/21/25 0:00
158,Texas St.,SB,0.71,110.5,110,109.8,241,65.6,260,1/21/25 0:00
159,Jacksonville St.,CUSA,0.71,110.5,111,109.8,242,64.4,320,1/21/25 0:00
160,James Madison,SB,0.64,107.6,159,107,183,66.4,232,1/21/25 0:00
,,,,,Strength of Schedule,NCSOS,,,,1/21/25 0:00
Rk,Team,Conf,NetRtg,ORtg,DRtg,AdjT,Luck,NetRtg,ORtg,1/21/25 0:00
161,Ohio,MAC,0.54,108.9,132,108.3,210,70.1,60,1/21/25 0:00
162,Kent St.,MAC,0.45,100.7,283,100.3,62,65.6,264,1/21/25 0:00
163,Jacksonville,ASun,0.42,102.1,253,101.7,83,67.9,160,1/21/25 0:00
164,Cleveland St.,Horz,0.29,105.8,191,105.5,142,66.2,242,1/21/25 0:00
165,Sam Houston St.,CUSA,0.13,110.7,105,110.6,254,68.8,115,1/21/25 0:00
166,East Carolina,Amer,0.1,105.9,189,105.8,151,66.6,219,1/21/25 0:00
167,Texas A&M Corpus Chris,Slnd,0.08,108.2,145,108.1,207,69.4,82,1/21/25 0:00
168,Seton Hall,BE,0.01,103.7,228,103.7,116,63.8,338,1/21/25 0:00
169,Norfolk St.,MEAC,-0.01,108,151,108,203,66.2,243,1/21/25 0:00
170,Virginia Tech,ACC,-0.18,107.3,165,107.5,200,64.7,313,1/21/25 0:00
171,UC Riverside,BW,-0.27,106.3,186,106.6,174,67.6,175,1/21/25 0:00
172,South Florida,Amer,-0.42,108.2,146,108.6,217,67.8,162,1/21/25 0:00
173,Cal Baptist,WAC,-0.46,108.2,143,108.7,219,65.5,267,1/21/25 0:00
174,Wright St.,Horz,-0.53,109.7,122,110.2,247,67.7,170,1/21/25 0:00
175,Miami FL,ACC,-0.69,115.1,49,115.7,341,67.1,200,1/21/25 0:00
176,Marshall,SB,-0.82,105.1,204,106,154,68.7,119,1/21/25 0:00
177,UMass Lowell,AE,-0.92,109.8,121,110.7,257,70.3,55,1/21/25 0:00
178,Oakland,Horz,-1.04,106.2,187,107.2,190,61.9,359,1/21/25 0:00
179,Montana St.,BSky,-1.07,105.6,195,106.7,176,66.5,228,1/21/25 0:00
180,San Jose St.,MWC,-1.12,108.6,139,109.7,238,65.3,274,1/21/25 0:00
181,Columbia,Ivy,-1.3,110.8,104,112.1,283,68.6,125,1/21/25 0:00
182,Quinnipiac,MAAC,-1.3,102.5,247,103.8,117,70.3,50,1/21/25 0:00
183,Hofstra,CAA,-1.32,98,326,99.3,54,64.1,333,1/21/25 0:00
184,La Salle,A10,-1.43,105,207,106.4,168,70.7,44,1/21/25 0:00
185,Radford,BSth,-1.48,107.8,154,109.3,230,63.8,339,1/21/25 0:00
186,William & Mary,CAA,-1.5,111.6,92,113.1,302,70.7,42,1/21/25 0:00
187,Rice,Amer,-1.55,105.5,200,107,184,64.7,308,1/21/25 0:00
188,Hawaii,BW,-1.6,105.5,198,107.1,186,65.7,254,1/21/25 0:00
189,UNC Asheville,BSth,-1.6,112.9,72,114.5,331,68.3,144,1/21/25 0:00
190,Longwood,BSth,-1.96,105.4,202,107.3,192,68.8,114,1/21/25 0:00
191,Merrimack,MAAC,-2.05,101.5,267,103.5,112,64.8,304,1/21/25 0:00
192,Winthrop,BSth,-2.1,107.7,158,109.7,240,72.4,13,1/21/25 0:00
193,Wyoming,MWC,-2.14,104.1,222,106.2,162,64.7,307,1/21/25 0:00
194,Kennesaw St.,CUSA,-2.16,105.1,206,107.2,189,71.3,26,1/21/25 0:00
195,Southern Illinois,MVC,-2.21,103.6,230,105.8,152,68.4,134,1/21/25 0:00
196,Towson,CAA,-2.24,103.9,225,106.1,159,62.6,354,1/21/25 0:00
197,Drexel,CAA,-2.3,103.2,234,105.5,143,63.5,345,1/21/25 0:00
198,Maine,AE,-2.43,101.4,269,103.9,119,67.3,190,1/21/25 0:00
199,Toledo,MAC,-2.55,111.1,99,113.7,316,69.6,71,1/21/25 0:00
200,Northeastern,CAA,-2.58,104.2,221,106.8,178,68.2,152,1/21/25 0:00
,,,,,Strength of Schedule,NCSOS,,,,1/21/25 0:00
Rk,Team,Conf,NetRtg,ORtg,DRtg,AdjT,Luck,NetRtg,ORtg,1/21/25 0:00
201,Massachusetts,A10,-2.59,104.4,218,107,182,71.7,18,1/21/25 0:00
202,Nicholls,Slnd,-3.2,105.6,197,108.8,224,69,104,1/21/25 0:00
203,Boston College,ACC,-3.28,105.8,190,109.1,228,66.4,234,1/21/25 0:00
204,UT Arlington,WAC,-3.31,108,150,111.3,269,69.3,85,1/21/25 0:00
205,Robert Morris,Horz,-3.42,102.6,244,106,156,69.3,87,1/21/25 0:00
206,Southeastern Louisiana,Slnd,-3.44,101.9,262,105.3,138,67.4,187,1/21/25 0:00
207,Delaware,CAA,-3.48,110.2,116,113.7,315,70.8,40,1/21/25 0:00
208,Queens,ASun,-3.5,105.5,199,109,225,69.2,94,1/21/25 0:00
209,Lamar,Slnd,-3.54,102.3,252,105.8,149,66,248,1/21/25 0:00
210,Pepperdine,WCC,-3.75,103.8,227,107.5,199,69.2,92,1/21/25 0:00
211,Idaho St.,BSky,-3.88,104.7,211,108.6,215,64.7,309,1/21/25 0:00
212,Youngstown St.,Horz,-3.9,99,312,102.9,100,69.6,73,1/21/25 0:00
213,Valparaiso,MVC,-3.9,105.3,203,109.2,229,68.4,141,1/21/25 0:00
214,Colgate,PL,-3.94,104.6,212,108.6,214,66.6,223,1/21/25 0:00
215,Central Michigan,MAC,-4.05,102.3,250,106.3,166,66.6,222,1/21/25 0:00
216,Brown,Ivy,-4.08,105.6,196,109.7,236,64.7,311,1/21/25 0:00
217,Central Connecticut,NEC,-4.26,99.1,308,103.4,110,64.5,318,1/21/25 0:00
218,Little Rock,OVC,-4.43,98.8,316,103.3,107,67.4,186,1/21/25 0:00
219,Southern,SWAC,-4.51,99.1,310,103.6,114,68.9,108,1/21/25 0:00
220,Richmond,A10,-4.55,101.6,263,106.1,160,65.1,288,1/21/25 0:00
221,North Florida,ASun,-4.56,113.3,66,117.9,353,71.5,22,1/21/25 0:00
222,Indiana St.,MVC,-4.61,108,148,112.7,294,73.3,5,1/21/25 0:00
223,Nebraska Omaha,Sum,-4.98,106.5,183,111.5,274,67.3,194,1/21/25 0:00
224,UT Rio Grande Valley,Slnd,-5.1,105.7,192,110.8,258,68.4,135,1/21/25 0:00
225,Marist,MAAC,-5.11,100,296,105.1,134,64.3,326,1/21/25 0:00
226,Portland St.,BSky,-5.22,102,258,107.2,188,69,100,1/21/25 0:00
227,Kansas City,Sum,-5.27,102.1,254,107.4,195,64.9,298,1/21/25 0:00
228,Cal St. Bakersfield,BW,-5.37,105.7,193,111.1,263,65.5,269,1/21/25 0:00
229,Gardner Webb,BSth,-5.39,104.9,208,110.3,250,69.6,69,1/21/25 0:00
230,Southern Utah,WAC,-5.51,102.9,237,108.4,211,69.3,86,1/21/25 0:00
231,Fordham,A10,-5.59,102.7,240,108.3,209,70.8,38,1/21/25 0:00
232,South Carolina St.,MEAC,-5.61,102.5,246,108.1,205,68.2,148,1/21/25 0:00
233,Vermont,AE,-5.65,98.3,322,103.9,120,62.3,356,1/21/25 0:00
234,UC Davis,BW,-5.76,96.5,341,102.2,91,68.9,106,1/21/25 0:00
235,UTSA,Amer,-5.8,106.8,176,112.6,293,71,34,1/21/25 0:00
236,American,PL,-5.87,103.8,226,109.7,239,63.3,348,1/21/25 0:00
237,Montana,BSky,-5.92,104.3,219,110.2,248,68.5,129,1/21/25 0:00
238,Mercer,SC,-6.07,101.9,259,108,202,71.2,28,1/21/25 0:00
239,Eastern Kentucky,ASun,-6.12,106.7,180,112.9,298,68.9,107,1/21/25 0:00
240,Abilene Christian,WAC,-6.24,97.9,327,104.1,122,68.3,145,1/21/25 0:00
,,,,,Strength of Schedule,NCSOS,,,,1/21/25 0:00
Rk,Team,Conf,NetRtg,ORtg,DRtg,AdjT,Luck,NetRtg,ORtg,1/21/25 0:00
241,Northern Kentucky,Horz,-6.47,99.2,306,105.7,144,64.6,317,1/21/25 0:00
242,Saint Peter's,MAAC,-6.5,96.8,339,103.3,109,62.8,351,1/21/25 0:00
243,FIU,CUSA,-6.51,98.5,321,105,132,69.3,88,1/21/25 0:00
244,Hampton,CAA,-6.84,101.9,261,108.7,222,64.3,323,1/21/25 0:00
245,Charlotte,Amer,-6.99,104.6,214,111.5,275,64.9,301,1/21/25 0:00
246,Campbell,CAA,-7,100.3,288,107.3,191,66.8,215,1/21/25 0:00
247,Weber St.,BSky,-7.04,105.7,194,112.7,295,64.9,300,1/21/25 0:00
248,Idaho,BSky,-7.14,108,149,115.2,336,65.9,252,1/21/25 0:00
249,SIUE,OVC,-7.32,100.1,293,107.4,197,64.8,302,1/21/25 0:00
250,Bethune Cookman,SWAC,-7.54,95.5,348,103,103,68.9,109,1/21/25 0:00
251,Missouri St.,MVC,-7.71,101.9,260,109.6,233,63.7,341,1/21/25 0:00
252,Albany,AE,-7.8,104.4,217,112.2,284,68.2,149,1/21/25 0:00
253,Siena,MAAC,-7.97,100.5,286,108.5,213,65.7,258,1/21/25 0:00
254,Cal Poly,BW,-8,105.1,205,113.1,303,73.8,2,1/21/25 0:00
255,Fresno St.,MWC,-8.04,100.1,295,108.1,206,73.3,6,1/21/25 0:00
256,Eastern Washington,BSky,-8.12,104.8,210,112.9,299,67.5,184,1/21/25 0:00
257,Stephen F. Austin,Slnd,-8.14,93.9,355,102,87,66.1,247,1/21/25 0:00
258,Harvard,Ivy,-8.18,101.5,266,109.7,237,66.1,246,1/21/25 0:00
259,Northwestern St.,Slnd,-8.27,102.5,245,110.8,259,63.7,342,1/21/25 0:00
260,Presbyterian,BSth,-8.32,103.6,229,112,281,64.1,330,1/21/25 0:00
261,Southeast Missouri,OVC,-8.35,99.7,302,108.1,204,68.7,120,1/21/25 0:00
262,South Dakota,Sum,-8.4,110.7,106,119.1,358,73.6,3,1/21/25 0:00
263,Northern Arizona,BSky,-8.43,103.4,232,111.8,279,67.5,181,1/21/25 0:00
264,Morehead St.,OVC,-8.51,100,298,108.5,212,65.2,281,1/21/25 0:00
265,UMBC,AE,-8.55,106.9,173,115.5,338,71.3,27,1/21/25 0:00
266,Ball St.,MAC,-8.55,104.6,215,113.1,305,66.8,214,1/21/25 0:00
267,Southern Miss,SB,-8.56,100.9,277,109.5,232,70.3,54,1/21/25 0:00
268,Iona,MAAC,-8.59,97.5,331,106.1,157,69.6,68,1/21/25 0:00
269,Mount St. Mary's,MAAC,-8.66,97.7,328,106.4,167,68.8,112,1/21/25 0:00
270,Bucknell,PL,-8.7,97.3,335,106,153,67.7,171,1/21/25 0:00
271,Tarleton St.,WAC,-9.16,96.2,342,105.4,141,65,295,1/21/25 0:00
272,Georgia Southern,SB,-9.27,100.4,287,109.6,234,70.8,39,1/21/25 0:00
273,Jackson St.,SWAC,-9.29,97.3,334,106.6,172,69.2,93,1/21/25 0:00
274,Evansville,MVC,-9.4,96,345,105.4,140,66.4,233,1/21/25 0:00
275,Charleston Southern,BSth,-9.41,100.9,280,110.3,251,68.3,142,1/21/25 0:00
276,San Diego,WCC,-9.42,97.4,333,106.8,180,70,61,1/21/25 0:00
277,Tulsa,Amer,-9.44,99.9,299,109.3,231,66.9,211,1/21/25 0:00
278,Dartmouth,Ivy,-9.57,99.5,304,109.1,227,71.2,31,1/21/25 0:00
279,Tennessee Martin,OVC,-9.61,101.1,275,110.7,256,66.9,209,1/21/25 0:00
280,Alabama St.,SWAC,-9.66,104.9,209,114.5,330,68.3,147,1/21/25 0:00
,,,,,Strength of Schedule,NCSOS,,,,1/21/25 0:00
Rk,Team,Conf,NetRtg,ORtg,DRtg,AdjT,Luck,NetRtg,ORtg,1/21/25 0:00
281,North Dakota,Sum,-9.67,107.7,156,117.4,350,68.7,121,1/21/25 0:00
282,Incarnate Word,Slnd,-9.95,106.3,185,116.3,345,65.2,283,1/21/25 0:00
283,Lafayette,PL,-10.1,98.6,320,108.7,220,66.2,244,1/21/25 0:00
284,Manhattan,MAAC,-10.16,106.8,178,116.9,348,68.3,143,1/21/25 0:00
285,Bowling Green,MAC,-10.22,101.2,272,111.4,273,69.5,74,1/21/25 0:00
286,Sacred Heart,MAAC,-10.36,103.3,233,113.7,314,69.7,67,1/21/25 0:00
287,Monmouth,CAA,-10.39,101,276,111.4,272,66.3,235,1/21/25 0:00
288,Howard,MEAC,-10.46,108.3,141,118.7,354,68.7,118,1/21/25 0:00
289,Penn,Ivy,-10.49,103.1,235,113.6,312,65.6,263,1/21/25 0:00
290,Boston University,PL,-10.57,99.1,311,109.7,235,62.2,357,1/21/25 0:00
291,Western Michigan,MAC,-10.69,102.7,241,113.3,309,68.4,139,1/21/25 0:00
292,Army,PL,-10.88,102.3,249,113.2,307,67.6,178,1/21/25 0:00
293,Utah Tech,WAC,-10.88,101.6,264,112.5,288,67.4,188,1/21/25 0:00
294,Stonehill,NEC,-10.91,101.4,268,112.3,286,65,293,1/21/25 0:00
295,LIU,NEC,-10.95,95.8,346,106.7,177,65.5,268,1/21/25 0:00
296,Houston Christian,Slnd,-11.02,100.2,291,111.2,266,66.2,241,1/21/25 0:00
297,Tennessee St.,OVC,-11.03,99.2,307,110.2,246,71.5,21,1/21/25 0:00
298,Air Force,MWC,-11.08,100.1,294,111.2,267,63.6,344,1/21/25 0:00
299,Pacific,WCC,-11.11,102.6,242,113.7,317,67,205,1/21/25 0:00
300,Texas Southern,SWAC,-11.16,97,337,108.2,208,70.4,49,1/21/25 0:00
301,Loyola MD,PL,-11.23,101.3,270,112.5,290,66.9,213,1/21/25 0:00
302,Lehigh,PL,-11.36,100.5,285,111.9,280,67.6,179,1/21/25 0:00
303,Austin Peay,ASun,-11.39,96,344,107.4,196,65.5,265,1/21/25 0:00
304,Coastal Carolina,SB,-11.55,102.1,255,113.6,313,62.6,353,1/21/25 0:00
305,Georgia St.,SB,-11.59,100.9,279,112.5,289,69.3,89,1/21/25 0:00
306,Navy,PL,-11.7,102.6,243,114.3,327,67.5,182,1/21/25 0:00
307,Old Dominion,SB,-12.09,99.3,305,111.4,271,65.8,253,1/21/25 0:00
308,Tennessee Tech,OVC,-12.21,100.7,282,113,300,67.9,159,1/21/25 0:00
309,North Carolina Central,MEAC,-12.22,102.9,238,115.1,333,66.1,245,1/21/25 0:00
310,Long Beach St.,BW,-12.61,102.4,248,115,332,64.3,322,1/21/25 0:00
311,Delaware St.,MEAC,-12.64,100,297,112.6,291,69.5,77,1/21/25 0:00
312,Cal St. Fullerton,BW,-12.82,98.7,317,111.6,276,66.5,231,1/21/25 0:00
313,Holy Cross,PL,-12.87,104.6,213,117.5,351,65.2,282,1/21/25 0:00
314,Eastern Michigan,MAC,-13.03,101.2,271,114.3,324,67.8,165,1/21/25 0:00
315,Niagara,MAAC,-13.14,101.2,274,114.3,328,64.4,321,1/21/25 0:00
316,Rider,MAAC,-13.19,99.6,303,112.8,296,64.8,306,1/21/25 0:00
317,Portland,WCC,-13.29,100.9,278,114.2,323,68.4,133,1/21/25 0:00
318,VMI,SC,-13.68,99.9,300,113.5,311,66.9,206,1/21/25 0:00
319,North Carolina A&T,CAA,-13.74,100.2,292,113.9,319,72,17,1/21/25 0:00
320,Oral Roberts,Sum,-13.81,105.5,201,119.3,359,68.7,116,1/21/25 0:00
,,,,,Strength of Schedule,NCSOS,,,,1/21/25 0:00
Rk,Team,Conf,NetRtg,ORtg,DRtg,AdjT,Luck,NetRtg,ORtg,1/21/25 0:00
321,Fairleigh Dickinson,NEC,-13.86,100.2,289,114.1,321,69.6,70,1/21/25 0:00
322,Grambling St.,SWAC,-13.9,97.7,329,111.6,277,65.4,272,1/21/25 0:00
323,Louisiana,SB,-13.94,100.2,290,114.2,322,66.9,207,1/21/25 0:00
324,IU Indy,Horz,-14.24,104.5,216,118.8,355,65,294,1/21/25 0:00
325,Southern Indiana,OVC,-14.26,98.9,314,113.2,306,66.7,216,1/21/25 0:00
326,Binghamton,AE,-14.33,101.2,273,115.5,339,64.7,310,1/21/25 0:00
327,Buffalo,MAC,-14.91,98.2,324,113.1,304,71.2,32,1/21/25 0:00
328,Fairfield,MAAC,-15.03,102.1,256,117.1,349,65.7,259,1/21/25 0:00
329,Saint Francis,NEC,-15.26,98.7,319,114,320,67.1,204,1/21/25 0:00
330,Prairie View A&M,SWAC,-15.31,100.6,284,115.9,342,71.4,25,1/21/25 0:00
331,Alcorn St.,SWAC,-15.49,97.1,336,112.6,292,65.1,285,1/21/25 0:00
332,Stony Brook,CAA,-15.58,99.8,301,115.4,337,64.9,297,1/21/25 0:00
333,Detroit Mercy,Horz,-15.58,96.5,340,112.1,282,66.9,208,1/21/25 0:00
334,Lindenwood,OVC,-15.7,95.7,347,111.4,270,69.1,97,1/21/25 0:00
335,Green Bay,Horz,-16.08,101.5,265,117.6,352,68.9,105,1/21/25 0:00
336,New Orleans,Slnd,-16.18,99,313,115.1,334,69.5,78,1/21/25 0:00
337,Morgan St.,MEAC,-16.46,103,236,119.4,360,70.9,37,1/21/25 0:00
338,Central Arkansas,ASun,-16.54,96.9,338,113.5,310,66.7,218,1/21/25 0:00
339,USC Upstate,BSth,-16.68,98.9,315,115.6,340,72.7,10,1/21/25 0:00
340,Wagner,NEC,-16.94,91.7,360,108.6,218,61.1,362,1/21/25 0:00
341,Eastern Illinois,OVC,-17.34,94,354,111.3,268,66.9,212,1/21/25 0:00
342,Western Carolina,SC,-17.56,93.3,356,110.9,262,71.1,33,1/21/25 0:00
343,West Georgia,ASun,-17.57,97.6,330,115.1,335,67.8,164,1/21/25 0:00
344,Sacramento St.,BSky,-17.58,92.8,358,110.4,252,64.3,327,1/21/25 0:00
345,Western Illinois,OVC,-17.72,99.1,309,116.9,347,62.6,355,1/21/25 0:00
346,Denver,Sum,-17.8,98.7,318,116.5,346,66.3,239,1/21/25 0:00
347,Le Moyne,NEC,-17.87,98.1,325,116,343,69.1,99,1/21/25 0:00
348,Stetson,ASun,-18.18,100.8,281,119,356,68.1,154,1/21/25 0:00
349,East Texas A&M,Slnd,-18.26,94,353,112.3,285,68.2,151,1/21/25 0:00
350,Louisiana Monroe,SB,-18.61,94.7,350,113.3,308,67.7,173,1/21/25 0:00
351,Canisius,MAAC,-19.05,102,257,121,361,64.9,296,1/21/25 0:00
352,Florida A&M,SWAC,-19.21,95.1,349,114.3,326,68.6,124,1/21/25 0:00
353,The Citadel,SC,-19.95,94.3,351,114.3,325,64.8,305,1/21/25 0:00
354,Mercyhurst,NEC,-20.1,96.1,343,116.2,344,64.1,331,1/21/25 0:00
355,Bellarmine,ASun,-20.22,102.3,251,122.5,363,65.5,266,1/21/25 0:00
356,Northern Illinois,MAC,-20.28,94.1,352,114.4,329,69.7,66,1/21/25 0:00
357,NJIT,AE,-20.44,90.2,361,110.7,255,64.8,303,1/21/25 0:00
358,Maryland Eastern Shore,MEAC,-20.85,98.2,323,119.1,357,67.3,193,1/21/25 0:00
359,Alabama A&M,SWAC,-21.05,92.8,357,113.9,318,71.4,24,1/21/25 0:00
360,New Hampshire,AE,-21.21,91.8,359,113,301,67.3,191,1/21/25 0:00
,,,,,Strength of Schedule,NCSOS,,,,1/21/25 0:00
Rk,Team,Conf,NetRtg,ORtg,DRtg,AdjT,Luck,NetRtg,ORtg,1/21/25 0:00
361,Chicago St.,NEC,-21.77,88.6,362,110.4,253,68.4,136,1/21/25 0:00
362,Coppin St.,MEAC,-24.32,88.5,363,112.8,297,68,157,1/21/25 0:00
363,Arkansas Pine Bluff,SWAC,-25.06,97.4,332,122.4,362,72.8,9,1/21/25 0:00
364,Mississippi Valley St.,SWAC,-39.45,84.7,364,124.2,364,65.2,278,1/21/25 0:00
1,Auburn,SEC,36.96,131.2,1,94.3,15,68.1,163,1/18/25 0:00
2,Duke,ACC,36.59,124.4,2,87.8,2,65.4,276,1/18/25 0:00
3,Houston,B12,34.66,122,11,87.3,1,61.6,361,1/18/25 0:00
4,Iowa St.,B12,32.17,123.4,8,91.3,5,69.3,102,1/18/25 0:00
5,Tennessee,SEC,29.94,118,24,88.1,4,64.6,320,1/18/25 0:00
6,Florida,SEC,29.33,124,6,94.7,16,69.6,82,1/18/25 0:00
7,Kansas,B12,27.73,115.8,44,88,3,68.6,135,1/18/25 0:00
8,Illinois,B10,26.85,119.2,20,92.4,10,72.8,13,1/18/25 0:00
9,Alabama,SEC,26.67,123.6,7,96.9,32,74.4,1,1/18/25 0:00
10,Purdue,B10,26.03,123.2,9,97.1,35,65,298,1/18/25 0:00
11,Gonzaga,WCC,25.76,124.1,4,98.4,48,70.4,57,1/18/25 0:00
12,Michigan,B10,25.14,121.3,13,96.1,24,70.4,55,1/18/25 0:00
13,Marquette,BE,25.02,119.8,19,94.8,18,67.9,174,1/18/25 0:00
14,Arizona,B12,24.56,120.5,16,96,21,70.5,51,1/18/25 0:00
15,Michigan St.,B10,24.5,118.7,23,94.2,14,68.7,130,1/18/25 0:00
16,Kentucky,SEC,23.65,124.4,3,100.7,76,71.5,28,1/18/25 0:00
17,Texas Tech,B12,23.63,122.3,10,98.6,52,65.2,287,1/18/25 0:00
18,Mississippi,SEC,23.44,116.9,30,93.4,13,67.4,197,1/18/25 0:00
19,Texas A&M,SEC,23.36,116.7,32,93.4,12,66.9,219,1/18/25 0:00
20,Baylor,B12,22.39,120.5,15,98.1,45,65.1,290,1/18/25 0:00
21,St. John's,BE,22.29,114.2,56,91.9,8,70.2,63,1/18/25 0:00
22,Mississippi St.,SEC,22.29,120.1,18,97.8,41,68,166,1/18/25 0:00
23,Wisconsin,B10,22.25,120.8,14,98.5,50,68.1,160,1/18/25 0:00
24,Maryland,B10,21.31,117.3,28,96,22,69.9,70,1/18/25 0:00
25,Oregon,B10,21.15,118.9,21,97.7,40,68.5,141,1/18/25 0:00
26,Connecticut,BE,20.78,124.1,5,103.3,110,64.6,325,1/18/25 0:00
27,Clemson,ACC,19.75,116.1,40,96.4,25,64.6,324,1/18/25 0:00
28,North Carolina,ACC,19.59,116.4,34,96.8,30,72.8,12,1/18/25 0:00
29,Saint Mary's,WCC,19.36,116.2,38,96.8,29,63,351,1/18/25 0:00
30,Louisville,ACC,19.34,117,29,97.6,38,68.2,158,1/18/25 0:00
31,UCLA,B10,19.24,112.4,75,93.2,11,65.8,259,1/18/25 0:00
32,Pittsburgh,ACC,18.83,117.7,25,98.9,54,68.4,145,1/18/25 0:00
33,Ohio St.,B10,18.48,115.6,45,97.1,34,67.6,187,1/18/25 0:00
34,Missouri,SEC,18.4,118.9,22,100.5,70,67.8,178,1/18/25 0:00
35,San Diego St.,MWC,18.1,109.7,116,91.6,6,66.1,247,1/18/25 0:00
36,Texas,SEC,17.92,116,43,98.1,44,67.5,189,1/18/25 0:00
37,Georgia,SEC,17.5,112.2,79,94.7,17,66.9,221,1/18/25 0:00
38,Memphis,Amer,17.33,115.3,46,98,42,70.6,48,1/18/25 0:00
39,Cincinnati,B12,17.23,109.1,128,91.9,7,65.2,282,1/18/25 0:00
40,VCU,A10,17.02,112.9,69,95.9,20,66.5,230,1/18/25 0:00
,,« Ratings on 2025-01-18 »,Current Ratings,Rk,EM,AdjT,,,,1/18/25 0:00
Rk,Team,Conf,NetRtg,ORtg,DRtg,AdjT,Rk,NetRtg,ORtg,1/18/25 0:00
41,West Virginia,B12,16.53,112.6,71,96.1,23,64.5,327,1/18/25 0:00
42,Creighton,BE,16.5,114.5,53,98,43,69.2,104,1/18/25 0:00
43,BYU,B12,16.31,117.4,27,101.1,81,67.3,204,1/18/25 0:00
44,Nebraska,B10,15.9,113.1,64,97.2,37,68.2,157,1/18/25 0:00
45,Penn St.,B10,15.81,116.3,35,100.5,68,71.7,22,1/18/25 0:00
46,Arkansas,SEC,15.7,112.2,78,96.5,28,69.3,99,1/18/25 0:00
47,Utah St.,MWC,15.6,116.8,31,101.2,83,68.7,129,1/18/25 0:00
48,Oklahoma,SEC,15.49,117.5,26,102,92,67.8,177,1/18/25 0:00
49,Villanova,BE,15.31,121.7,12,106.4,172,63.6,347,1/18/25 0:00
50,Xavier,BE,15.06,113.7,57,98.7,53,69,115,1/18/25 0:00
51,Northwestern,B10,14.89,111.3,93,96.4,26,65.1,294,1/18/25 0:00
52,Vanderbilt,SEC,14.85,114.7,51,99.9,63,70.8,42,1/18/25 0:00
53,SMU,ACC,14.83,116.1,42,101.2,84,70,68,1/18/25 0:00
54,Iowa,B10,14.72,120.4,17,105.6,155,71.8,19,1/18/25 0:00
55,New Mexico,MWC,14.5,111.5,87,97,33,73.3,8,1/18/25 0:00
56,Boise St.,MWC,14.31,116.2,36,101.9,91,66.8,223,1/18/25 0:00
57,UC Irvine,BW,13.97,106.1,182,92.2,9,69.6,84,1/18/25 0:00
58,Indiana,B10,13.96,112.5,74,98.5,49,69.4,93,1/18/25 0:00
59,Dayton,A10,13.33,116.2,37,102.9,106,65.4,275,1/18/25 0:00
60,North Texas,Amer,13.29,111,99,97.7,39,61.9,360,1/18/25 0:00
61,Oregon St.,WCC,13.12,114.5,52,101.4,86,64.8,304,1/18/25 0:00
62,UC San Diego,BW,13.03,113,66,100,64,65.9,256,1/18/25 0:00
63,Florida St.,ACC,12.89,111.1,96,98.2,46,70.4,56,1/18/25 0:00
64,Arizona St.,B12,12.75,111.3,89,98.6,51,68,169,1/18/25 0:00
65,USC,B10,12.33,112.9,67,100.6,75,68.2,155,1/18/25 0:00
66,Nevada,MWC,12.13,113.4,59,101.3,85,63.2,350,1/18/25 0:00
67,McNeese,Slnd,11.9,111.2,95,99.3,56,65.7,264,1/18/25 0:00
68,LSU,SEC,11.51,111.3,94,99.8,61,68.6,138,1/18/25 0:00
69,Georgetown,BE,11.48,107.3,161,95.8,19,68.2,156,1/18/25 0:00
70,Utah,B12,11.18,112.3,76,101.1,80,70.3,60,1/18/25 0:00
71,UCF,B12,11.05,113.4,61,102.4,98,70.8,40,1/18/25 0:00
72,Santa Clara,WCC,10.94,113.5,58,102.5,102,68.4,146,1/18/25 0:00
73,South Carolina,SEC,10.88,109.2,126,98.3,47,65.6,268,1/18/25 0:00
74,St. Bonaventure,A10,10.69,110.5,110,99.8,62,63.7,344,1/18/25 0:00
75,Yale,Ivy,10.53,114.4,55,103.9,122,67.5,194,1/18/25 0:00
76,San Francisco,WCC,10.52,111.5,86,101,78,67.4,199,1/18/25 0:00
77,George Mason,A10,10.51,107,172,96.5,27,64.7,315,1/18/25 0:00
78,Notre Dame,ACC,10.47,116.1,41,105.6,153,64.7,317,1/18/25 0:00
79,Wake Forest,ACC,10.45,107.6,156,97.2,36,66.4,237,1/18/25 0:00
80,Rutgers,B10,10.29,113.1,65,102.8,104,69.6,81,1/18/25 0:00
,,« Ratings on 2025-01-18 »,Current Ratings,Rk,EM,AdjT,,,,1/18/25 0:00
Rk,Team,Conf,NetRtg,ORtg,DRtg,AdjT,Rk,NetRtg,ORtg,1/18/25 0:00
81,Liberty,CUSA,10.27,109.4,119,99.1,55,64.8,306,1/18/25 0:00
82,Lipscomb,ASun,10.24,110.7,105,100.5,67,66.2,242,1/18/25 0:00
83,Drake,MVC,10.22,110.8,103,100.6,74,59.5,364,1/18/25 0:00
84,Colorado St.,MWC,9.69,109.1,127,99.4,57,67.5,193,1/18/25 0:00
85,TCU,B12,9.57,106.4,178,96.8,31,66.4,235,1/18/25 0:00
86,Providence,BE,9.05,111.6,84,102.6,103,65.8,258,1/18/25 0:00
87,Washington St.,WCC,8.93,110.9,100,102,93,71,36,1/18/25 0:00
88,Bradley,MVC,8.87,111.3,92,102.4,100,65.7,261,1/18/25 0:00
89,Butler,BE,8.73,112.5,72,103.8,121,67.5,192,1/18/25 0:00
90,Colorado,B12,8.73,108.3,139,99.6,60,68.3,149,1/18/25 0:00
91,Saint Joseph's,A10,8.11,108.6,135,100.5,72,69.3,101,1/18/25 0:00
92,Stanford,ACC,7.98,114.4,54,106.5,177,67.2,210,1/18/25 0:00
93,N.C. State,ACC,7.89,111.9,82,104,127,64.7,318,1/18/25 0:00
94,Washington,B10,7.39,107.7,154,100.3,66,68.8,124,1/18/25 0:00
95,Arkansas St.,SB,7.08,109.6,117,102.5,101,69.4,92,1/18/25 0:00
96,Grand Canyon,WAC,6.96,107,171,100,65,72.3,17,1/18/25 0:00
97,Northern Iowa,MVC,6.41,112.8,70,106.4,175,65.5,272,1/18/25 0:00
98,Kansas St.,B12,6.41,108.6,134,102.2,95,67.7,184,1/18/25 0:00
99,Minnesota,B10,6.11,108.5,137,102.4,99,62.4,358,1/18/25 0:00
100,Rhode Island,A10,5.82,107.3,163,101.4,87,70.8,43,1/18/25 0:00
101,High Point,BSth,5.8,116.6,33,110.8,267,66.7,226,1/18/25 0:00
102,Samford,SC,5.48,114.9,48,109.4,235,70.4,53,1/18/25 0:00
103,UAB,Amer,5.47,115.1,47,109.6,241,69.6,83,1/18/25 0:00
104,UNLV,MWC,5.44,110.4,111,105,140,64.9,303,1/18/25 0:00
105,DePaul,BE,5.09,110.8,102,105.7,158,67.9,175,1/18/25 0:00
106,North Dakota St.,Sum,4.83,116.1,39,111.3,277,65.3,280,1/18/25 0:00
107,Temple,Amer,4.72,109.3,120,104.6,135,70.1,67,1/18/25 0:00
108,South Alabama,SB,4.7,107,170,102.3,96,63.3,349,1/18/25 0:00
109,Florida Atlantic,Amer,4.64,111.3,90,106.7,181,70.9,38,1/18/25 0:00
110,Georgia Tech,ACC,4.64,106.5,177,101.9,90,70.2,65,1/18/25 0:00
111,Davidson,A10,4.6,111.6,85,107,186,66.1,245,1/18/25 0:00
112,St. Thomas,Sum,4.55,114.8,50,110.2,247,68.7,131,1/18/25 0:00
113,Troy,SB,4.52,107.7,152,103.2,107,65.3,278,1/18/25 0:00
114,South Dakota St.,Sum,4.49,110.6,107,106.1,167,69.6,79,1/18/25 0:00
115,Murray St.,MVC,4.44,107.8,149,103.4,113,65,295,1/18/25 0:00
116,Akron,MAC,4.34,109.9,114,105.6,152,71.8,20,1/18/25 0:00
117,Princeton,Ivy,4.29,110.6,106,106.3,170,67.5,190,1/18/25 0:00
118,Oklahoma St.,B12,4.26,106.1,184,101.8,89,70.7,46,1/18/25 0:00
119,Saint Louis,A10,3.99,112,81,108,210,67.1,212,1/18/25 0:00
120,George Washington,A10,3.73,107.5,159,103.7,118,69.1,108,1/18/25 0:00
,,« Ratings on 2025-01-18 »,Current Ratings,Rk,EM,AdjT,,,,1/18/25 0:00
Rk,Team,Conf,NetRtg,ORtg,DRtg,AdjT,Rk,NetRtg,ORtg,1/18/25 0:00
121,Middle Tennessee,CUSA,3.72,108,145,104.3,131,69.4,94,1/18/25 0:00
122,Appalachian St.,SB,3.65,104.1,215,100.5,71,64.2,334,1/18/25 0:00
123,New Mexico St.,CUSA,3.64,106.9,173,103.3,108,65.7,266,1/18/25 0:00
124,Louisiana Tech,CUSA,3.59,109.3,122,105.7,156,64.6,321,1/18/25 0:00
125,Wofford,SC,3.57,113.4,62,109.8,245,64.2,332,1/18/25 0:00
126,Western Kentucky,CUSA,3.17,103.7,226,100.5,73,74,2,1/18/25 0:00
127,UNC Greensboro,SC,3.11,107.8,148,104.7,136,63.7,343,1/18/25 0:00
128,Syracuse,ACC,3.06,108.8,131,105.7,160,69.9,69,1/18/25 0:00
129,CSUN,BW,2.99,107.2,164,104.2,130,72.9,9,1/18/25 0:00
130,Purdue Fort Wayne,Horz,2.65,113.4,63,110.7,264,69.1,110,1/18/25 0:00
131,Cornell,Ivy,2.61,113.4,60,110.8,268,70.9,39,1/18/25 0:00
132,Charleston,CAA,2.56,105.8,187,103.3,109,72.5,16,1/18/25 0:00
133,East Tennessee St.,SC,2.49,109.5,118,107,185,66.4,234,1/18/25 0:00
134,Wichita St.,Amer,2.49,108,146,105.5,148,70.6,49,1/18/25 0:00
135,Belmont,MVC,2.33,110.8,104,108.5,221,71.6,23,1/18/25 0:00
136,Furman,SC,2.33,107.3,160,105,139,65.1,291,1/18/25 0:00
137,Virginia,ACC,2.26,103.5,229,101.2,82,60.2,363,1/18/25 0:00
138,California,ACC,2.17,111.8,83,109.6,242,68.3,151,1/18/25 0:00
139,Duquesne,A10,2.13,105.7,190,103.6,116,64.2,331,1/18/25 0:00
140,Loyola Marymount,WCC,2.02,103.8,221,101.8,88,67.5,188,1/18/25 0:00
141,Elon,CAA,2.01,108.4,138,106.4,171,64.3,330,1/18/25 0:00
142,UC Santa Barbara,BW,1.96,107.7,151,105.7,159,64.6,322,1/18/25 0:00
143,UNC Wilmington,CAA,1.95,109.3,121,107.4,198,66,252,1/18/25 0:00
144,Northern Colorado,BSky,1.93,111,98,109.1,229,69.9,72,1/18/25 0:00
145,Kent St.,MAC,1.75,101.2,267,99.5,59,66,251,1/18/25 0:00
146,Illinois St.,MVC,1.73,112.1,80,110.4,256,64.7,319,1/18/25 0:00
147,Loyola Chicago,A10,1.6,107.1,168,105.5,149,67.7,183,1/18/25 0:00
148,North Alabama,ASun,1.59,108.1,143,106.5,178,67.3,202,1/18/25 0:00
149,UTEP,CUSA,1.5,105.3,196,103.8,120,68.5,140,1/18/25 0:00
150,Miami FL,ACC,1.49,114.9,49,113.4,311,67.3,205,1/18/25 0:00
151,Illinois Chicago,MVC,1.35,108.6,136,107.2,195,69.3,100,1/18/25 0:00
152,Milwaukee,Horz,1.26,105.4,193,104.1,129,69.1,106,1/18/25 0:00
153,Utah Valley,WAC,1.07,101.9,249,100.8,77,68.8,125,1/18/25 0:00
154,James Madison,SB,1.06,108.2,141,107.1,189,66.8,224,1/18/25 0:00
155,Seattle,WAC,1.04,107.1,167,106.1,165,66.5,231,1/18/25 0:00
156,Seton Hall,BE,0.98,104.3,213,103.3,112,63.8,342,1/18/25 0:00
157,Texas St.,SB,0.88,110.3,112,109.4,236,65.7,263,1/18/25 0:00
158,Texas A&M Corpus Chris,Slnd,0.78,110.2,113,109.4,237,68.8,123,1/18/25 0:00
159,Miami OH,MAC,0.76,108,147,107.2,192,68.9,121,1/18/25 0:00
160,Tulane,Amer,0.74,105.9,186,105.2,144,67.6,185,1/18/25 0:00
,,« Ratings on 2025-01-18 »,Current Ratings,Rk,EM,AdjT,,,,1/18/25 0:00
Rk,Team,Conf,NetRtg,ORtg,DRtg,AdjT,Rk,NetRtg,ORtg,1/18/25 0:00
161,Jacksonville,ASun,0.61,101.6,257,101,79,68.4,147,1/18/25 0:00
162,Virginia Tech,ACC,0.59,107.7,150,107.1,188,64.5,326,1/18/25 0:00
163,Sam Houston St.,CUSA,0.5,111.4,88,110.9,269,69.1,107,1/18/25 0:00
164,Ohio,MAC,0.49,108.7,133,108.2,216,70.3,61,1/18/25 0:00
165,UMass Lowell,AE,0.28,110.6,108,110.3,253,70.5,52,1/18/25 0:00
166,La Salle,A10,0.12,106.7,174,106.6,180,70.5,50,1/18/25 0:00
167,Jacksonville St.,CUSA,0.1,110.5,109,110.4,257,64.7,313,1/18/25 0:00
168,Chattanooga,SC,0.09,112.9,68,112.8,302,66.5,232,1/18/25 0:00
169,Norfolk St.,MEAC,-0.05,107.7,153,107.7,203,66.3,239,1/18/25 0:00
170,Florida Gulf Coast,ASun,-0.08,107.6,157,107.6,202,65.9,255,1/18/25 0:00
171,Bryant,AE,-0.14,106.4,179,106.5,179,73.5,6,1/18/25 0:00
172,South Florida,Amer,-0.19,109.3,123,109.5,238,68,170,1/18/25 0:00
173,Cleveland St.,Horz,-0.21,105.7,189,105.9,163,66.3,241,1/18/25 0:00
174,East Carolina,Amer,-0.52,105.2,197,105.7,161,67,216,1/18/25 0:00
175,Radford,BSth,-0.82,109.2,124,110,246,64,338,1/18/25 0:00
176,Cal Baptist,WAC,-1.04,108.8,132,109.8,244,65.7,262,1/18/25 0:00
177,Oakland,Horz,-1.16,106,185,107.2,193,62.2,359,1/18/25 0:00
178,William & Mary,CAA,-1.17,111.3,91,112.5,295,70.7,47,1/18/25 0:00
179,Hofstra,CAA,-1.18,98.3,319,99.5,58,64.1,337,1/18/25 0:00
180,San Jose St.,MWC,-1.3,108,144,109.3,232,65.6,270,1/18/25 0:00
181,Wyoming,MWC,-1.35,103.8,224,105.1,143,64.9,301,1/18/25 0:00
182,UC Riverside,BW,-1.45,104.7,205,106.1,166,67.6,186,1/18/25 0:00
183,Wright St.,Horz,-1.46,108.9,130,110.3,251,67.5,191,1/18/25 0:00
184,Winthrop,BSth,-1.49,107.3,162,108.8,224,72.5,15,1/18/25 0:00
185,Columbia,Ivy,-1.64,110.9,101,112.5,296,68.1,164,1/18/25 0:00
186,Towson,CAA,-1.66,105.1,201,106.7,183,62.9,352,1/18/25 0:00
187,Marshall,SB,-1.88,104.1,216,106,164,68.8,126,1/18/25 0:00
188,Hawaii,BW,-1.95,104.9,203,106.9,184,65.6,269,1/18/25 0:00
189,UNC Asheville,BSth,-2.01,112.2,77,114.2,328,68.4,148,1/18/25 0:00
190,Rice,Amer,-2.05,104.3,212,106.4,174,65.2,288,1/18/25 0:00
191,Merrimack,MAAC,-2.08,101.4,262,103.5,114,64.8,305,1/18/25 0:00
192,Montana St.,BSky,-2.17,104.5,209,106.7,182,66.7,225,1/18/25 0:00
193,Longwood,BSth,-2.2,105.2,199,107.3,197,69,114,1/18/25 0:00
194,Kennesaw St.,CUSA,-2.46,103.8,225,106.2,168,71.6,25,1/18/25 0:00
195,Drexel,CAA,-2.78,102.9,236,105.6,154,63.6,346,1/18/25 0:00
196,Queens,ASun,-2.83,106.6,176,109.4,234,69.8,74,1/18/25 0:00
197,Northeastern,CAA,-2.96,102.7,238,105.7,157,68.5,143,1/18/25 0:00
198,Nicholls,Slnd,-2.96,105,202,107.9,208,69,117,1/18/25 0:00
199,UT Arlington,WAC,-3.08,108.1,142,111.2,276,69.6,80,1/18/25 0:00
200,Valparaiso,MVC,-3.11,105.2,198,108.3,219,68.6,137,1/18/25 0:00
,,« Ratings on 2025-01-18 »,Current Ratings,Rk,EM,AdjT,,,,1/18/25 0:00
Rk,Team,Conf,NetRtg,ORtg,DRtg,AdjT,Rk,NetRtg,ORtg,1/18/25 0:00
201,Boston College,ACC,-3.2,105.5,192,108.7,223,66.4,233,1/18/25 0:00
202,Pepperdine,WCC,-3.23,104.1,217,107.3,196,69.7,78,1/18/25 0:00
203,Marist,MAAC,-3.39,101.1,270,104.5,134,64.2,336,1/18/25 0:00
204,Brown,Ivy,-3.42,104.7,204,108.1,213,64.8,308,1/18/25 0:00
205,Youngstown St.,Horz,-3.64,98.7,314,102.4,97,70.1,66,1/18/25 0:00
206,Montana,BSky,-3.65,105.3,195,109,226,68.7,128,1/18/25 0:00
207,Massachusetts,A10,-3.65,104.5,211,108.1,214,71.5,27,1/18/25 0:00
208,Southeastern Louisiana,Slnd,-3.69,101.1,269,104.8,137,67.7,180,1/18/25 0:00
209,Indiana St.,MVC,-3.7,109.2,125,112.9,304,73.6,5,1/18/25 0:00
210,Quinnipiac,MAAC,-3.75,100.1,290,103.9,124,71,37,1/18/25 0:00
211,Central Michigan,MAC,-3.83,101.5,259,105.3,146,67.2,208,1/18/25 0:00
212,Delaware,CAA,-4.1,109.8,115,113.9,321,70.8,45,1/18/25 0:00
213,Southern,SWAC,-4.14,99.4,300,103.5,115,68.9,118,1/18/25 0:00
214,Toledo,MAC,-4.17,108.9,129,113.1,308,70.2,64,1/18/25 0:00
215,Robert Morris,Horz,-4.21,101.4,263,105.6,151,69.4,97,1/18/25 0:00
216,Southern Utah,WAC,-4.25,104,218,108.3,217,69.6,85,1/18/25 0:00
217,Richmond,A10,-4.33,102.9,235,107.2,194,64.8,309,1/18/25 0:00
218,North Florida,ASun,-4.5,112.5,73,117,350,71.7,21,1/18/25 0:00
219,Lamar,Slnd,-4.5,100.5,282,105,141,66.2,244,1/18/25 0:00
220,Maine,AE,-4.56,100.3,287,104.8,138,67.4,198,1/18/25 0:00
221,Southern Illinois,MVC,-4.6,102.9,237,107.5,199,69,111,1/18/25 0:00
222,Central Connecticut,NEC,-4.72,99.2,303,103.9,126,64.4,329,1/18/25 0:00
223,Kansas City,Sum,-4.89,101.5,258,106.4,176,65.2,281,1/18/25 0:00
224,UT Rio Grande Valley,Slnd,-4.91,106.2,180,111.1,274,68.3,150,1/18/25 0:00
225,Little Rock,OVC,-4.96,97.9,325,102.8,105,67.7,181,1/18/25 0:00
226,Nebraska Omaha,Sum,-5.06,106.1,183,111.2,275,67.4,196,1/18/25 0:00
227,Mercer,SC,-5.12,102.9,233,108.1,211,71.6,24,1/18/25 0:00
228,Cal St. Bakersfield,BW,-5.15,105.6,191,110.7,263,65.2,285,1/18/25 0:00
229,Colgate,PL,-5.43,102.3,245,107.7,204,66.2,243,1/18/25 0:00
230,Eastern Kentucky,ASun,-5.48,107.1,166,112.6,298,69.2,103,1/18/25 0:00
231,South Carolina St.,MEAC,-5.52,102,248,107.5,200,68.5,144,1/18/25 0:00
232,UTSA,Amer,-5.53,106.6,175,112.1,288,71.5,30,1/18/25 0:00
233,Vermont,AE,-5.73,98,322,103.7,117,62.7,355,1/18/25 0:00
234,Fordham,A10,-5.8,102.1,246,107.9,209,71.1,35,1/18/25 0:00
235,Idaho St.,BSky,-5.89,103.2,231,109.1,230,64.9,300,1/18/25 0:00
236,Mount St. Mary's,MAAC,-5.9,98.2,320,104.1,128,69.2,105,1/18/25 0:00
237,Abilene Christian,WAC,-5.91,99.2,304,105.1,142,68.5,142,1/18/25 0:00
238,Northern Kentucky,Horz,-5.92,99.3,302,105.2,145,64.4,328,1/18/25 0:00
239,FIU,CUSA,-6.01,97.8,326,103.8,119,69.5,86,1/18/25 0:00
240,Weber St.,BSky,-6.05,105.8,188,111.9,283,64.8,312,1/18/25 0:00
,,« Ratings on 2025-01-18 »,Current Ratings,Rk,EM,AdjT,,,,1/18/25 0:00
Rk,Team,Conf,NetRtg,ORtg,DRtg,AdjT,Rk,NetRtg,ORtg,1/18/25 0:00
241,Portland St.,BSky,-6.39,100.6,279,107,187,69.4,95,1/18/25 0:00
242,American,PL,-6.4,103.4,230,109.8,243,63.4,348,1/18/25 0:00
243,Gardner Webb,BSth,-6.47,103.8,223,110.3,249,69.7,76,1/18/25 0:00
244,UC Davis,BW,-6.61,95.6,345,102.2,94,69.5,87,1/18/25 0:00
245,UMBC,AE,-6.67,107.7,155,114.3,332,71.4,32,1/18/25 0:00
246,Ball St.,MAC,-6.7,104,219,110.7,262,67.3,203,1/18/25 0:00
247,Saint Peter's,MAAC,-6.92,97,333,103.9,123,62.6,356,1/18/25 0:00
248,SIUE,OVC,-6.98,98.5,317,105.5,150,64.9,302,1/18/25 0:00
249,Stephen F. Austin,Slnd,-7.05,93.4,355,100.5,69,66.4,236,1/18/25 0:00
250,South Dakota,Sum,-7.12,111,97,118.1,355,73.8,3,1/18/25 0:00
251,Hampton,CAA,-7.14,101,273,108.2,215,64.8,311,1/18/25 0:00
252,Charlotte,Amer,-7.18,104.6,208,111.8,279,64.8,307,1/18/25 0:00
253,Northern Arizona,BSky,-7.39,102.9,234,110.3,250,67.9,171,1/18/25 0:00
254,Idaho,BSky,-7.45,107.5,158,115,336,66,250,1/18/25 0:00
255,Bethune Cookman,SWAC,-7.48,95.8,340,103.3,111,69,113,1/18/25 0:00
256,Eastern Washington,BSky,-7.64,104.1,214,111.8,281,67.8,176,1/18/25 0:00
257,Fresno St.,MWC,-7.89,99.9,292,107.8,205,73.4,7,1/18/25 0:00
258,Harvard,Ivy,-7.91,100.5,281,108.5,220,66.1,246,1/18/25 0:00
259,Cal Poly,BW,-7.94,104.5,210,112.5,293,73.7,4,1/18/25 0:00
260,Missouri St.,MVC,-8.19,101,274,109.2,231,63.7,345,1/18/25 0:00
261,Siena,MAAC,-8.21,100.4,285,108.6,222,65.8,260,1/18/25 0:00
262,Presbyterian,BSth,-8.21,103.7,227,111.9,285,64.2,333,1/18/25 0:00
263,Bucknell,PL,-8.26,96.1,339,104.3,133,67.9,173,1/18/25 0:00
264,Albany,AE,-8.32,103.8,222,112.1,289,68.6,133,1/18/25 0:00
265,Lafayette,PL,-8.36,98.8,313,107.1,190,66.1,249,1/18/25 0:00
266,Campbell,CAA,-8.37,99.5,298,107.9,207,66.8,222,1/18/25 0:00
267,Tarleton St.,WAC,-8.53,95.8,341,104.3,132,65.2,284,1/18/25 0:00
268,Southeast Missouri,OVC,-8.54,99.8,294,108.3,218,68.9,122,1/18/25 0:00
269,Monmouth,CAA,-8.55,101.8,254,110.4,255,66.3,240,1/18/25 0:00
270,Iona,MAAC,-8.64,97.3,332,105.9,162,69.9,73,1/18/25 0:00
271,Northwestern St.,Slnd,-8.84,101.9,250,110.8,265,64.2,335,1/18/25 0:00
272,Bowling Green,MAC,-8.92,102.5,242,111.4,278,69.9,71,1/18/25 0:00
273,Southern Miss,SB,-9.02,100.6,280,109.6,239,70.3,62,1/18/25 0:00
274,Incarnate Word,Slnd,-9.23,107.2,165,116.4,347,65.1,293,1/18/25 0:00
275,Evansville,MVC,-9.3,94.6,349,103.9,125,66.5,228,1/18/25 0:00
276,Lehigh,PL,-9.35,101.3,264,110.6,260,68.1,161,1/18/25 0:00
277,Western Michigan,MAC,-9.41,103.7,228,113.1,306,67.8,179,1/18/25 0:00
278,Morehead St.,OVC,-9.44,98.6,315,108.1,212,65.6,267,1/18/25 0:00
279,Tulsa,Amer,-9.52,100.9,276,110.4,254,67,214,1/18/25 0:00
280,Georgia Southern,SB,-9.63,99.9,291,109.6,240,71.5,29,1/18/25 0:00
,,« Ratings on 2025-01-18 »,Current Ratings,Rk,EM,AdjT,,,,1/18/25 0:00
Rk,Team,Conf,NetRtg,ORtg,DRtg,AdjT,Rk,NetRtg,ORtg,1/18/25 0:00
281,Jackson St.,SWAC,-9.66,95.8,342,105.4,147,69.5,89,1/18/25 0:00
282,San Diego,WCC,-9.71,96.6,335,106.3,169,70.4,54,1/18/25 0:00
283,Tennessee Martin,OVC,-9.82,99.1,306,109,225,67,215,1/18/25 0:00
284,Alabama St.,SWAC,-9.86,105.1,200,115,337,68.7,127,1/18/25 0:00
285,North Dakota,Sum,-9.95,107,169,117,349,69,116,1/18/25 0:00
286,Charleston Southern,BSth,-9.97,101.9,251,111.9,284,68.7,132,1/18/25 0:00
287,Boston University,PL,-10.03,99,308,109,227,62.6,357,1/18/25 0:00
288,Sacred Heart,MAAC,-10.04,103.9,220,114,323,69.5,91,1/18/25 0:00
289,Dartmouth,Ivy,-10.07,99,307,109.1,228,70.8,44,1/18/25 0:00
290,Manhattan,MAAC,-10.2,106.2,181,116.4,346,69,112,1/18/25 0:00
291,Howard,MEAC,-10.22,108.2,140,118.4,356,68.9,119,1/18/25 0:00
292,Utah Tech,WAC,-10.27,100.4,284,110.7,261,67.4,195,1/18/25 0:00
293,Coastal Carolina,SB,-10.69,101.9,252,112.6,297,62.7,354,1/18/25 0:00
294,Stonehill,NEC,-10.7,101.1,272,111.8,280,65.2,286,1/18/25 0:00
295,Austin Peay,ASun,-10.72,95.6,344,106.4,173,65.5,274,1/18/25 0:00
296,Georgia St.,SB,-10.74,101.2,266,112,286,69.4,96,1/18/25 0:00
297,Army,PL,-10.96,101.8,255,112.7,300,68,167,1/18/25 0:00
298,Pacific,WCC,-11.29,102.4,243,113.7,316,67.2,207,1/18/25 0:00
299,Long Beach St.,BW,-11.31,103,232,114.3,330,63.9,339,1/18/25 0:00
300,LIU,NEC,-11.35,96.2,338,107.5,201,65.9,257,1/18/25 0:00
301,Air Force,MWC,-11.37,99.7,295,111,272,63.8,341,1/18/25 0:00
302,Old Dominion,SB,-11.83,98.8,312,110.6,259,66.6,227,1/18/25 0:00
303,Tennessee St.,OVC,-11.9,98.4,318,110.3,252,71.6,26,1/18/25 0:00
304,Tennessee Tech,OVC,-11.94,100.2,289,112.1,290,68.3,152,1/18/25 0:00
305,Texas Southern,SWAC,-12.08,95.7,343,107.8,206,70.8,41,1/18/25 0:00
306,Niagara,MAAC,-12.11,101.2,268,113.3,310,64.9,299,1/18/25 0:00
307,Penn,Ivy,-12.14,101.7,256,113.9,320,65.5,273,1/18/25 0:00
308,Navy,PL,-12.14,101.9,253,114,324,68,168,1/18/25 0:00
309,North Carolina Central,MEAC,-12.27,102.5,241,114.8,335,66.3,238,1/18/25 0:00
310,Holy Cross,PL,-12.51,104.6,207,117.1,352,65.3,277,1/18/25 0:00
311,Delaware St.,MEAC,-12.56,99.6,296,112.2,291,69.7,75,1/18/25 0:00
312,Portland,WCC,-12.7,100.7,277,113.4,312,68.6,136,1/18/25 0:00
313,Loyola MD,PL,-12.84,100.3,288,113.1,307,67.3,206,1/18/25 0:00
314,Fairfield,MAAC,-13.09,102.6,239,115.7,344,65.9,254,1/18/25 0:00
315,Houston Christian,Slnd,-13.16,100.7,278,113.8,319,65.7,265,1/18/25 0:00
316,Prairie View A&M,SWAC,-13.57,101.5,261,115,338,71.4,31,1/18/25 0:00
317,Fairleigh Dickinson,NEC,-13.57,102.1,247,115.6,343,69.7,77,1/18/25 0:00
318,Binghamton,AE,-13.65,101.5,260,115.1,339,65.1,292,1/18/25 0:00
319,North Carolina A&T,CAA,-13.69,99.4,299,113.1,309,72.6,14,1/18/25 0:00
320,IU Indy,Horz,-13.84,104.6,206,118.5,357,65,296,1/18/25 0:00
,,« Ratings on 2025-01-18 »,Current Ratings,Rk,EM,AdjT,,,,1/18/25 0:00
Rk,Team,Conf,NetRtg,ORtg,DRtg,AdjT,Rk,NetRtg,ORtg,1/18/25 0:00
321,Grambling St.,SWAC,-13.99,97.8,327,111.8,282,65.5,271,1/18/25 0:00
322,Oral Roberts,Sum,-14.01,105.4,194,119.4,360,68.9,120,1/18/25 0:00
323,Louisiana,SB,-14.13,100.5,283,114.6,334,67.1,211,1/18/25 0:00
324,VMI,SC,-14.14,98.6,316,112.7,299,67,217,1/18/25 0:00
325,Saint Francis,NEC,-14.14,99.6,297,113.7,317,67.7,182,1/18/25 0:00
326,Eastern Michigan,MAC,-14.19,101.2,265,115.4,340,68.1,159,1/18/25 0:00
327,Rider,MAAC,-14.43,99.4,301,113.8,318,64.6,323,1/18/25 0:00
328,Cal St. Fullerton,BW,-14.52,97.9,324,112.4,292,66.1,248,1/18/25 0:00
329,Lindenwood,OVC,-14.89,95.4,346,110.3,248,69.5,88,1/18/25 0:00
330,Southern Indiana,OVC,-15,97.8,328,112.8,301,66.9,218,1/18/25 0:00
331,USC Upstate,BSth,-15.15,99.1,305,114.3,329,72.9,10,1/18/25 0:00
332,Detroit Mercy,Horz,-15.58,96.5,336,112.1,287,67.2,209,1/18/25 0:00
333,Wagner,NEC,-15.79,91.4,360,107.2,191,61.3,362,1/18/25 0:00
334,Western Carolina,SC,-15.82,93.5,354,109.4,233,71.3,33,1/18/25 0:00
335,Stony Brook,CAA,-16.07,100.4,286,116.5,348,65.3,279,1/18/25 0:00
336,Eastern Illinois,OVC,-16.14,94.5,350,110.6,258,66.9,220,1/18/25 0:00
337,Buffalo,MAC,-16.16,97.9,323,114.1,326,70.4,58,1/18/25 0:00
338,Green Bay,Horz,-16.2,101.1,271,117.3,353,69.5,90,1/18/25 0:00
339,Alcorn St.,SWAC,-16.23,97.7,329,113.9,322,65,297,1/18/25 0:00
340,Morgan St.,MEAC,-16.43,102.6,240,119,359,71.1,34,1/18/25 0:00
341,Le Moyne,NEC,-16.57,97.5,330,114,325,69.1,109,1/18/25 0:00
342,New Orleans,Slnd,-16.68,98.9,309,115.6,342,69.4,98,1/18/25 0:00
343,Western Illinois,OVC,-16.7,98.9,310,115.6,341,62.8,353,1/18/25 0:00
344,Central Arkansas,ASun,-16.76,96.3,337,113,305,67,213,1/18/25 0:00
345,West Georgia,ASun,-17.39,96.8,334,114.1,327,68,165,1/18/25 0:00
346,East Texas A&M,Slnd,-17.53,93.6,353,111.1,273,68.1,162,1/18/25 0:00
347,Stetson,ASun,-18.21,99.8,293,118,354,68.2,153,1/18/25 0:00
348,Denver,Sum,-18.26,98.8,311,117.1,351,66.5,229,1/18/25 0:00
349,Louisiana Monroe,SB,-18.26,95.2,347,113.4,313,67.9,172,1/18/25 0:00
350,Sacramento St.,BSky,-18.58,92.2,359,110.8,266,64.7,316,1/18/25 0:00
351,The Citadel,SC,-19.72,93.9,351,113.6,315,64.8,310,1/18/25 0:00
352,Northern Illinois,MAC,-20.23,93.3,356,113.6,314,70.3,59,1/18/25 0:00
353,New Hampshire,AE,-20.57,92.3,358,112.9,303,67.4,201,1/18/25 0:00
354,Florida A&M,SWAC,-20.63,93.9,352,114.5,333,68.6,139,1/18/25 0:00
355,NJIT,AE,-20.67,90.3,361,111,270,64.7,314,1/18/25 0:00
356,Canisius,MAAC,-20.69,100.9,275,121.6,361,65.2,283,1/18/25 0:00
357,Bellarmine,ASun,-20.74,102.3,244,123,364,66,253,1/18/25 0:00
358,Maryland Eastern Shore,MEAC,-20.81,98.2,321,119,358,67.4,200,1/18/25 0:00
359,Mercyhurst,NEC,-20.86,95,348,115.9,345,63.9,340,1/18/25 0:00
360,Alabama A&M,SWAC,-21.04,93.3,357,114.3,331,71.9,18,1/18/25 0:00
,,« Ratings on 2025-01-18 »,Current Ratings,Rk,EM,AdjT,,,,1/18/25 0:00
Rk,Team,Conf,NetRtg,ORtg,DRtg,AdjT,Rk,NetRtg,ORtg,1/18/25 0:00
361,Chicago St.,NEC,-22.3,88.7,362,111,271,68.6,134,1/18/25 0:00
362,Coppin St.,MEAC,-24.2,88.3,363,112.5,294,68.2,154,1/18/25 0:00
363,Arkansas Pine Bluff,SWAC,-25.01,97.3,331,122.3,363,72.8,11,1/18/25 0:00
364,Mississippi Valley St.,SWAC,-37.22,84.9,364,122.2,362,65.2,289,1/18/25 0:00
Rk,Team,Conf,NetRtg,ORtg,DRtg,AdjT,Rk,NetRtg,ORtg,1/19/25 0:00
1,Duke,ACC,36.78,124.9,3,88.1,2,65.4,273,1/19/25 0:00
2,Auburn,SEC,36.18,131,1,94.8,18,67.8,167,1/19/25 0:00
3,Houston,B12,33.67,121.6,14,87.9,1,61.5,360,1/19/25 0:00
4,Iowa St.,B12,30.68,122,11,91.3,6,69.2,94,1/19/25 0:00
5,Florida,SEC,30.38,124.5,5,94.1,15,69.5,80,1/19/25 0:00
6,Tennessee,SEC,29.29,119,21,89.7,3,64.1,331,1/19/25 0:00
7,Kansas,B12,27.26,117.1,34,89.8,4,68.2,150,1/19/25 0:00
8,Alabama,SEC,27.08,124.9,4,97.8,43,74.2,1,1/19/25 0:00
9,Illinois,B10,26.79,119.3,19,92.6,10,72.6,11,1/19/25 0:00
10,Purdue,B10,26.55,122.3,8,95.8,21,65.1,287,1/19/25 0:00
11,Michigan,B10,25.18,121.6,13,96.4,23,70.2,58,1/19/25 0:00
12,Texas Tech,B12,24.73,122,10,97.2,35,65,289,1/19/25 0:00
13,Gonzaga,WCC,24.3,124.4,6,100.1,60,70.7,41,1/19/25 0:00
14,Michigan St.,B10,24.2,118.9,22,94.7,17,68.5,128,1/19/25 0:00
15,Marquette,BE,24.06,118.5,24,94.4,16,67.6,179,1/19/25 0:00
16,Arizona,B12,23.75,119.3,20,95.5,20,70.3,50,1/19/25 0:00
17,Mississippi,SEC,23.71,117.6,28,93.9,13,67.1,203,1/19/25 0:00
18,St. John's,BE,23.67,114.7,54,91,5,70.3,53,1/19/25 0:00
19,Texas A&M,SEC,23.54,116.7,38,93.1,11,66.7,220,1/19/25 0:00
20,Kentucky,SEC,23.47,125.3,2,101.8,84,71.3,28,1/19/25 0:00
21,Wisconsin,B10,23.21,121.6,12,98.4,46,68,157,1/19/25 0:00
22,Mississippi St.,SEC,22.33,120.3,17,98,44,67.9,162,1/19/25 0:00
23,Baylor,B12,21.98,120.8,15,98.8,50,64.9,294,1/19/25 0:00
24,Maryland,B10,21.12,117.7,27,96.6,25,69.8,69,1/19/25 0:00
25,Oregon,B10,20.49,117.4,30,96.9,29,68.5,129,1/19/25 0:00
26,Clemson,ACC,20.2,117.4,29,97.2,33,63.9,337,1/19/25 0:00
27,Saint Mary's,WCC,20.11,116.7,37,96.6,26,62.7,352,1/19/25 0:00
28,Missouri,SEC,19.63,119.7,18,100.1,61,67.8,169,1/19/25 0:00
29,Louisville,ACC,19.41,117.2,32,97.8,41,68.6,127,1/19/25 0:00
30,Connecticut,BE,19.22,123.5,7,104.3,126,63.9,336,1/19/25 0:00
31,UCLA,B10,19,112.7,74,93.7,12,65.6,260,1/19/25 0:00
32,North Carolina,ACC,18.74,115.9,43,97.2,34,72.3,15,1/19/25 0:00
33,Pittsburgh,ACC,18.55,118.9,23,100.3,64,67.6,180,1/19/25 0:00
34,Ohio St.,B10,18.31,115.8,44,97.5,38,67.4,186,1/19/25 0:00
35,Georgia,SEC,18.24,112.3,78,94.1,14,66.7,218,1/19/25 0:00
36,Memphis,Amer,17.52,115.6,47,98.1,45,70.5,48,1/19/25 0:00
37,West Virginia,B12,17.41,112.3,80,94.8,19,64.3,325,1/19/25 0:00
38,Creighton,BE,17.29,115.1,49,97.8,42,68.5,137,1/19/25 0:00
39,Cincinnati,B12,17.1,108.9,130,91.8,7,65.1,283,1/19/25 0:00
40,SMU,ACC,17.04,118.3,25,101.3,78,69.8,68,1/19/25 0:00
,,« Ratings on 2025-01-19 »,Current Ratings,Rk,EM,AdjT,,,,1/19/25 0:00
Rk,Team,Conf,NetRtg,ORtg,DRtg,AdjT,Rk,NetRtg,ORtg,1/19/25 0:00
41,VCU,A10,16.94,113.1,70,96.2,22,66.3,235,1/19/25 0:00
42,Texas,SEC,16.88,115.4,48,98.5,48,67.4,189,1/19/25 0:00
43,San Diego St.,MWC,16.57,109,129,92.4,9,66.6,226,1/19/25 0:00
44,Oklahoma,SEC,16.36,118.2,26,101.8,85,67.7,171,1/19/25 0:00
45,BYU,B12,16.28,116.9,36,100.6,67,66.9,209,1/19/25 0:00
46,Xavier,BE,15.85,113.2,69,97.4,37,68.7,121,1/19/25 0:00
47,Nebraska,B10,15.79,113.4,63,97.6,39,67.9,159,1/19/25 0:00
48,Vanderbilt,SEC,15.73,116.4,41,100.7,69,70.3,52,1/19/25 0:00
49,Penn St.,B10,15.66,116.7,39,101,73,71.5,22,1/19/25 0:00
50,Utah St.,MWC,15.38,116.9,35,101.5,80,68.5,136,1/19/25 0:00
51,Villanova,BE,15.3,122.1,9,106.8,180,63.3,349,1/19/25 0:00
52,Northwestern,B10,14.81,111.5,94,96.7,28,64.8,303,1/19/25 0:00
53,Arkansas,SEC,14.77,111.8,89,97,30,69.3,90,1/19/25 0:00
54,Iowa,B10,14.56,120.6,16,106.1,158,71.6,19,1/19/25 0:00
55,New Mexico,MWC,14.47,111.7,90,97.3,36,73,8,1/19/25 0:00
56,Boise St.,MWC,14.34,116.4,40,102.1,88,66.6,225,1/19/25 0:00
57,UC Irvine,BW,14.33,106.7,180,92.3,8,69.5,76,1/19/25 0:00
58,North Texas,Amer,13.95,111.7,91,97.7,40,61.3,362,1/19/25 0:00
59,Indiana,B10,13.83,112.5,77,98.7,49,69.2,93,1/19/25 0:00
60,Florida St.,ACC,12.99,112.1,82,99.1,54,70.2,56,1/19/25 0:00
61,Arizona St.,B12,12.9,111.4,95,98.5,47,67.8,168,1/19/25 0:00
62,Oregon St.,WCC,12.67,114.8,53,102.2,90,64.7,311,1/19/25 0:00
63,UC San Diego,BW,12.37,113.5,62,101.1,74,66,247,1/19/25 0:00
64,Santa Clara,WCC,12.36,115,50,102.7,99,68.7,118,1/19/25 0:00
65,Nevada,MWC,12.27,114,58,101.7,82,63,350,1/19/25 0:00
66,McNeese,Slnd,12.07,111.9,84,99.8,59,65.4,270,1/19/25 0:00
67,Dayton,A10,12.06,116.1,42,104.1,121,65.3,275,1/19/25 0:00
68,UCF,B12,11.89,114.2,57,102.3,94,70.7,43,1/19/25 0:00
69,LSU,SEC,11.87,110.9,103,99,52,68.5,132,1/19/25 0:00
70,USC,B10,11.84,113.1,71,101.2,77,68.1,151,1/19/25 0:00
71,San Francisco,WCC,11.46,112.6,75,101.1,75,67.2,200,1/19/25 0:00
72,Drake,MVC,11.3,110.7,107,99.4,55,59.3,364,1/19/25 0:00
73,Utah,B12,11.15,111.8,87,100.7,68,69.9,63,1/19/25 0:00
74,Lipscomb,ASun,11.14,111.9,85,100.7,71,66.3,234,1/19/25 0:00
75,Georgetown,BE,11.01,107.6,159,96.6,27,68.1,155,1/19/25 0:00
76,Wake Forest,ACC,10.8,108,152,97.2,32,66.5,229,1/19/25 0:00
77,Colorado St.,MWC,10.69,110.3,113,99.6,58,67.2,201,1/19/25 0:00
78,Yale,Ivy,10.43,114.6,55,104.2,125,68,156,1/19/25 0:00
79,Liberty,CUSA,10.39,109.2,125,98.8,51,65,290,1/19/25 0:00
80,Bradley,MVC,10.29,112.2,81,101.9,86,65.7,255,1/19/25 0:00
,,« Ratings on 2025-01-19 »,Current Ratings,Rk,EM,AdjT,,,,1/19/25 0:00
Rk,Team,Conf,NetRtg,ORtg,DRtg,AdjT,Rk,NetRtg,ORtg,1/19/25 0:00
81,Rutgers,B10,10.19,113.3,67,103.1,105,69.3,87,1/19/25 0:00
82,South Carolina,SEC,9.94,109,128,99,53,65.6,263,1/19/25 0:00
83,George Mason,A10,9.9,106.4,184,96.5,24,64.6,314,1/19/25 0:00
84,TCU,B12,9.85,106.9,171,97.1,31,66.3,239,1/19/25 0:00
85,Notre Dame,ACC,9.62,115.6,46,106,157,64.7,312,1/19/25 0:00
86,Stanford,ACC,9.19,115,51,105.8,151,66.6,222,1/19/25 0:00
87,Washington St.,WCC,9.17,111.2,99,102,87,70.9,35,1/19/25 0:00
88,St. Bonaventure,A10,9,110.2,115,101.2,76,63.7,342,1/19/25 0:00
89,Providence,BE,8.94,111.8,86,102.9,100,65.7,257,1/19/25 0:00
90,Butler,BE,8.73,112.8,73,104.1,122,67.3,196,1/19/25 0:00
91,Saint Joseph's,A10,8.22,109.1,126,100.8,72,69,101,1/19/25 0:00
92,Colorado,B12,8.02,108.7,138,100.7,70,68.3,148,1/19/25 0:00
93,Grand Canyon,WAC,7.71,108.2,145,100.5,65,72.1,17,1/19/25 0:00
94,Arkansas St.,SB,7.57,109.8,118,102.3,92,69.4,83,1/19/25 0:00
95,Washington,B10,7.52,108,150,100.5,66,68.6,125,1/19/25 0:00
96,UNLV,MWC,7.01,111.3,97,104.3,127,65.3,277,1/19/25 0:00
97,Kansas St.,B12,7.01,110.5,110,103.5,112,67.2,202,1/19/25 0:00
98,N.C. State,ACC,6.85,111.2,101,104.3,128,64.2,329,1/19/25 0:00
99,High Point,BSth,6.26,117.1,33,110.8,260,66.6,224,1/19/25 0:00
100,North Dakota St.,Sum,6.12,117.2,31,111.1,264,65.1,286,1/19/25 0:00
101,Minnesota,B10,6.12,108.8,136,102.7,98,62.2,358,1/19/25 0:00
102,UAB,Amer,5.59,115.6,45,110,245,69.5,78,1/19/25 0:00
103,Rhode Island,A10,5.58,108.8,135,103.2,106,70.5,47,1/19/25 0:00
104,DePaul,BE,5.03,111.2,98,106.2,164,67.7,172,1/19/25 0:00
105,Oklahoma St.,B12,4.82,107.1,169,102.3,93,70.7,44,1/19/25 0:00
106,Samford,SC,4.73,113.4,64,108.7,220,70.2,59,1/19/25 0:00
107,Davidson,A10,4.71,113.6,61,108.9,226,66,248,1/19/25 0:00
108,Troy,SB,4.69,107.7,154,103,103,65.4,271,1/19/25 0:00
109,Florida Atlantic,Amer,4.68,111.7,92,107,181,70.7,42,1/19/25 0:00
110,Temple,Amer,4.64,109.3,123,104.7,133,69.9,66,1/19/25 0:00
111,Middle Tennessee,CUSA,4.62,108.2,146,103.6,113,68.8,108,1/19/25 0:00
112,Wofford,SC,4.62,113.3,66,108.7,222,63.8,340,1/19/25 0:00
113,South Alabama,SB,4.59,106.9,170,102.3,95,63.5,346,1/19/25 0:00
114,Appalachian St.,SB,4.58,104,222,99.5,56,64,332,1/19/25 0:00
115,Akron,MAC,4.5,110.2,116,105.7,148,71.6,18,1/19/25 0:00
116,UNC Greensboro,SC,4.47,109,127,104.5,130,63.5,345,1/19/25 0:00
117,Georgia Tech,ACC,4.41,107.4,162,103,102,70,62,1/19/25 0:00
118,South Dakota St.,Sum,4.35,110.5,109,106.2,163,69.4,82,1/19/25 0:00
119,Saint Louis,A10,4.28,110.9,104,106.6,173,67.5,183,1/19/25 0:00
120,George Washington,A10,4.26,107.4,164,103.1,104,69,104,1/19/25 0:00
,,« Ratings on 2025-01-19 »,Current Ratings,Rk,EM,AdjT,,,,1/19/25 0:00
Rk,Team,Conf,NetRtg,ORtg,DRtg,AdjT,Rk,NetRtg,ORtg,1/19/25 0:00
121,St. Thomas,Sum,4.24,114.4,56,110.2,248,68.4,141,1/19/25 0:00
122,Northern Iowa,MVC,4.01,111.3,96,107.3,192,65,292,1/19/25 0:00
123,Duquesne,A10,3.95,106.9,174,102.9,101,64.2,328,1/19/25 0:00
124,Princeton,Ivy,3.79,110.9,105,107.1,186,67.4,191,1/19/25 0:00
125,Syracuse,ACC,3.64,108.8,133,105.2,137,69.9,64,1/19/25 0:00
126,Louisiana Tech,CUSA,3.46,110.2,117,106.7,177,64.3,323,1/19/25 0:00
127,Murray St.,MVC,3.4,107.5,161,104,120,65.1,285,1/19/25 0:00
128,New Mexico St.,CUSA,3.29,106.8,176,103.5,110,65.7,256,1/19/25 0:00
129,California,ACC,3.16,111.9,83,108.8,225,67.9,163,1/19/25 0:00
130,CSUN,BW,3.08,107.3,166,104.2,123,72.6,12,1/19/25 0:00
131,East Tennessee St.,SC,3.05,108.8,137,105.7,149,66.3,237,1/19/25 0:00
132,Cornell,Ivy,2.92,113.7,60,110.8,258,71.1,32,1/19/25 0:00
133,Purdue Fort Wayne,Horz,2.75,113.8,59,111,263,68.8,109,1/19/25 0:00
134,Virginia,ACC,2.72,104,223,101.3,79,60.6,363,1/19/25 0:00
135,Western Kentucky,CUSA,2.59,102.9,238,100.3,63,73.4,4,1/19/25 0:00
136,Belmont,MVC,2.41,112.3,79,109.9,242,71.4,24,1/19/25 0:00
137,Charleston,CAA,2.31,106.9,172,104.6,131,72.2,16,1/19/25 0:00
138,Elon,CAA,2.31,108.6,139,106.3,166,64.5,320,1/19/25 0:00
139,Loyola Chicago,A10,2.19,107.7,155,105.5,145,67.6,177,1/19/25 0:00
140,Seattle,WAC,2.15,107.4,163,105.2,139,66.3,238,1/19/25 0:00
141,North Alabama,ASun,2.12,109.2,124,107.1,187,67.3,198,1/19/25 0:00
142,UNC Wilmington,CAA,2.09,109.7,119,107.7,200,65.8,251,1/19/25 0:00
143,UTEP,CUSA,2.01,106.7,181,104.6,132,68.1,154,1/19/25 0:00
144,Illinois Chicago,MVC,2,109.3,122,107.3,194,69.1,100,1/19/25 0:00
145,Furman,SC,1.95,107.2,168,105.2,138,65.3,278,1/19/25 0:00
146,Miami OH,MAC,1.88,108.9,132,107,183,68.5,130,1/19/25 0:00
147,Loyola Marymount,WCC,1.81,104.2,219,102.4,96,67.2,199,1/19/25 0:00
148,Wichita St.,Amer,1.73,108.3,141,106.6,172,70.2,57,1/19/25 0:00
149,Illinois St.,MVC,1.71,112.6,76,110.9,261,64.6,315,1/19/25 0:00
150,Utah Valley,WAC,1.48,103.6,231,102.1,89,68.8,113,1/19/25 0:00
151,Milwaukee,Horz,1.41,105.9,190,104.5,129,69,103,1/19/25 0:00
152,Bryant,AE,1.35,106.8,177,105.4,143,73.3,6,1/19/25 0:00
153,Northern Colorado,BSky,1.13,111,102,109.9,244,69.5,79,1/19/25 0:00
154,UC Santa Barbara,BW,1.13,107.6,160,106.4,169,63.9,335,1/19/25 0:00
155,Chattanooga,SC,1.01,113.4,65,112.4,286,66.6,227,1/19/25 0:00
156,Texas A&M Corpus Chris,Slnd,0.85,108.9,131,108.1,207,69.1,99,1/19/25 0:00
157,Jacksonville St.,CUSA,0.72,110.5,111,109.8,241,64.4,321,1/19/25 0:00
158,Florida Gulf Coast,ASun,0.71,107.3,167,106.5,170,65.2,279,1/19/25 0:00
159,Tulane,Amer,0.67,106.1,187,105.5,144,67.4,188,1/19/25 0:00
160,James Madison,SB,0.64,107.6,158,107,182,66.4,231,1/19/25 0:00
,,« Ratings on 2025-01-19 »,Current Ratings,Rk,EM,AdjT,,,,1/19/25 0:00
Rk,Team,Conf,NetRtg,ORtg,DRtg,AdjT,Rk,NetRtg,ORtg,1/19/25 0:00
161,Texas St.,SB,0.62,110.5,112,109.9,243,65.6,261,1/19/25 0:00
162,Ohio,MAC,0.52,108.8,134,108.3,212,70.1,60,1/19/25 0:00
163,Jacksonville,ASun,0.46,102.2,250,101.7,83,67.9,161,1/19/25 0:00
164,Kent St.,MAC,0.43,100.6,285,100.2,62,65.6,262,1/19/25 0:00
165,East Carolina,Amer,0.14,106,188,105.9,152,66.6,221,1/19/25 0:00
166,Sam Houston St.,CUSA,0.1,110.8,106,110.7,256,68.8,111,1/19/25 0:00
167,Norfolk St.,MEAC,0.07,108,149,108,204,66.2,242,1/19/25 0:00
168,Seton Hall,BE,0.04,103.7,228,103.7,116,63.8,339,1/19/25 0:00
169,La Salle,A10,-0.05,106.6,182,106.7,176,70.3,54,1/19/25 0:00
170,Cleveland St.,Horz,-0.14,106,189,106.1,159,66.1,245,1/19/25 0:00
171,Virginia Tech,ACC,-0.16,107.3,165,107.5,199,64.7,313,1/19/25 0:00
172,UC Riverside,BW,-0.31,106.3,185,106.6,171,67.7,175,1/19/25 0:00
173,Cal Baptist,WAC,-0.36,108.3,142,108.7,221,65.5,267,1/19/25 0:00
174,South Florida,Amer,-0.42,108.2,147,108.6,219,67.9,166,1/19/25 0:00
175,Wright St.,Horz,-0.55,109.7,120,110.2,249,67.7,173,1/19/25 0:00
176,Miami FL,ACC,-0.73,115,52,115.7,341,67.1,204,1/19/25 0:00
177,Marshall,SB,-0.85,105.1,203,106,156,68.7,119,1/19/25 0:00
178,UMass Lowell,AE,-1.01,109.6,121,110.7,255,70.3,51,1/19/25 0:00
179,Oakland,Horz,-1.01,106.2,186,107.3,190,61.9,359,1/19/25 0:00
180,Hofstra,CAA,-1.12,98.5,322,99.6,57,63.9,334,1/19/25 0:00
181,San Jose St.,MWC,-1.13,108.5,140,109.7,238,65.3,276,1/19/25 0:00
182,William & Mary,CAA,-1.16,111.8,88,112.9,299,70.6,45,1/19/25 0:00
183,Quinnipiac,MAAC,-1.29,102.4,244,103.7,117,70.4,49,1/19/25 0:00
184,Montana St.,BSky,-1.4,105.3,200,106.7,175,66.8,214,1/19/25 0:00
185,Columbia,Ivy,-1.41,111.5,93,112.9,298,68.7,123,1/19/25 0:00
186,Radford,BSth,-1.43,107.8,153,109.2,230,63.8,338,1/19/25 0:00
187,Hawaii,BW,-1.57,105.4,198,107,184,65.8,254,1/19/25 0:00
188,UNC Asheville,BSth,-1.64,112.9,72,114.5,329,68.3,142,1/19/25 0:00
189,Longwood,BSth,-1.95,105.4,199,107.3,193,68.8,115,1/19/25 0:00
190,Merrimack,MAAC,-2.06,101.5,266,103.5,111,64.8,304,1/19/25 0:00
191,Rice,Amer,-2.06,104.7,211,106.8,179,65.1,288,1/19/25 0:00
192,Winthrop,BSth,-2.08,107.6,157,109.7,240,72.5,13,1/19/25 0:00
193,Kennesaw St.,CUSA,-2.16,105.1,204,107.2,189,71.3,25,1/19/25 0:00
194,Wyoming,MWC,-2.17,104.1,221,106.3,165,64.8,307,1/19/25 0:00
195,Southern Illinois,MVC,-2.19,103.6,229,105.8,150,68.5,135,1/19/25 0:00
196,Towson,CAA,-2.27,103.9,225,106.1,161,62.7,353,1/19/25 0:00
197,Northeastern,CAA,-2.5,104.1,220,106.6,174,68.3,147,1/19/25 0:00
198,Toledo,MAC,-2.52,111.2,100,113.7,313,69.6,74,1/19/25 0:00
199,Nicholls,Slnd,-2.55,105.6,195,108.2,210,68.8,114,1/19/25 0:00
200,Maine,AE,-2.56,101.4,268,104,119,67.3,192,1/19/25 0:00
,,« Ratings on 2025-01-19 »,Current Ratings,Rk,EM,AdjT,,,,1/19/25 0:00
Rk,Team,Conf,NetRtg,ORtg,DRtg,AdjT,Rk,NetRtg,ORtg,1/19/25 0:00
201,Drexel,CAA,-2.58,103.4,232,106,155,63.4,347,1/19/25 0:00
202,Boston College,ACC,-3.31,105.8,192,109.1,228,66.4,232,1/19/25 0:00
203,UT Arlington,WAC,-3.32,108,151,111.3,268,69.4,84,1/19/25 0:00
204,Queens,ASun,-3.49,105.5,196,109,227,69.2,95,1/19/25 0:00
205,Delaware,CAA,-3.52,110.3,114,113.8,318,70.8,39,1/19/25 0:00
206,Southeastern Louisiana,Slnd,-3.54,101.8,259,105.3,140,67.3,195,1/19/25 0:00
207,Massachusetts,A10,-3.68,104.9,206,108.6,218,71.3,27,1/19/25 0:00
208,Youngstown St.,Horz,-3.71,98.9,315,102.6,97,69.9,65,1/19/25 0:00
209,Pepperdine,WCC,-3.76,103.7,227,107.5,198,69.2,92,1/19/25 0:00
210,Idaho St.,BSky,-3.9,104.7,213,108.5,217,64.7,310,1/19/25 0:00
211,Valparaiso,MVC,-3.9,105.2,201,109.1,229,68.4,138,1/19/25 0:00
212,Colgate,PL,-3.9,103.8,226,107.7,202,66.4,233,1/19/25 0:00
213,Central Michigan,MAC,-4.05,102.3,248,106.4,167,66.6,223,1/19/25 0:00
214,Robert Morris,Horz,-4.12,101.8,258,105.9,153,69.2,97,1/19/25 0:00
215,Lamar,Slnd,-4.23,101.7,261,105.9,154,65.8,252,1/19/25 0:00
216,Central Connecticut,NEC,-4.36,98.9,313,103.3,109,64.5,319,1/19/25 0:00
217,Little Rock,OVC,-4.43,98.8,316,103.3,107,67.5,185,1/19/25 0:00
218,Indiana St.,MVC,-4.53,108,148,112.6,292,73.3,5,1/19/25 0:00
219,Southern,SWAC,-4.55,99.1,311,103.6,115,68.9,105,1/19/25 0:00
220,North Florida,ASun,-4.58,113.3,68,117.8,353,71.5,21,1/19/25 0:00
221,Richmond,A10,-4.61,101.5,265,106.1,160,65.1,282,1/19/25 0:00
222,Brown,Ivy,-4.77,104.6,217,109.3,232,64.9,299,1/19/25 0:00
223,Nebraska Omaha,Sum,-5.02,106.5,183,111.5,273,67.3,194,1/19/25 0:00
224,Marist,MAAC,-5.05,100.1,295,105.1,136,64.3,326,1/19/25 0:00
225,Portland St.,BSky,-5.13,102,253,107.2,188,69,102,1/19/25 0:00
226,Kansas City,Sum,-5.28,102.1,252,107.4,195,64.9,298,1/19/25 0:00
227,Cal St. Bakersfield,BW,-5.33,105.7,193,111,262,65.5,268,1/19/25 0:00
228,Gardner Webb,BSth,-5.37,104.8,209,110.2,247,69.7,72,1/19/25 0:00
229,Southern Utah,WAC,-5.52,103,236,108.5,215,69.3,85,1/19/25 0:00
230,South Carolina St.,MEAC,-5.57,102.4,245,108,205,68.3,146,1/19/25 0:00
231,American,PL,-5.69,103.9,224,109.6,235,63.4,348,1/19/25 0:00
232,Vermont,AE,-5.7,98.3,323,104,118,62.4,356,1/19/25 0:00
233,Fordham,A10,-5.71,102.5,243,108.2,211,70.9,37,1/19/25 0:00
234,UC Davis,BW,-5.71,96.5,341,102.2,91,68.9,106,1/19/25 0:00
235,UT Rio Grande Valley,Slnd,-5.91,104.6,215,110.5,252,68.5,131,1/19/25 0:00
236,UTSA,Amer,-5.91,106.8,175,112.7,294,71,34,1/19/25 0:00
237,Montana,BSky,-5.93,104.7,214,110.6,253,68.6,126,1/19/25 0:00
238,Mercer,SC,-6.02,101.9,256,107.9,203,71.2,29,1/19/25 0:00
239,Eastern Kentucky,ASun,-6.08,106.7,178,112.8,295,68.9,107,1/19/25 0:00
240,Abilene Christian,WAC,-6.22,98,326,104.2,124,68.3,145,1/19/25 0:00
,,« Ratings on 2025-01-19 »,Current Ratings,Rk,EM,AdjT,,,,1/19/25 0:00
Rk,Team,Conf,NetRtg,ORtg,DRtg,AdjT,Rk,NetRtg,ORtg,1/19/25 0:00
241,Harvard,Ivy,-6.36,101.7,260,108.1,209,66.2,243,1/19/25 0:00
242,Northern Kentucky,Horz,-6.45,99.3,307,105.7,147,64.6,316,1/19/25 0:00
243,FIU,CUSA,-6.48,98.6,321,105,134,69.3,91,1/19/25 0:00
244,Saint Peter's,MAAC,-6.53,96.7,337,103.3,108,62.8,351,1/19/25 0:00
245,Hampton,CAA,-6.9,101.4,267,108.3,213,64.6,317,1/19/25 0:00
246,Idaho,BSky,-7.02,108.3,143,115.3,336,66,249,1/19/25 0:00
247,Campbell,CAA,-7.04,100.2,291,107.3,191,66.7,217,1/19/25 0:00
248,Weber St.,BSky,-7.06,105.6,194,112.7,293,64.9,300,1/19/25 0:00
249,Bethune Cookman,SWAC,-7.13,96.5,340,103.6,114,68.8,112,1/19/25 0:00
250,Charlotte,Amer,-7.23,104.9,207,112.1,281,64.6,318,1/19/25 0:00
251,SIUE,OVC,-7.33,100.1,292,107.4,197,64.8,302,1/19/25 0:00
252,Missouri St.,MVC,-7.69,101.9,255,109.6,234,63.7,341,1/19/25 0:00
253,Stephen F. Austin,Slnd,-7.75,93.8,355,101.5,81,66.1,246,1/19/25 0:00
254,Fresno St.,MWC,-7.78,100.3,289,108.1,206,73.1,7,1/19/25 0:00
255,Eastern Washington,BSky,-7.84,104.7,212,112.5,290,67.7,170,1/19/25 0:00
256,Albany,AE,-7.88,104.3,218,112.1,283,68.3,149,1/19/25 0:00
257,Siena,MAAC,-7.95,100.6,286,108.5,216,65.7,259,1/19/25 0:00
258,Cal Poly,BW,-7.97,105.1,202,113.1,302,73.8,2,1/19/25 0:00
259,Southeast Missouri,OVC,-8.35,99.7,303,108.1,208,68.7,120,1/19/25 0:00
260,Presbyterian,BSth,-8.36,103.6,230,112,280,64.1,330,1/19/25 0:00
261,South Dakota,Sum,-8.42,110.7,108,119.1,357,73.7,3,1/19/25 0:00
262,Northern Arizona,BSky,-8.47,103.4,233,111.8,277,67.5,182,1/19/25 0:00
263,Iona,MAAC,-8.49,97.7,329,106.2,162,69.6,73,1/19/25 0:00
264,Morehead St.,OVC,-8.52,99.9,297,108.4,214,65.2,280,1/19/25 0:00
265,Ball St.,MAC,-8.54,104.6,216,113.1,303,66.8,215,1/19/25 0:00
266,Bucknell,PL,-8.56,96.5,339,105.1,135,67.5,184,1/19/25 0:00
267,UMBC,AE,-8.6,106.9,173,115.5,337,71.3,26,1/19/25 0:00
268,Southern Miss,SB,-8.61,101,279,109.6,233,70.3,55,1/19/25 0:00
269,Jackson St.,SWAC,-8.67,96.8,336,105.5,146,69.3,89,1/19/25 0:00
270,Northwestern St.,Slnd,-8.69,102.9,239,111.5,274,63.6,344,1/19/25 0:00
271,Mount St. Mary's,MAAC,-8.71,97.7,328,106.4,168,68.8,110,1/19/25 0:00
272,Tarleton St.,WAC,-9.13,96.2,343,105.3,141,65,291,1/19/25 0:00
273,Georgia Southern,SB,-9.28,100.4,288,109.6,237,70.8,38,1/19/25 0:00
274,Evansville,MVC,-9.39,96,346,105.3,142,66.4,230,1/19/25 0:00
275,San Diego,WCC,-9.39,97.4,333,106.7,178,70,61,1/19/25 0:00
276,Tulsa,Amer,-9.43,99.8,299,109.3,231,66.9,211,1/19/25 0:00
277,Incarnate Word,Slnd,-9.43,105.8,191,115.2,334,65.3,274,1/19/25 0:00
278,Charleston Southern,BSth,-9.43,100.9,280,110.3,251,68.4,140,1/19/25 0:00
279,Tennessee Martin,OVC,-9.58,101.1,278,110.6,254,66.9,210,1/19/25 0:00
280,North Dakota,Sum,-9.65,107.7,156,117.3,350,68.7,122,1/19/25 0:00
,,« Ratings on 2025-01-19 »,Current Ratings,Rk,EM,AdjT,,,,1/19/25 0:00
Rk,Team,Conf,NetRtg,ORtg,DRtg,AdjT,Rk,NetRtg,ORtg,1/19/25 0:00
281,Alabama St.,SWAC,-9.67,104.8,208,114.5,328,68.3,144,1/19/25 0:00
282,Dartmouth,Ivy,-9.82,99.8,300,109.6,236,70.8,40,1/19/25 0:00
283,Lafayette,PL,-10.06,98.7,320,108.7,224,66.2,241,1/19/25 0:00
284,Manhattan,MAAC,-10.21,106.7,179,116.9,347,68.3,143,1/19/25 0:00
285,Bowling Green,MAC,-10.21,101.2,271,111.4,270,69.6,75,1/19/25 0:00
286,Monmouth,CAA,-10.38,101.1,277,111.5,271,66.3,236,1/19/25 0:00
287,Sacred Heart,MAAC,-10.41,103.3,234,113.7,315,69.7,71,1/19/25 0:00
288,Howard,MEAC,-10.51,108.2,144,118.7,354,68.7,117,1/19/25 0:00
289,Boston University,PL,-10.61,99.1,310,109.7,239,62.2,357,1/19/25 0:00
290,Western Michigan,MAC,-10.68,102.7,241,113.4,308,68.4,139,1/19/25 0:00
291,Stonehill,NEC,-10.72,101.2,269,112,279,65,293,1/19/25 0:00
292,Utah Tech,WAC,-10.88,101.6,264,112.4,287,67.4,187,1/19/25 0:00
293,Army,PL,-10.91,102.3,247,113.2,306,67.6,178,1/19/25 0:00
294,LIU,NEC,-10.99,96,345,107,185,65.4,272,1/19/25 0:00
295,Tennessee St.,OVC,-11.03,99.1,309,110.2,246,71.5,20,1/19/25 0:00
296,Air Force,MWC,-11.07,100.1,293,111.1,265,63.7,343,1/19/25 0:00
297,Pacific,WCC,-11.09,102.6,242,113.7,314,67,205,1/19/25 0:00
298,Loyola MD,PL,-11.24,101.2,270,112.5,289,66.9,213,1/19/25 0:00
299,Austin Peay,ASun,-11.38,96,344,107.4,196,65.6,265,1/19/25 0:00
300,Lehigh,PL,-11.41,100.5,287,111.9,278,67.6,176,1/19/25 0:00
301,Coastal Carolina,SB,-11.54,102.1,251,113.6,312,62.6,354,1/19/25 0:00
302,Georgia St.,SB,-11.61,100.8,282,112.4,288,69.3,86,1/19/25 0:00
303,Navy,PL,-11.68,102.7,240,114.4,326,67.6,181,1/19/25 0:00
304,Texas Southern,SWAC,-11.83,95.8,347,107.7,201,70.5,46,1/19/25 0:00
305,Old Dominion,SB,-12.09,99.3,306,111.4,269,65.8,253,1/19/25 0:00
306,Houston Christian,Slnd,-12.14,100.1,294,112.2,284,65.9,250,1/19/25 0:00
307,North Carolina Central,MEAC,-12.21,102.9,237,115.1,333,66.1,244,1/19/25 0:00
308,Penn,Ivy,-12.27,101.7,262,113.9,319,65.6,264,1/19/25 0:00
309,Tennessee Tech,OVC,-12.27,100.7,284,113,300,67.9,160,1/19/25 0:00
310,Long Beach St.,BW,-12.57,102.4,246,114.9,331,64.3,324,1/19/25 0:00
311,Delaware St.,MEAC,-12.64,99.9,296,112.6,291,69.5,77,1/19/25 0:00
312,Holy Cross,PL,-12.79,104.7,210,117.5,352,65.2,281,1/19/25 0:00
313,Cal St. Fullerton,BW,-12.8,98.8,318,111.6,276,66.5,228,1/19/25 0:00
314,Eastern Michigan,MAC,-13.07,101.1,275,114.2,322,67.9,164,1/19/25 0:00
315,Niagara,MAAC,-13.17,101.1,276,114.3,325,64.4,322,1/19/25 0:00
316,Portland,WCC,-13.25,100.9,281,114.1,321,68.5,133,1/19/25 0:00
317,Rider,MAAC,-13.27,99.6,305,112.9,297,64.8,305,1/19/25 0:00
318,North Carolina A&T,CAA,-13.64,99.7,302,113.4,309,72.3,14,1/19/25 0:00
319,VMI,SC,-13.67,99.9,298,113.5,311,67,206,1/19/25 0:00
320,Oral Roberts,Sum,-13.81,105.5,197,119.3,359,68.7,116,1/19/25 0:00
,,« Ratings on 2025-01-19 »,Current Ratings,Rk,EM,AdjT,,,,1/19/25 0:00
Rk,Team,Conf,NetRtg,ORtg,DRtg,AdjT,Rk,NetRtg,ORtg,1/19/25 0:00
321,Grambling St.,SWAC,-13.9,97.6,330,111.5,275,65.5,269,1/19/25 0:00
322,IU Indy,Horz,-13.91,104.9,205,118.8,355,64.9,297,1/19/25 0:00
323,Louisiana,SB,-14.03,100.2,290,114.3,323,66.9,207,1/19/25 0:00
324,Prairie View A&M,SWAC,-14.23,101.6,263,115.8,344,71.1,33,1/19/25 0:00
325,Southern Indiana,OVC,-14.24,99,312,113.2,305,66.8,216,1/19/25 0:00
326,Binghamton,AE,-14.38,101.2,274,115.5,338,64.7,308,1/19/25 0:00
327,Fairleigh Dickinson,NEC,-14.54,101.2,273,115.7,342,69.9,67,1/19/25 0:00
328,Buffalo,MAC,-14.92,98.2,324,113.2,304,71.1,31,1/19/25 0:00
329,Fairfield,MAAC,-15.12,101.8,257,117,349,65.7,258,1/19/25 0:00
330,Saint Francis,NEC,-15.32,98.8,317,114.1,320,67.3,193,1/19/25 0:00
331,Detroit Mercy,Horz,-15.52,96.6,338,112.1,282,66.9,208,1/19/25 0:00
332,Stony Brook,CAA,-15.63,99.7,304,115.3,335,64.9,295,1/19/25 0:00
333,Lindenwood,OVC,-15.69,95.6,348,111.3,267,69.2,96,1/19/25 0:00
334,New Orleans,Slnd,-15.84,99.8,301,115.6,340,69.4,81,1/19/25 0:00
335,Green Bay,Horz,-16.17,101.2,272,117.4,351,69.3,88,1/19/25 0:00
336,Morgan St.,MEAC,-16.47,103,235,119.4,360,70.9,36,1/19/25 0:00
337,Alcorn St.,SWAC,-16.54,97.2,334,113.7,316,64.7,309,1/19/25 0:00
338,Central Arkansas,ASun,-16.55,96.9,335,113.4,310,66.7,219,1/19/25 0:00
339,USC Upstate,BSth,-16.68,98.9,314,115.6,339,72.7,10,1/19/25 0:00
340,Wagner,NEC,-16.95,91.8,360,108.7,223,61.4,361,1/19/25 0:00
341,Eastern Illinois,OVC,-17.36,94,353,111.3,266,66.9,212,1/19/25 0:00
342,Sacramento St.,BSky,-17.53,92.8,358,110.3,250,64.3,327,1/19/25 0:00
343,Western Carolina,SC,-17.54,93.3,356,110.8,259,71.2,30,1/19/25 0:00
344,West Georgia,ASun,-17.58,97.5,332,115.1,332,67.9,165,1/19/25 0:00
345,Western Illinois,OVC,-17.7,99.2,308,116.9,348,62.6,355,1/19/25 0:00
346,Denver,Sum,-17.8,98.7,319,116.5,345,66.3,240,1/19/25 0:00
347,Stetson,ASun,-18.1,100.8,283,118.9,356,68.1,152,1/19/25 0:00
348,Le Moyne,NEC,-18.15,97.6,331,115.8,343,69.1,98,1/19/25 0:00
349,East Texas A&M,Slnd,-18.4,93.9,354,112.3,285,68.1,153,1/19/25 0:00
350,Louisiana Monroe,SB,-18.75,94.6,349,113.3,307,67.7,174,1/19/25 0:00
351,Canisius,MAAC,-19.11,102,254,121.1,361,64.9,296,1/19/25 0:00
352,The Citadel,SC,-19.93,94.4,351,114.3,324,64.8,306,1/19/25 0:00
353,Mercyhurst,NEC,-20.12,96.4,342,116.5,346,64,333,1/19/25 0:00
354,Bellarmine,ASun,-20.21,102.3,249,122.5,362,65.6,266,1/19/25 0:00
355,Florida A&M,SWAC,-20.24,94.5,350,114.7,330,68.5,134,1/19/25 0:00
356,Northern Illinois,MAC,-20.28,94.1,352,114.4,327,69.8,70,1/19/25 0:00
357,NJIT,AE,-20.59,90.1,362,110.7,257,64.9,301,1/19/25 0:00
358,Maryland Eastern Shore,MEAC,-20.94,98.2,325,119.1,358,67.3,197,1/19/25 0:00
359,Alabama A&M,SWAC,-20.99,92.8,357,113.8,317,71.4,23,1/19/25 0:00
360,Chicago St.,NEC,-21.04,90.5,361,111.5,272,68.6,124,1/19/25 0:00
,,« Ratings on 2025-01-19 »,Current Ratings,Rk,EM,AdjT,,,,1/19/25 0:00
Rk,Team,Conf,NetRtg,ORtg,DRtg,AdjT,Rk,NetRtg,ORtg,1/19/25 0:00
361,New Hampshire,AE,-21.22,91.8,359,113,301,67.4,190,1/19/25 0:00
362,Coppin St.,MEAC,-24.35,88.4,363,112.8,296,68,158,1/19/25 0:00
363,Arkansas Pine Bluff,SWAC,-25.49,97.9,327,123.3,363,72.8,9,1/19/25 0:00
364,Mississippi Valley St.,SWAC,-37.73,85.7,364,123.4,364,65.1,284,1/19/25 0:00
1,Duke,ACC,36.76,124.8,3,88,2,65.3,273,1/20/25 0:00
2,Auburn,SEC,36.16,130.9,1,94.7,18,67.7,166,1/20/25 0:00
3,Houston,B12,33.75,121.5,13,87.7,1,61.4,360,1/20/25 0:00
4,Iowa St.,B12,30.58,121.8,11,91.2,6,69.1,95,1/20/25 0:00
5,Florida,SEC,30.35,124.4,5,94,15,69.4,80,1/20/25 0:00
6,Tennessee,SEC,29.18,118.8,22,89.6,3,64,331,1/20/25 0:00
7,Kansas,B12,27.26,116.9,34,89.7,4,68.1,150,1/20/25 0:00
8,Alabama,SEC,27.09,124.8,4,97.7,43,74.1,1,1/20/25 0:00
9,Illinois,B10,26.9,119.4,19,92.5,10,72.5,11,1/20/25 0:00
10,Purdue,B10,26.59,122.3,8,95.7,21,65,288,1/20/25 0:00
11,Michigan,B10,24.84,121.1,14,96.2,24,70.1,57,1/20/25 0:00
12,Texas Tech,B12,24.73,121.8,10,97.1,35,64.9,290,1/20/25 0:00
13,Michigan St.,B10,24.41,119,21,94.6,17,68.4,129,1/20/25 0:00
14,Gonzaga,WCC,24.18,124.2,6,100,60,70.6,43,1/20/25 0:00
15,Marquette,BE,24.05,118.4,24,94.3,16,67.5,177,1/20/25 0:00
16,Arizona,B12,23.72,119.1,20,95.4,20,70.2,52,1/20/25 0:00
17,Mississippi,SEC,23.7,117.5,27,93.8,13,67,204,1/20/25 0:00
18,St. John's,BE,23.6,114.6,54,91,5,70.2,54,1/20/25 0:00
19,Texas A&M,SEC,23.54,116.6,39,93,11,66.6,220,1/20/25 0:00
20,Kentucky,SEC,23.46,125.1,2,101.7,84,71.2,28,1/20/25 0:00
21,Wisconsin,B10,23.19,121.5,12,98.3,46,67.9,157,1/20/25 0:00
22,Mississippi St.,SEC,22.32,120.2,16,97.9,45,67.8,163,1/20/25 0:00
23,Maryland,B10,20.84,117.1,31,96.3,25,69.6,71,1/20/25 0:00
24,Baylor,B12,20.61,120.2,17,99.6,58,65.1,279,1/20/25 0:00
25,Oregon,B10,20.49,117.2,29,96.8,30,68.4,128,1/20/25 0:00
26,Clemson,ACC,20.19,117.3,28,97.1,34,63.7,336,1/20/25 0:00
27,Saint Mary's,WCC,20.12,116.6,37,96.5,29,62.6,352,1/20/25 0:00
28,Missouri,SEC,19.61,119.6,18,100,61,67.6,170,1/20/25 0:00
29,Louisville,ACC,19.4,117.1,32,97.7,42,68.5,127,1/20/25 0:00
30,Connecticut,BE,19.12,123.3,7,104.2,128,63.7,337,1/20/25 0:00
31,UCLA,B10,18.97,112.6,74,93.6,12,65.6,260,1/20/25 0:00
32,North Carolina,ACC,18.69,115.8,43,97.1,36,72.2,15,1/20/25 0:00
33,Pittsburgh,ACC,18.55,118.7,23,100.2,64,67.5,180,1/20/25 0:00
34,Ohio St.,B10,18.3,115.7,44,97.4,39,67.4,184,1/20/25 0:00
35,Georgia,SEC,18.22,112.2,79,94,14,66.6,218,1/20/25 0:00
36,West Virginia,B12,17.48,112.2,78,94.7,19,64.2,326,1/20/25 0:00
37,Creighton,BE,17.3,115,48,97.7,44,68.4,133,1/20/25 0:00
38,Memphis,Amer,17.21,114.8,52,97.6,40,70.7,40,1/20/25 0:00
39,SMU,ACC,17.03,118.2,25,101.1,77,69.7,65,1/20/25 0:00
40,Cincinnati,B12,17.01,108.7,132,91.7,7,65,284,1/20/25 0:00
,,« Ratings on 2025-01-20,Current Ratings,Rk,EM,AdjT,,,,1/20/25 0:00
Rk,Team,Conf,NetRtg,ORtg,DRtg,AdjT,Rk,NetRtg,ORtg,1/20/25 0:00
41,VCU,A10,16.93,113,70,96,22,66.2,236,1/20/25 0:00
42,Texas,SEC,16.86,115.3,47,98.4,48,67.3,188,1/20/25 0:00
43,San Diego St.,MWC,16.56,108.8,129,92.3,9,66.5,225,1/20/25 0:00
44,BYU,B12,16.35,116.8,35,100.4,67,66.8,210,1/20/25 0:00
45,Oklahoma,SEC,16.34,118.1,26,101.7,85,67.6,171,1/20/25 0:00
46,Nebraska,B10,16.15,113.1,69,97,32,67.7,167,1/20/25 0:00
47,Xavier,BE,15.85,113.1,68,97.3,38,68.6,123,1/20/25 0:00
48,Vanderbilt,SEC,15.79,116.3,40,100.5,69,70.2,53,1/20/25 0:00
49,Penn St.,B10,15.7,116.6,38,100.9,73,71.4,23,1/20/25 0:00
50,Utah St.,MWC,15.39,116.8,36,101.4,80,68.3,137,1/20/25 0:00
51,Northwestern,B10,15.31,111.4,94,96,23,64.8,298,1/20/25 0:00
52,Villanova,BE,15.25,121.9,9,106.6,178,63.2,349,1/20/25 0:00
53,Arkansas,SEC,14.67,111.6,92,96.9,31,69.1,91,1/20/25 0:00
54,Iowa,B10,14.58,120.6,15,106,159,71.5,19,1/20/25 0:00
55,New Mexico,MWC,14.47,111.6,90,97.2,37,72.9,8,1/20/25 0:00
56,Boise St.,MWC,14.34,116.3,41,102,88,66.5,226,1/20/25 0:00
57,UC Irvine,BW,14.33,106.5,181,92.2,8,69.4,76,1/20/25 0:00
58,North Texas,Amer,13.95,111.6,91,97.6,41,61.1,362,1/20/25 0:00
59,Indiana,B10,13.85,112.4,77,98.6,49,69.1,93,1/20/25 0:00
60,Florida St.,ACC,13.08,112,82,98.9,51,70.2,56,1/20/25 0:00
61,Arizona St.,B12,12.87,111.3,95,98.4,47,67.7,168,1/20/25 0:00
62,Oregon St.,WCC,12.69,114.8,53,102.1,91,64.6,311,1/20/25 0:00
63,Santa Clara,WCC,12.42,114.9,49,102.5,97,68.6,118,1/20/25 0:00
64,UC San Diego,BW,12.31,113.4,62,101.1,75,65.9,247,1/20/25 0:00
65,Nevada,MWC,12.28,113.9,58,101.6,82,62.9,350,1/20/25 0:00
66,McNeese,Slnd,12.08,111.8,84,99.7,59,65.3,270,1/20/25 0:00
67,Dayton,A10,12.07,116.2,42,104.1,123,65.2,278,1/20/25 0:00
68,LSU,SEC,11.87,110.8,103,98.9,53,68.4,132,1/20/25 0:00
69,UCF,B12,11.84,114,57,102.1,93,70.6,42,1/20/25 0:00
70,USC,B10,11.83,113,71,101.1,76,68,151,1/20/25 0:00
71,San Francisco,WCC,11.45,112.5,75,101,74,67.1,199,1/20/25 0:00
72,Drake,MVC,11.28,110.5,108,99.2,54,59.3,364,1/20/25 0:00
73,Utah,B12,11.15,111.6,89,100.5,68,69.8,63,1/20/25 0:00
74,Lipscomb,ASun,11.13,111.8,85,100.6,71,66.2,237,1/20/25 0:00
75,TCU,B12,11.09,107.5,157,96.4,27,66.4,228,1/20/25 0:00
76,Georgetown,BE,11.01,107.5,160,96.5,28,68,155,1/20/25 0:00
77,Wake Forest,ACC,10.77,107.8,152,97.1,33,66.4,230,1/20/25 0:00
78,Colorado St.,MWC,10.76,110.2,113,99.4,57,67.1,200,1/20/25 0:00
79,Yale,Ivy,10.42,114.5,55,104.1,124,68,156,1/20/25 0:00
80,Liberty,CUSA,10.37,109,125,98.7,50,65,289,1/20/25 0:00
,,« Ratings on 2025-01-20,Current Ratings,Rk,EM,AdjT,,,,1/20/25 0:00
Rk,Team,Conf,NetRtg,ORtg,DRtg,AdjT,Rk,NetRtg,ORtg,1/20/25 0:00
81,Bradley,MVC,10.29,112.1,81,101.8,86,65.6,255,1/20/25 0:00
82,Rutgers,B10,10.21,113.2,65,103,105,69.2,86,1/20/25 0:00
83,George Mason,A10,9.96,106.3,184,96.3,26,64.5,315,1/20/25 0:00
84,South Carolina,SEC,9.93,108.9,128,98.9,52,65.5,262,1/20/25 0:00
85,Notre Dame,ACC,9.62,115.5,45,105.8,155,64.6,313,1/20/25 0:00
86,Stanford,ACC,9.18,114.9,50,105.7,150,66.5,222,1/20/25 0:00
87,Washington St.,WCC,9.16,111.1,99,101.9,87,70.8,35,1/20/25 0:00
88,Providence,BE,8.93,111.7,87,102.7,100,65.6,257,1/20/25 0:00
89,St. Bonaventure,A10,8.93,110.1,115,101.2,78,63.6,342,1/20/25 0:00
90,Butler,BE,8.74,112.8,73,104,121,67.2,196,1/20/25 0:00
91,Saint Joseph's,A10,8.18,109,126,100.8,72,68.9,103,1/20/25 0:00
92,Colorado,B12,8.01,108.6,138,100.6,70,68.2,146,1/20/25 0:00
93,Grand Canyon,WAC,7.7,108.1,145,100.4,65,72,17,1/20/25 0:00
94,Arkansas St.,SB,7.58,109.7,119,102.2,94,69.3,83,1/20/25 0:00
95,Washington,B10,7.51,107.9,148,100.4,66,68.5,125,1/20/25 0:00
96,Kansas St.,B12,7.09,110.5,109,103.4,111,67,201,1/20/25 0:00
97,UNLV,MWC,7.03,111.2,96,104.2,127,65.2,276,1/20/25 0:00
98,N.C. State,ACC,6.85,111,100,104.2,126,64.1,329,1/20/25 0:00
99,High Point,BSth,6.25,117,33,110.7,260,66.5,224,1/20/25 0:00
100,North Dakota St.,Sum,6.12,117.1,30,111,264,65,285,1/20/25 0:00
101,Minnesota,B10,6.12,108.7,134,102.6,98,62.1,358,1/20/25 0:00
102,UAB,Amer,5.59,115.4,46,109.8,245,69.4,77,1/20/25 0:00
103,Rhode Island,A10,5.57,108.6,137,103.1,106,70.4,47,1/20/25 0:00
104,DePaul,BE,5.04,111.1,98,106.1,164,67.6,174,1/20/25 0:00
105,Oklahoma St.,B12,4.81,106.9,170,102.1,92,70.6,44,1/20/25 0:00
106,Samford,SC,4.73,113.3,63,108.5,220,70.1,58,1/20/25 0:00
107,Troy,SB,4.7,107.6,154,102.9,103,65.3,271,1/20/25 0:00
108,South Alabama,SB,4.65,106.9,172,102.2,95,63.4,346,1/20/25 0:00
109,Davidson,A10,4.64,113.5,61,108.8,226,65.9,249,1/20/25 0:00
110,Middle Tennessee,CUSA,4.61,108.1,146,103.5,115,68.7,109,1/20/25 0:00
111,Appalachian St.,SB,4.58,103.9,222,99.3,55,63.9,332,1/20/25 0:00
112,Wofford,SC,4.58,113.2,66,108.6,223,63.7,340,1/20/25 0:00
113,UNC Greensboro,SC,4.47,108.9,127,104.4,129,63.4,345,1/20/25 0:00
114,Akron,MAC,4.46,110.1,117,105.6,148,71.5,20,1/20/25 0:00
115,Georgia Tech,ACC,4.43,107.3,163,102.9,102,69.9,62,1/20/25 0:00
116,Temple,Amer,4.42,110,118,105.6,147,69.5,75,1/20/25 0:00
117,South Dakota St.,Sum,4.35,110.4,110,106.1,163,69.3,82,1/20/25 0:00
118,Saint Louis,A10,4.29,110.8,104,106.5,174,67.4,183,1/20/25 0:00
119,George Washington,A10,4.27,107.3,165,103,104,68.9,102,1/20/25 0:00
120,Florida Atlantic,Amer,4.26,111.7,86,107.5,200,70.4,49,1/20/25 0:00
,,« Ratings on 2025-01-20,Current Ratings,Rk,EM,AdjT,,,,1/20/25 0:00
Rk,Team,Conf,NetRtg,ORtg,DRtg,AdjT,Rk,NetRtg,ORtg,1/20/25 0:00
121,St. Thomas,Sum,4.2,114.3,56,110.1,248,68.3,140,1/20/25 0:00
122,Northern Iowa,MVC,3.97,111.2,97,107.2,192,64.9,292,1/20/25 0:00
123,Duquesne,A10,3.91,106.7,175,102.8,101,64.1,328,1/20/25 0:00
124,Princeton,Ivy,3.79,110.7,105,107,186,67.3,189,1/20/25 0:00
125,Syracuse,ACC,3.61,108.7,135,105.1,136,69.8,64,1/20/25 0:00
126,Louisiana Tech,CUSA,3.51,110.2,114,106.7,179,64.2,325,1/20/25 0:00
127,Murray St.,MVC,3.42,107.4,162,104,120,65,287,1/20/25 0:00
128,New Mexico St.,CUSA,3.28,106.6,177,103.4,110,65.6,256,1/20/25 0:00
129,California,ACC,3.15,111.8,83,108.6,224,67.8,161,1/20/25 0:00
130,CSUN,BW,3.08,107.1,167,104.1,122,72.5,12,1/20/25 0:00
131,East Tennessee St.,SC,3.05,108.7,136,105.7,149,66.2,239,1/20/25 0:00
132,Cornell,Ivy,2.86,113.6,60,110.7,258,70.9,33,1/20/25 0:00
133,Purdue Fort Wayne,Horz,2.72,113.6,59,110.9,262,68.7,108,1/20/25 0:00
134,Virginia,ACC,2.68,103.9,223,101.2,79,60.5,363,1/20/25 0:00
135,Western Kentucky,CUSA,2.57,102.7,238,100.2,63,73.3,4,1/20/25 0:00
136,Belmont,MVC,2.42,112.1,80,109.7,242,71.3,25,1/20/25 0:00
137,Charleston,CAA,2.3,106.8,173,104.5,130,72.1,16,1/20/25 0:00
138,Elon,CAA,2.3,108.5,139,106.2,166,64.4,319,1/20/25 0:00
139,Seattle,WAC,2.13,107.3,164,105.1,138,66.2,238,1/20/25 0:00
140,Loyola Chicago,A10,2.11,107.6,155,105.5,145,67.5,179,1/20/25 0:00
141,North Alabama,ASun,2.11,109.1,124,107,187,67.1,197,1/20/25 0:00
142,UNC Wilmington,CAA,2.09,109.6,120,107.5,201,65.7,252,1/20/25 0:00
143,UTEP,CUSA,2,106.5,182,104.5,131,68,154,1/20/25 0:00
144,Furman,SC,1.96,107,169,105.1,135,65.2,277,1/20/25 0:00
145,Illinois Chicago,MVC,1.93,109.3,123,107.3,197,68.9,100,1/20/25 0:00
146,Miami OH,MAC,1.86,108.8,131,106.9,183,68.4,131,1/20/25 0:00
147,Loyola Marymount,WCC,1.82,104.1,220,102.3,96,67.1,198,1/20/25 0:00
148,Wichita St.,Amer,1.75,108.2,142,106.4,172,70.1,59,1/20/25 0:00
149,Illinois St.,MVC,1.7,112.5,76,110.8,261,64.5,317,1/20/25 0:00
150,Utah Valley,WAC,1.48,103.5,231,102,89,68.7,112,1/20/25 0:00
151,Bryant,AE,1.36,106.6,178,105.3,142,73.2,6,1/20/25 0:00
152,Northern Colorado,BSky,1.13,110.9,102,109.8,244,69.4,79,1/20/25 0:00
153,UC Santa Barbara,BW,1.13,107.4,161,106.3,170,63.8,335,1/20/25 0:00
154,Chattanooga,SC,1,113.2,64,112.2,286,66.5,227,1/20/25 0:00
155,Tulane,Amer,0.87,106.9,171,106,162,67,202,1/20/25 0:00
156,Texas A&M Corpus Chris,Slnd,0.86,108.8,130,107.9,208,69,99,1/20/25 0:00
157,Milwaukee,Horz,0.77,105.9,187,105.1,137,69.1,96,1/20/25 0:00
158,Florida Gulf Coast,ASun,0.74,107.1,168,106.4,171,65.1,280,1/20/25 0:00
159,Jacksonville St.,CUSA,0.72,110.4,111,109.7,241,64.3,320,1/20/25 0:00
160,Texas St.,SB,0.68,110.4,112,109.7,243,65.5,261,1/20/25 0:00
,,« Ratings on 2025-01-20,Current Ratings,Rk,EM,AdjT,,,,1/20/25 0:00
Rk,Team,Conf,NetRtg,ORtg,DRtg,AdjT,Rk,NetRtg,ORtg,1/20/25 0:00
161,James Madison,SB,0.63,107.5,159,106.9,182,66.3,232,1/20/25 0:00
162,Ohio,MAC,0.55,108.7,133,108.2,213,70,60,1/20/25 0:00
163,Kent St.,MAC,0.45,100.6,285,100.1,62,65.5,264,1/20/25 0:00
164,Jacksonville,ASun,0.43,102,251,101.6,83,67.8,160,1/20/25 0:00
165,Cleveland St.,Horz,0.3,105.7,189,105.4,143,66.1,242,1/20/25 0:00
166,East Carolina,Amer,0.08,105.8,188,105.7,152,66.6,221,1/20/25 0:00
167,Sam Houston St.,CUSA,0.04,110.6,106,110.6,256,68.7,113,1/20/25 0:00
168,Seton Hall,BE,0.02,103.5,228,103.5,116,63.7,339,1/20/25 0:00
169,Norfolk St.,MEAC,0.02,107.9,150,107.9,205,66.1,243,1/20/25 0:00
170,Virginia Tech,ACC,-0.18,107.2,166,107.4,199,64.6,314,1/20/25 0:00
171,UC Riverside,BW,-0.3,106.2,185,106.5,173,67.6,175,1/20/25 0:00
172,Cal Baptist,WAC,-0.36,108.2,141,108.6,221,65.4,267,1/20/25 0:00
173,South Florida,Amer,-0.42,108,147,108.4,217,67.8,162,1/20/25 0:00
174,Wright St.,Horz,-0.5,109.6,122,110.1,247,67.6,172,1/20/25 0:00
175,Miami FL,ACC,-0.74,114.9,51,115.6,341,67,203,1/20/25 0:00
176,Marshall,SB,-0.84,105,202,105.8,154,68.6,119,1/20/25 0:00
177,UMass Lowell,AE,-0.93,109.6,121,110.5,255,70.2,51,1/20/25 0:00
178,Oakland,Horz,-1.02,106.1,186,107.1,190,61.8,359,1/20/25 0:00
179,Hofstra,CAA,-1.04,98.4,322,99.4,56,63.9,334,1/20/25 0:00
180,San Jose St.,MWC,-1.12,108.4,140,109.6,238,65.2,275,1/20/25 0:00
181,William & Mary,CAA,-1.15,111.7,88,112.8,299,70.5,46,1/20/25 0:00
182,Quinnipiac,MAAC,-1.28,102.3,245,103.6,117,70.3,50,1/20/25 0:00
183,Montana St.,BSky,-1.31,105.2,199,106.5,175,66.7,215,1/20/25 0:00
184,Columbia,Ivy,-1.41,111.4,93,112.8,298,68.6,121,1/20/25 0:00
185,Radford,BSth,-1.43,107.7,153,109.1,230,63.7,338,1/20/25 0:00
186,La Salle,A10,-1.43,104.8,205,106.3,168,70.6,45,1/20/25 0:00
187,Hawaii,BW,-1.54,105.4,195,106.9,185,65.7,254,1/20/25 0:00
188,Rice,Amer,-1.6,105.2,200,106.8,180,64.7,304,1/20/25 0:00
189,UNC Asheville,BSth,-1.63,112.8,72,114.4,329,68.2,143,1/20/25 0:00
190,Longwood,BSth,-1.98,105.2,198,107.2,193,68.7,115,1/20/25 0:00
191,Merrimack,MAAC,-2.05,101.3,267,103.4,112,64.7,305,1/20/25 0:00
192,Winthrop,BSth,-2.08,107.5,158,109.6,240,72.4,13,1/20/25 0:00
193,Wyoming,MWC,-2.15,104,221,106.1,165,64.7,308,1/20/25 0:00
194,Kennesaw St.,CUSA,-2.15,104.9,204,107.1,189,71.2,26,1/20/25 0:00
195,Southern Illinois,MVC,-2.19,103.5,230,105.7,151,68.4,136,1/20/25 0:00
196,Towson,CAA,-2.23,103.8,225,106,158,62.6,353,1/20/25 0:00
197,Northeastern,CAA,-2.48,104.1,219,106.6,176,68.1,149,1/20/25 0:00
198,Massachusetts,A10,-2.48,104.3,217,106.8,181,71.6,18,1/20/25 0:00
199,Toledo,MAC,-2.54,111,101,113.6,314,69.5,72,1/20/25 0:00
200,Nicholls,Slnd,-2.55,105.5,194,108.1,211,68.7,114,1/20/25 0:00
,,« Ratings on 2025-01-20,Current Ratings,Rk,EM,AdjT,,,,1/20/25 0:00
Rk,Team,Conf,NetRtg,ORtg,DRtg,AdjT,Rk,NetRtg,ORtg,1/20/25 0:00
201,Maine,AE,-2.55,101.3,269,103.9,119,67.2,191,1/20/25 0:00
202,Drexel,CAA,-2.65,103.2,233,105.9,157,63.3,347,1/20/25 0:00
203,UT Arlington,WAC,-3.32,107.9,149,111.2,268,69.2,84,1/20/25 0:00
204,Boston College,ACC,-3.32,105.6,191,108.9,228,66.3,233,1/20/25 0:00
205,Robert Morris,Horz,-3.35,102.5,242,105.9,156,69.2,88,1/20/25 0:00
206,Delaware,CAA,-3.48,110.1,116,113.6,317,70.7,39,1/20/25 0:00
207,Queens,ASun,-3.49,105.4,196,108.9,227,69.1,94,1/20/25 0:00
208,Southeastern Louisiana,Slnd,-3.52,101.6,260,105.2,139,67.2,195,1/20/25 0:00
209,Pepperdine,WCC,-3.74,103.6,227,107.4,198,69.1,92,1/20/25 0:00
210,Youngstown St.,Horz,-3.83,98.9,314,102.7,99,69.5,74,1/20/25 0:00
211,Valparaiso,MVC,-3.88,105.2,201,109,229,68.3,139,1/20/25 0:00
212,Idaho St.,BSky,-3.9,104.5,211,108.4,218,64.6,312,1/20/25 0:00
213,Colgate,PL,-3.91,103.7,226,107.6,203,66.3,234,1/20/25 0:00
214,Central Michigan,MAC,-4.05,102.2,249,106.2,167,66.5,223,1/20/25 0:00
215,Lamar,Slnd,-4.23,101.6,261,105.8,153,65.7,251,1/20/25 0:00
216,Central Connecticut,NEC,-4.29,98.9,312,103.2,109,64.3,321,1/20/25 0:00
217,Little Rock,OVC,-4.43,98.7,316,103.1,107,67.4,186,1/20/25 0:00
218,Southern,SWAC,-4.52,99,310,103.5,114,68.8,105,1/20/25 0:00
219,Richmond,A10,-4.53,101.5,263,106,161,65,286,1/20/25 0:00
220,Indiana St.,MVC,-4.56,107.9,151,112.5,292,73.2,5,1/20/25 0:00
221,North Florida,ASun,-4.56,113.2,67,117.7,353,71.4,22,1/20/25 0:00
222,Brown,Ivy,-4.76,104.5,213,109.2,232,64.8,299,1/20/25 0:00
223,Nebraska Omaha,Sum,-5.03,106.4,183,111.4,272,67.2,194,1/20/25 0:00
224,Marist,MAAC,-5.03,99.9,295,105,134,64.2,324,1/20/25 0:00
225,Portland St.,BSky,-5.18,101.9,254,107.1,188,68.9,101,1/20/25 0:00
226,Kansas City,Sum,-5.28,102,253,107.2,194,64.8,297,1/20/25 0:00
227,Cal St. Bakersfield,BW,-5.33,105.6,192,110.9,263,65.4,268,1/20/25 0:00
228,Gardner Webb,BSth,-5.37,104.7,206,110.1,249,69.6,69,1/20/25 0:00
229,Southern Utah,WAC,-5.53,102.8,236,108.4,216,69.2,85,1/20/25 0:00
230,South Carolina St.,MEAC,-5.59,102.3,246,107.9,206,68.2,147,1/20/25 0:00
231,Fordham,A10,-5.66,102.5,243,108.1,212,70.7,37,1/20/25 0:00
232,Vermont,AE,-5.69,98.2,323,103.8,118,62.3,356,1/20/25 0:00
233,UC Davis,BW,-5.72,96.3,340,102.1,90,68.8,106,1/20/25 0:00
234,American,PL,-5.76,103.8,224,109.6,239,63.3,348,1/20/25 0:00
235,UTSA,Amer,-5.87,106.7,176,112.5,293,70.9,34,1/20/25 0:00
236,UT Rio Grande Valley,Slnd,-5.89,104.5,212,110.4,252,68.4,130,1/20/25 0:00
237,Montana,BSky,-5.94,104.5,210,110.5,253,68.5,126,1/20/25 0:00
238,Mercer,SC,-6.02,101.7,257,107.8,204,71.1,29,1/20/25 0:00
239,Eastern Kentucky,ASun,-6.08,106.6,179,112.6,295,68.8,107,1/20/25 0:00
240,Abilene Christian,WAC,-6.26,97.9,326,104.1,125,68.2,145,1/20/25 0:00
,,« Ratings on 2025-01-20,Current Ratings,Rk,EM,AdjT,,,,1/20/25 0:00
Rk,Team,Conf,NetRtg,ORtg,DRtg,AdjT,Rk,NetRtg,ORtg,1/20/25 0:00
241,Harvard,Ivy,-6.28,101.7,258,108,210,66.1,244,1/20/25 0:00
242,Northern Kentucky,Horz,-6.42,99.2,307,105.6,146,64.5,316,1/20/25 0:00
243,FIU,CUSA,-6.5,98.4,321,104.9,132,69.2,89,1/20/25 0:00
244,Saint Peter's,MAAC,-6.52,96.6,337,103.2,108,62.7,351,1/20/25 0:00
245,Hampton,CAA,-6.9,101.3,268,108.2,214,64.5,318,1/20/25 0:00
246,Charlotte,Amer,-6.99,104.4,215,111.4,275,64.8,301,1/20/25 0:00
247,Idaho,BSky,-7.02,108.2,143,115.2,336,65.9,248,1/20/25 0:00
248,Campbell,CAA,-7.05,100.1,291,107.1,191,66.7,217,1/20/25 0:00
249,Weber St.,BSky,-7.05,105.5,193,112.6,294,64.8,300,1/20/25 0:00
250,Bethune Cookman,SWAC,-7.11,96.3,341,103.4,113,68.7,110,1/20/25 0:00
251,SIUE,OVC,-7.32,100,292,107.3,196,64.8,302,1/20/25 0:00
252,Missouri St.,MVC,-7.69,101.8,256,109.5,234,63.6,341,1/20/25 0:00
253,Stephen F. Austin,Slnd,-7.76,93.7,355,101.4,81,66,246,1/20/25 0:00
254,Fresno St.,MWC,-7.77,100.2,289,107.9,207,73,7,1/20/25 0:00
255,Eastern Washington,BSky,-7.84,104.6,209,112.4,290,67.6,169,1/20/25 0:00
256,Albany,AE,-7.88,104.1,218,112,283,68.2,148,1/20/25 0:00
257,Siena,MAAC,-7.96,100.5,286,108.4,219,65.6,259,1/20/25 0:00
258,Cal Poly,BW,-7.97,105,203,113,302,73.7,2,1/20/25 0:00
259,Southeast Missouri,OVC,-8.35,99.6,302,108,209,68.6,120,1/20/25 0:00
260,Presbyterian,BSth,-8.36,103.5,229,111.9,281,64,330,1/20/25 0:00
261,South Dakota,Sum,-8.41,110.6,107,119,357,73.6,3,1/20/25 0:00
262,Iona,MAAC,-8.46,97.6,329,106,160,69.6,70,1/20/25 0:00
263,Northern Arizona,BSky,-8.47,103.2,232,111.7,278,67.4,182,1/20/25 0:00
264,Morehead St.,OVC,-8.5,99.8,296,108.3,215,65.1,281,1/20/25 0:00
265,Ball St.,MAC,-8.54,104.4,214,113,303,66.7,214,1/20/25 0:00
266,Bucknell,PL,-8.58,96.4,339,105,133,67.4,185,1/20/25 0:00
267,UMBC,AE,-8.6,106.8,174,115.4,337,71.2,27,1/20/25 0:00
268,Southern Miss,SB,-8.62,100.8,279,109.4,233,70.2,55,1/20/25 0:00
269,Northwestern St.,Slnd,-8.66,102.7,239,111.4,274,63.5,344,1/20/25 0:00
270,Jackson St.,SWAC,-8.67,96.7,336,105.4,144,69.2,90,1/20/25 0:00
271,Mount St. Mary's,MAAC,-8.71,97.6,328,106.3,169,68.7,111,1/20/25 0:00
272,Tarleton St.,WAC,-9.19,96.1,343,105.3,141,64.9,291,1/20/25 0:00
273,Georgia Southern,SB,-9.27,100.2,288,109.5,235,70.7,38,1/20/25 0:00
274,Evansville,MVC,-9.39,95.8,346,105.2,140,66.3,231,1/20/25 0:00
275,Tulsa,Amer,-9.39,99.8,298,109.1,231,66.8,211,1/20/25 0:00
276,San Diego,WCC,-9.4,97.2,333,106.6,177,70,61,1/20/25 0:00
277,Incarnate Word,Slnd,-9.42,105.7,190,115.1,334,65.2,274,1/20/25 0:00
278,Charleston Southern,BSth,-9.44,100.8,280,110.2,251,68.3,141,1/20/25 0:00
279,Tennessee Martin,OVC,-9.59,100.9,277,110.5,254,66.8,208,1/20/25 0:00
280,North Dakota,Sum,-9.65,107.6,156,117.2,350,68.6,122,1/20/25 0:00
,,« Ratings on 2025-01-20,Current Ratings,Rk,EM,AdjT,,,,1/20/25 0:00
Rk,Team,Conf,NetRtg,ORtg,DRtg,AdjT,Rk,NetRtg,ORtg,1/20/25 0:00
281,Alabama St.,SWAC,-9.67,104.7,207,114.4,328,68.2,144,1/20/25 0:00
282,Dartmouth,Ivy,-9.82,99.7,300,109.5,236,70.7,41,1/20/25 0:00
283,Lafayette,PL,-10.13,98.6,320,108.7,225,66.1,241,1/20/25 0:00
284,Manhattan,MAAC,-10.22,106.6,180,116.8,348,68.2,142,1/20/25 0:00
285,Bowling Green,MAC,-10.22,101.1,273,111.3,271,69.5,73,1/20/25 0:00
286,Monmouth,CAA,-10.39,100.9,278,111.3,270,66.2,235,1/20/25 0:00
287,Sacred Heart,MAAC,-10.4,103.2,234,113.6,316,69.6,68,1/20/25 0:00
288,Howard,MEAC,-10.52,108.1,144,118.6,355,68.6,117,1/20/25 0:00
289,Boston University,PL,-10.61,98.9,311,109.6,237,62.1,357,1/20/25 0:00
290,Stonehill,NEC,-10.68,101.1,270,111.8,280,64.9,294,1/20/25 0:00
291,Western Michigan,MAC,-10.69,102.5,241,113.2,308,68.3,138,1/20/25 0:00
292,Utah Tech,WAC,-10.89,101.4,265,112.3,287,67.3,187,1/20/25 0:00
293,Army,PL,-10.92,102.2,248,113.1,306,67.5,178,1/20/25 0:00
294,LIU,NEC,-10.98,95.9,344,106.9,184,65.3,272,1/20/25 0:00
295,Tennessee St.,OVC,-11.02,99,309,110.1,246,71.4,21,1/20/25 0:00
296,Air Force,MWC,-11.07,100,293,111,265,63.5,343,1/20/25 0:00
297,Pacific,WCC,-11.1,102.5,244,113.6,315,66.9,205,1/20/25 0:00
298,Loyola MD,PL,-11.24,101.1,271,112.4,289,66.8,213,1/20/25 0:00
299,Austin Peay,ASun,-11.37,95.9,345,107.3,195,65.5,265,1/20/25 0:00
300,Lehigh,PL,-11.39,100.4,287,111.8,279,67.5,176,1/20/25 0:00
301,Coastal Carolina,SB,-11.56,102,252,113.6,313,62.5,354,1/20/25 0:00
302,Georgia St.,SB,-11.59,100.8,281,112.3,288,69.2,87,1/20/25 0:00
303,Navy,PL,-11.68,102.6,240,114.3,326,67.5,181,1/20/25 0:00
304,Texas Southern,SWAC,-11.82,95.7,347,107.5,202,70.4,48,1/20/25 0:00
305,Old Dominion,SB,-12.08,99.2,306,111.3,269,65.7,253,1/20/25 0:00
306,Houston Christian,Slnd,-12.11,99.9,294,112.1,284,65.8,250,1/20/25 0:00
307,North Carolina Central,MEAC,-12.21,102.8,237,115,332,66,245,1/20/25 0:00
308,Tennessee Tech,OVC,-12.27,100.6,284,112.9,300,67.8,159,1/20/25 0:00
309,Penn,Ivy,-12.28,101.5,262,113.8,319,65.5,263,1/20/25 0:00
310,Long Beach St.,BW,-12.58,102.2,247,114.8,331,64.2,323,1/20/25 0:00
311,Delaware St.,MEAC,-12.65,99.8,297,112.4,291,69.4,78,1/20/25 0:00
312,Holy Cross,PL,-12.79,104.6,208,117.4,351,65.1,282,1/20/25 0:00
313,Cal St. Fullerton,BW,-12.8,98.6,318,111.4,276,66.4,229,1/20/25 0:00
314,Eastern Michigan,MAC,-13.08,101.1,274,114.2,323,67.7,164,1/20/25 0:00
315,Niagara,MAAC,-13.18,101,276,114.2,325,64.3,322,1/20/25 0:00
316,Portland,WCC,-13.26,100.7,282,114,321,68.4,134,1/20/25 0:00
317,Rider,MAAC,-13.27,99.5,305,112.8,297,64.7,306,1/20/25 0:00
318,North Carolina A&T,CAA,-13.66,99.6,301,113.3,309,72.2,14,1/20/25 0:00
319,VMI,SC,-13.68,99.7,299,113.4,311,66.9,206,1/20/25 0:00
320,Oral Roberts,Sum,-13.81,105.3,197,119.2,359,68.6,116,1/20/25 0:00
,,« Ratings on 2025-01-20,Current Ratings,Rk,EM,AdjT,,,,1/20/25 0:00
Rk,Team,Conf,NetRtg,ORtg,DRtg,AdjT,Rk,NetRtg,ORtg,1/20/25 0:00
321,Grambling St.,SWAC,-13.9,97.5,330,111.4,277,65.4,269,1/20/25 0:00
322,Louisiana,SB,-13.99,100.1,290,114.1,322,66.9,207,1/20/25 0:00
323,Prairie View A&M,SWAC,-14.2,101.5,264,115.7,343,71,32,1/20/25 0:00
324,IU Indy,Horz,-14.22,104.4,216,118.6,354,64.9,293,1/20/25 0:00
325,Southern Indiana,OVC,-14.24,98.9,313,113.1,305,66.7,216,1/20/25 0:00
326,Binghamton,AE,-14.38,101,275,115.4,339,64.7,310,1/20/25 0:00
327,Fairleigh Dickinson,NEC,-14.59,101.1,272,115.7,344,69.7,66,1/20/25 0:00
328,Buffalo,MAC,-14.92,98.1,325,113,304,71,31,1/20/25 0:00
329,Fairfield,MAAC,-15.12,101.7,259,116.8,349,65.6,258,1/20/25 0:00
330,Saint Francis,NEC,-15.28,98.7,317,113.9,320,67.2,192,1/20/25 0:00
331,Detroit Mercy,Horz,-15.56,96.4,338,112,282,66.8,209,1/20/25 0:00
332,Stony Brook,CAA,-15.63,99.6,304,115.2,335,64.8,295,1/20/25 0:00
333,Lindenwood,OVC,-15.66,95.5,348,111.2,266,69.1,97,1/20/25 0:00
334,New Orleans,Slnd,-15.81,99.6,303,115.4,338,69.3,81,1/20/25 0:00
335,Green Bay,Horz,-16.05,101.4,266,117.5,352,68.8,104,1/20/25 0:00
336,Alcorn St.,SWAC,-16.46,97.1,334,113.5,312,64.7,307,1/20/25 0:00
337,Morgan St.,MEAC,-16.47,102.8,235,119.3,360,70.8,36,1/20/25 0:00
338,Central Arkansas,ASun,-16.56,96.8,335,113.3,310,66.6,219,1/20/25 0:00
339,USC Upstate,BSth,-16.69,98.8,315,115.5,340,72.6,10,1/20/25 0:00
340,Wagner,NEC,-16.95,91.6,360,108.6,222,61.3,361,1/20/25 0:00
341,Eastern Illinois,OVC,-17.33,93.9,353,111.2,267,66.8,212,1/20/25 0:00
342,Sacramento St.,BSky,-17.54,92.7,358,110.2,250,64.2,327,1/20/25 0:00
343,Western Carolina,SC,-17.54,93.2,356,110.7,259,71,30,1/20/25 0:00
344,West Georgia,ASun,-17.57,97.4,332,115,333,67.7,165,1/20/25 0:00
345,Western Illinois,OVC,-17.69,99.1,308,116.8,347,62.5,355,1/20/25 0:00
346,Denver,Sum,-17.8,98.6,319,116.4,345,66.2,240,1/20/25 0:00
347,Le Moyne,NEC,-18.16,97.5,331,115.6,342,69,98,1/20/25 0:00
348,Stetson,ASun,-18.18,100.7,283,118.9,356,68,153,1/20/25 0:00
349,East Texas A&M,Slnd,-18.39,93.8,354,112.1,285,68,152,1/20/25 0:00
350,Louisiana Monroe,SB,-18.71,94.5,349,113.2,307,67.6,173,1/20/25 0:00
351,Canisius,MAAC,-19.09,101.9,255,121,361,64.8,296,1/20/25 0:00
352,The Citadel,SC,-19.94,94.2,351,114.2,324,64.7,309,1/20/25 0:00
353,Mercyhurst,NEC,-20.12,96.3,342,116.4,346,63.9,333,1/20/25 0:00
354,Florida A&M,SWAC,-20.19,94.4,350,114.6,330,68.4,135,1/20/25 0:00
355,Bellarmine,ASun,-20.21,102.2,250,122.4,362,65.4,266,1/20/25 0:00
356,Northern Illinois,MAC,-20.28,94,352,114.3,327,69.7,67,1/20/25 0:00
357,NJIT,AE,-20.51,90.1,362,110.6,257,64.7,303,1/20/25 0:00
358,Maryland Eastern Shore,MEAC,-20.96,98.1,324,119,358,67.2,193,1/20/25 0:00
359,Alabama A&M,SWAC,-21.01,92.7,357,113.7,318,71.3,24,1/20/25 0:00
360,Chicago St.,NEC,-21.06,90.3,361,111.4,273,68.6,124,1/20/25 0:00
,,« Ratings on 2025-01-20,Current Ratings,Rk,EM,AdjT,,,,1/20/25 0:00
Rk,Team,Conf,NetRtg,ORtg,DRtg,AdjT,Rk,NetRtg,ORtg,1/20/25 0:00
361,New Hampshire,AE,-21.16,91.7,359,112.9,301,67.3,190,1/20/25 0:00
362,Coppin St.,MEAC,-24.36,88.3,363,112.7,296,67.9,158,1/20/25 0:00
363,Arkansas Pine Bluff,SWAC,-25.49,97.8,327,123.2,363,72.7,9,1/20/25 0:00
364,Mississippi Valley St.,SWAC,-37.73,85.6,364,123.3,364,65,283,1/20/25 0:00
1,Duke,ACC,36.78,124.6,5,87.8,2,65.4,272,1/22/25 0:00
2,Auburn,SEC,36.25,131.1,1,94.9,20,67.9,165,1/22/25 0:00
3,Houston,B12,33.68,121.4,13,87.7,1,61.5,360,1/22/25 0:00
4,Iowa St.,B12,30.87,122.5,10,91.6,6,69.6,73,1/22/25 0:00
5,Florida,SEC,30.58,124.8,4,94.2,15,69.5,78,1/22/25 0:00
6,Tennessee,SEC,29.93,118.8,22,88.9,3,63.9,335,1/22/25 0:00
7,Alabama,SEC,27.36,125.1,3,97.7,46,74.6,1,1/22/25 0:00
8,Kansas,B12,27.25,117.1,34,89.9,4,68.2,152,1/22/25 0:00
9,Illinois,B10,26.95,119.4,18,92.5,9,72.6,11,1/22/25 0:00
10,Purdue,B10,25.82,122,11,96.2,26,65.1,290,1/22/25 0:00
11,Texas Tech,B12,25.77,123.1,7,97.4,40,65.3,278,1/22/25 0:00
12,Michigan,B10,24.86,121,14,96.2,24,70.2,59,1/22/25 0:00
13,Marquette,BE,24.53,118.4,24,93.9,13,67.8,166,1/22/25 0:00
14,Michigan St.,B10,24.45,119.2,21,94.7,17,68.5,128,1/22/25 0:00
15,Gonzaga,WCC,24.07,124.1,6,100,62,70.7,44,1/22/25 0:00
16,Arizona,B12,23.83,120.2,16,96.3,29,69.9,62,1/22/25 0:00
17,Mississippi,SEC,23.82,117.6,29,93.7,12,67.1,203,1/22/25 0:00
18,Texas A&M,SEC,23.81,116.8,38,93,11,66.6,223,1/22/25 0:00
19,Kentucky,SEC,23.67,125.1,2,101.5,78,71.3,30,1/22/25 0:00
20,St. John's,BE,23.59,114.7,53,91.1,5,70.3,54,1/22/25 0:00
21,Wisconsin,B10,23.33,122.8,9,99.5,57,68.1,157,1/22/25 0:00
22,Mississippi St.,SEC,21.92,119.7,17,97.8,47,67.7,173,1/22/25 0:00
23,Louisville,ACC,21.51,119.2,20,97.7,44,68.4,137,1/22/25 0:00
24,Maryland,B10,21,117.1,33,96.1,23,69.6,70,1/22/25 0:00
25,Baylor,B12,20.65,120.2,15,99.5,59,65.3,279,1/22/25 0:00
26,Oregon,B10,20.42,117.4,30,97,36,68.5,129,1/22/25 0:00
27,Clemson,ACC,20.36,117.4,31,97,38,63.9,338,1/22/25 0:00
28,Saint Mary's,WCC,20.25,116.7,39,96.5,32,62.8,352,1/22/25 0:00
29,Ohio St.,B10,19.41,116.3,43,96.9,34,67.5,183,1/22/25 0:00
30,Missouri,SEC,19.07,118.2,26,99.2,53,67.4,188,1/22/25 0:00
31,UCLA,B10,19.03,113.8,60,94.8,18,65.7,258,1/22/25 0:00
32,Creighton,BE,18.67,114.9,49,96.3,27,68.4,141,1/22/25 0:00
33,Pittsburgh,ACC,18.64,118.7,23,100.1,64,67.6,176,1/22/25 0:00
34,North Carolina,ACC,18.57,115,48,96.4,31,72.4,14,1/22/25 0:00
35,Connecticut,BE,18.36,123.1,8,104.7,132,63.8,340,1/22/25 0:00
36,Georgia,SEC,18.3,112.3,80,94,14,66.7,219,1/22/25 0:00
37,VCU,A10,18.17,112.8,74,94.7,16,66.8,215,1/22/25 0:00
38,BYU,B12,17.71,117.9,28,100.2,65,66.8,214,1/22/25 0:00
39,Texas,SEC,17.63,114.7,54,97,37,67.1,206,1/22/25 0:00
40,Memphis,Amer,17.11,114.9,51,97.7,45,70.8,41,1/22/25 0:00
,,,,,Strength of Schedule,NCSOS,,,,1/22/25 0:00
Rk,Team,Conf,NetRtg,ORtg,DRtg,AdjT,Luck,NetRtg,ORtg,1/22/25 0:00
41,San Diego St.,MWC,16.57,108.9,129,92.4,8,66.6,227,1/22/25 0:00
42,Oklahoma,SEC,16.54,118.1,27,101.6,81,67.8,168,1/22/25 0:00
43,West Virginia,B12,16.32,111.1,96,94.8,19,64.3,328,1/22/25 0:00
44,Cincinnati,B12,16.3,109,127,92.7,10,65.4,270,1/22/25 0:00
45,Nebraska,B10,16.12,113.2,65,97.1,39,67.8,167,1/22/25 0:00
46,Penn St.,B10,15.81,116.6,40,100.8,72,71.3,31,1/22/25 0:00
47,Xavier,BE,15.75,113.2,67,97.4,41,68.6,124,1/22/25 0:00
48,Vanderbilt,SEC,15.67,116.5,41,100.8,73,70.6,47,1/22/25 0:00
49,Utah St.,MWC,15.29,116.9,37,101.6,80,68.4,135,1/22/25 0:00
50,Northwestern,B10,15.21,111.4,94,96.2,25,64.9,297,1/22/25 0:00
51,SMU,ACC,15.09,118.4,25,103.3,106,69.6,72,1/22/25 0:00
52,New Mexico,MWC,14.79,111.7,88,96.9,33,73.2,8,1/22/25 0:00
53,Villanova,BE,14.75,121.5,12,106.7,180,63.2,349,1/22/25 0:00
54,Arkansas,SEC,14.69,111.7,86,97,35,69.3,87,1/22/25 0:00
55,Boise St.,MWC,14.4,116.3,42,101.9,87,66.6,225,1/22/25 0:00
56,UC Irvine,BW,14.28,106.4,184,92.2,7,69.5,74,1/22/25 0:00
57,Arizona St.,B12,14.19,111.6,91,97.4,42,67.6,175,1/22/25 0:00
58,North Texas,Amer,14.07,111.6,92,97.5,43,61.3,361,1/22/25 0:00
59,Indiana,B10,13.99,112.5,78,98.5,48,69.2,90,1/22/25 0:00
60,Iowa,B10,13.37,119.4,19,106,157,71.6,21,1/22/25 0:00
61,Dayton,A10,13.33,116.9,35,103.6,117,65.4,271,1/22/25 0:00
62,Florida St.,ACC,13.22,112,82,98.8,50,70.3,56,1/22/25 0:00
63,Oregon St.,WCC,12.67,114.8,52,102.1,90,64.7,312,1/22/25 0:00
64,Santa Clara,WCC,12.54,115,47,102.4,95,68.7,117,1/22/25 0:00
65,McNeese,Slnd,12.49,112.5,76,100.1,63,65.4,273,1/22/25 0:00
66,Nevada,MWC,12.4,113.9,59,101.5,79,63,350,1/22/25 0:00
67,UC San Diego,BW,12.16,113.3,62,101.2,76,66,248,1/22/25 0:00
68,USC,B10,11.81,112.9,71,101.1,75,68.1,154,1/22/25 0:00
69,LSU,SEC,11.7,110.8,101,99,52,68.5,133,1/22/25 0:00
70,Georgetown,BE,11.57,107.4,161,95.8,22,68,159,1/22/25 0:00
71,UCF,B12,11.56,114.2,57,102.6,96,71.2,33,1/22/25 0:00
72,San Francisco,WCC,11.47,112.5,77,101.1,74,67.2,197,1/22/25 0:00
73,George Mason,A10,11.45,107.3,166,95.8,21,64.9,302,1/22/25 0:00
74,Utah,B12,11.26,111.6,90,100.4,67,69.9,64,1/22/25 0:00
75,TCU,B12,11.25,107.6,156,96.4,30,66.5,229,1/22/25 0:00
76,Drake,MVC,11.24,110.5,106,99.3,54,59.3,364,1/22/25 0:00
77,Bradley,MVC,11.04,112.9,70,101.9,84,65.8,254,1/22/25 0:00
78,Lipscomb,ASun,11.01,111.7,87,100.7,70,66.3,237,1/22/25 0:00
79,Wake Forest,ACC,10.92,107.2,167,96.3,28,66.6,226,1/22/25 0:00
80,Colorado St.,MWC,10.78,110.3,111,99.5,58,67.2,199,1/22/25 0:00
,,,,,Strength of Schedule,NCSOS,,,,1/22/25 0:00
Rk,Team,Conf,NetRtg,ORtg,DRtg,AdjT,Luck,NetRtg,ORtg,1/22/25 0:00
81,Yale,Ivy,10.45,114.3,56,103.9,121,68.4,138,1/22/25 0:00
82,Liberty,CUSA,10.35,109,126,98.7,49,65.1,289,1/22/25 0:00
83,Rutgers,B10,10.16,113.2,68,103,102,69.1,99,1/22/25 0:00
84,South Carolina,SEC,9.91,108.8,131,98.9,51,65.6,262,1/22/25 0:00
85,Notre Dame,ACC,9.67,115.7,44,106,160,64.7,315,1/22/25 0:00
86,Saint Joseph's,A10,9.6,109.6,122,100,60,68.9,107,1/22/25 0:00
87,Butler,BE,9.32,112.9,72,103.6,114,67.2,198,1/22/25 0:00
88,Stanford,ACC,9.27,115,46,105.8,151,66.6,224,1/22/25 0:00
89,Washington St.,WCC,8.98,110.9,99,101.9,86,71,37,1/22/25 0:00
90,Providence,BE,8.8,111.7,85,102.9,99,65.7,257,1/22/25 0:00
91,Grand Canyon,WAC,7.75,108.2,140,100.5,68,72.1,16,1/22/25 0:00
92,St. Bonaventure,A10,7.64,109.7,120,102,89,63.9,337,1/22/25 0:00
93,Washington,B10,7.59,108.2,139,100.6,69,68.6,126,1/22/25 0:00
94,Arkansas St.,SB,7.52,109.7,118,102.2,92,69.4,84,1/22/25 0:00
95,Minnesota,B10,7.2,108.9,128,101.7,83,62.2,358,1/22/25 0:00
96,Kansas St.,B12,7.03,110.4,107,103.4,110,67.1,204,1/22/25 0:00
97,N.C. State,ACC,6.99,111.2,95,104.2,126,64.2,329,1/22/25 0:00
98,Colorado,B12,6.7,108.1,142,101.4,77,68.1,153,1/22/25 0:00
99,UNLV,MWC,6.18,110.6,103,104.5,128,65.2,281,1/22/25 0:00
100,High Point,BSth,6.16,116.9,36,110.7,261,66.7,221,1/22/25 0:00
101,North Dakota St.,Sum,6.1,117.2,32,111.1,266,65.1,287,1/22/25 0:00
102,Akron,MAC,5.31,110,116,104.7,131,71.7,19,1/22/25 0:00
103,UAB,Amer,4.83,115.3,45,110.5,254,69.2,96,1/22/25 0:00
104,Samford,SC,4.7,113.2,69,108.5,215,70.3,58,1/22/25 0:00
105,Troy,SB,4.64,107.6,155,103,101,65.5,269,1/22/25 0:00
106,South Alabama,SB,4.59,106.8,175,102.2,93,63.4,347,1/22/25 0:00
107,Rhode Island,A10,4.59,107.4,160,102.8,98,71,35,1/22/25 0:00
108,Appalachian St.,SB,4.58,103.9,224,99.3,56,64,334,1/22/25 0:00
109,Wofford,SC,4.54,113.2,66,108.6,219,63.8,341,1/22/25 0:00
110,Middle Tennessee,CUSA,4.53,108,144,103.5,113,68.9,110,1/22/25 0:00
111,UNC Greensboro,SC,4.36,108.8,132,104.5,127,63.5,346,1/22/25 0:00
112,Oklahoma St.,B12,4.33,107.7,153,103.3,108,70.5,50,1/22/25 0:00
113,Saint Louis,A10,4.29,110.8,100,106.6,175,67.5,185,1/22/25 0:00
114,Georgia Tech,ACC,4.29,107.2,168,102.9,100,70,61,1/22/25 0:00
115,George Washington,A10,4.23,107.3,164,103.1,104,69,104,1/22/25 0:00
116,Temple,Amer,4.22,110,113,105.8,152,69.5,77,1/22/25 0:00
117,South Dakota St.,Sum,4.21,110.3,110,106.1,164,69.4,82,1/22/25 0:00
118,Florida Atlantic,Amer,4.2,111.7,89,107.5,200,70.5,49,1/22/25 0:00
119,St. Thomas,Sum,4.19,114.3,55,110.1,247,68.4,136,1/22/25 0:00
120,Northern Iowa,MVC,3.84,111.8,84,108,203,65,291,1/22/25 0:00
,,,,,Strength of Schedule,NCSOS,,,,1/22/25 0:00
Rk,Team,Conf,NetRtg,ORtg,DRtg,AdjT,Luck,NetRtg,ORtg,1/22/25 0:00
121,Syracuse,ACC,3.82,108.7,134,104.9,134,69.9,63,1/22/25 0:00
122,DePaul,BE,3.82,109.8,117,106,155,67.6,178,1/22/25 0:00
123,Louisiana Tech,CUSA,3.52,110.2,112,106.7,178,64.3,325,1/22/25 0:00
124,Princeton,Ivy,3.51,110,115,106.5,173,67.3,191,1/22/25 0:00
125,Murray St.,MVC,3.46,107.4,159,104,123,65.1,288,1/22/25 0:00
126,Virginia,ACC,3.39,104.2,221,100.8,71,60.8,363,1/22/25 0:00
127,New Mexico St.,CUSA,3.37,106.8,177,103.4,111,65.7,256,1/22/25 0:00
128,Davidson,A10,3.27,112.7,75,109.4,229,65.8,252,1/22/25 0:00
129,California,ACC,3.18,111.9,83,108.7,223,67.9,163,1/22/25 0:00
130,CSUN,BW,3,107.2,169,104.2,125,72.6,12,1/22/25 0:00
131,East Tennessee St.,SC,2.96,108.7,135,105.7,150,66.3,239,1/22/25 0:00
132,Purdue Fort Wayne,Horz,2.71,113.7,61,110.9,263,68.8,114,1/22/25 0:00
133,Western Kentucky,CUSA,2.54,102.8,239,100.2,66,73.4,5,1/22/25 0:00
134,UNC Wilmington,CAA,2.48,109.7,119,107.2,192,66,250,1/22/25 0:00
135,Duquesne,A10,2.46,106.2,187,103.7,119,64.4,322,1/22/25 0:00
136,Elon,CAA,2.39,108.6,136,106.2,165,64.5,319,1/22/25 0:00
137,Cornell,Ivy,2.33,114,58,111.7,279,71,36,1/22/25 0:00
138,Loyola Chicago,A10,2.27,107.8,150,105.6,147,67.6,180,1/22/25 0:00
139,Charleston,CAA,2.23,106.8,174,104.6,130,72.2,15,1/22/25 0:00
140,North Alabama,ASun,2.17,109.2,124,107,185,67.3,194,1/22/25 0:00
141,Kent St.,MAC,2.15,102.1,254,100,61,65.2,285,1/22/25 0:00
142,UTEP,CUSA,2.07,106.5,182,104.5,129,68.1,156,1/22/25 0:00
143,Seattle,WAC,2.06,107.3,165,105.2,138,66.3,238,1/22/25 0:00
144,Illinois Chicago,MVC,1.93,109.2,125,107.3,195,69,101,1/22/25 0:00
145,Belmont,MVC,1.86,112.3,79,110.4,253,71.4,23,1/22/25 0:00
146,Wichita St.,Amer,1.83,108.3,138,106.4,169,70.3,57,1/22/25 0:00
147,Loyola Marymount,WCC,1.78,104.2,222,102.4,94,67.2,196,1/22/25 0:00
148,Furman,SC,1.77,106.9,173,105.2,136,65.3,276,1/22/25 0:00
149,Miami OH,MAC,1.7,108.8,130,107.1,190,68.7,120,1/22/25 0:00
150,Utah Valley,WAC,1.48,103.5,229,102,88,68.8,113,1/22/25 0:00
151,Illinois St.,MVC,1.32,112,81,110.7,259,64.9,303,1/22/25 0:00
152,Bryant,AE,1.26,106.6,180,105.4,143,73.3,7,1/22/25 0:00
153,Northern Colorado,BSky,1.04,110.9,98,109.9,242,69.5,80,1/22/25 0:00
154,UC Santa Barbara,BW,1.02,107.4,162,106.3,167,63.9,336,1/22/25 0:00
155,Chattanooga,SC,0.96,113.3,63,112.3,288,66.6,228,1/22/25 0:00
156,Tulane,Amer,0.94,107,172,106.1,162,67.1,202,1/22/25 0:00
157,Milwaukee,Horz,0.72,105.9,189,105.2,137,69.1,97,1/22/25 0:00
158,Texas St.,SB,0.71,110.3,109,109.6,238,65.6,261,1/22/25 0:00
159,Florida Gulf Coast,ASun,0.68,107.1,170,106.5,170,65.2,280,1/22/25 0:00
160,James Madison,SB,0.64,107.5,158,106.9,183,66.4,235,1/22/25 0:00
,,,,,Strength of Schedule,NCSOS,,,,1/22/25 0:00
Rk,Team,Conf,NetRtg,ORtg,DRtg,AdjT,Luck,NetRtg,ORtg,1/22/25 0:00
161,Jacksonville St.,CUSA,0.63,110.4,108,109.7,240,64.5,318,1/22/25 0:00
162,East Carolina,Amer,0.56,106.6,181,106,158,66.5,233,1/22/25 0:00
163,Cleveland St.,Horz,0.45,105.8,190,105.3,142,66.2,243,1/22/25 0:00
164,Jacksonville,ASun,0.41,102,257,101.6,82,67.9,162,1/22/25 0:00
165,Sam Houston St.,CUSA,0.16,110.6,104,110.5,255,68.8,115,1/22/25 0:00
166,Texas A&M Corpus Chris,Slnd,0.09,108.1,143,108,206,69.4,81,1/22/25 0:00
167,Norfolk St.,MEAC,0.02,107.9,148,107.9,201,66.2,242,1/22/25 0:00
168,Virginia Tech,ACC,-0.08,107.3,163,107.4,198,64.7,314,1/22/25 0:00
169,UC Riverside,BW,-0.26,106.2,186,106.5,171,67.7,172,1/22/25 0:00
170,Seton Hall,BE,-0.33,103.3,232,103.6,116,64.1,333,1/22/25 0:00
171,South Florida,Amer,-0.48,108,146,108.5,214,67.9,161,1/22/25 0:00
172,Ohio,MAC,-0.51,108.8,133,109.3,228,70.4,51,1/22/25 0:00
173,Wright St.,Horz,-0.55,109.5,123,110.1,244,67.7,169,1/22/25 0:00
174,Cal Baptist,WAC,-0.57,108,145,108.6,218,65.5,266,1/22/25 0:00
175,Miami FL,ACC,-0.83,114.9,50,115.8,341,67.1,201,1/22/25 0:00
176,UMass Lowell,AE,-0.94,109.6,121,110.6,257,70.3,55,1/22/25 0:00
177,Marshall,SB,-0.98,104.9,208,105.9,153,68.7,118,1/22/25 0:00
178,Montana St.,BSky,-1.06,105.5,195,106.5,174,66.5,230,1/22/25 0:00
179,Oakland,Horz,-1.07,106,188,107.1,188,61.9,359,1/22/25 0:00
180,Wyoming,MWC,-1.1,104.3,219,105.4,144,64.6,316,1/22/25 0:00
181,San Jose St.,MWC,-1.14,108.5,137,109.6,237,65.3,275,1/22/25 0:00
182,Columbia,Ivy,-1.3,110.7,102,112,283,68.6,125,1/22/25 0:00
183,Quinnipiac,MAAC,-1.32,102.4,246,103.7,118,70.4,52,1/22/25 0:00
184,Hofstra,CAA,-1.35,97.9,325,99.3,55,64.1,332,1/22/25 0:00
185,La Salle,A10,-1.45,104.9,207,106.4,168,70.7,45,1/22/25 0:00
186,William & Mary,CAA,-1.46,111.5,93,113,302,70.7,43,1/22/25 0:00
187,Radford,BSth,-1.48,107.7,152,109.2,227,63.8,339,1/22/25 0:00
188,Rice,Amer,-1.56,105.4,200,106.9,184,64.8,307,1/22/25 0:00
189,UNC Asheville,BSth,-1.59,112.8,73,114.4,329,68.2,148,1/22/25 0:00
190,Hawaii,BW,-1.62,105.4,197,107,186,65.8,255,1/22/25 0:00
191,Merrimack,MAAC,-1.96,101.5,266,103.5,112,64.8,305,1/22/25 0:00
192,Winthrop,BSth,-2.02,107.6,157,109.6,234,72.5,13,1/22/25 0:00
193,Longwood,BSth,-2.06,105.2,202,107.2,193,68.8,111,1/22/25 0:00
194,Kennesaw St.,CUSA,-2.08,105,205,107.1,187,71.4,26,1/22/25 0:00
195,Towson,CAA,-2.26,103.8,226,106,159,62.7,354,1/22/25 0:00
196,Southern Illinois,MVC,-2.26,103.3,231,105.5,146,68.5,132,1/22/25 0:00
197,Drexel,CAA,-2.33,103.1,235,105.4,145,63.6,345,1/22/25 0:00
198,Massachusetts,A10,-2.4,104.4,215,106.8,182,71.7,18,1/22/25 0:00
199,Maine,AE,-2.52,101.3,272,103.8,120,67.4,190,1/22/25 0:00
200,Northeastern,CAA,-2.61,104.1,223,106.7,176,68.2,151,1/22/25 0:00
,,,,,Strength of Schedule,NCSOS,,,,1/22/25 0:00
Rk,Team,Conf,NetRtg,ORtg,DRtg,AdjT,Luck,NetRtg,ORtg,1/22/25 0:00
201,Nicholls,Slnd,-3.22,105.5,196,108.7,222,69,103,1/22/25 0:00
202,UT Arlington,WAC,-3.36,107.9,149,111.3,268,69.3,85,1/22/25 0:00
203,Southeastern Louisiana,Slnd,-3.43,101.8,262,105.2,140,67.5,186,1/22/25 0:00
204,Lamar,Slnd,-3.44,102.2,251,105.7,149,66,249,1/22/25 0:00
205,Queens,ASun,-3.47,105.4,198,108.9,224,69.2,93,1/22/25 0:00
206,Robert Morris,Horz,-3.53,102.4,244,106,156,69.3,88,1/22/25 0:00
207,Delaware,CAA,-3.59,110,114,113.6,315,70.8,42,1/22/25 0:00
208,Pepperdine,WCC,-3.78,103.7,227,107.4,199,69.2,92,1/22/25 0:00
209,Idaho St.,BSky,-3.82,104.6,212,108.4,213,64.8,309,1/22/25 0:00
210,Colgate,PL,-3.93,104.5,213,108.5,216,66.6,222,1/22/25 0:00
211,Valparaiso,MVC,-3.95,105.1,203,109,226,68.4,140,1/22/25 0:00
212,Youngstown St.,Horz,-3.95,98.9,313,102.8,97,69.6,71,1/22/25 0:00
213,Toledo,MAC,-4.11,111,97,115.1,336,69.2,91,1/22/25 0:00
214,Brown,Ivy,-4.17,105.5,194,109.7,239,64.7,313,1/22/25 0:00
215,Boston College,ACC,-4.2,105.4,199,109.6,232,66.5,231,1/22/25 0:00
216,Central Connecticut,NEC,-4.25,99.1,307,103.4,109,64.5,320,1/22/25 0:00
217,Indiana St.,MVC,-4.3,107.8,151,112.1,284,73.6,4,1/22/25 0:00
218,Little Rock,OVC,-4.42,98.7,315,103.2,105,67.5,184,1/22/25 0:00
219,Central Michigan,MAC,-4.55,102.3,249,106.8,181,67.2,200,1/22/25 0:00
220,North Florida,ASun,-4.56,113.2,64,117.8,353,71.5,22,1/22/25 0:00
221,Southern,SWAC,-4.6,99,309,103.6,115,68.9,106,1/22/25 0:00
222,Richmond,A10,-4.61,101.4,267,106.1,161,65,292,1/22/25 0:00
223,Nebraska Omaha,Sum,-4.92,106.4,183,111.4,272,67.3,193,1/22/25 0:00
224,UT Rio Grande Valley,Slnd,-5.05,105.6,191,110.7,258,68.5,131,1/22/25 0:00
225,Marist,MAAC,-5.14,99.9,298,105.1,135,64.3,326,1/22/25 0:00
226,UTSA,Amer,-5.2,107.1,171,112.3,289,70.7,46,1/22/25 0:00
227,Kansas City,Sum,-5.2,102.1,256,107.3,194,64.9,300,1/22/25 0:00
228,Portland St.,BSky,-5.23,101.9,260,107.1,189,69.1,100,1/22/25 0:00
229,Cal St. Bakersfield,BW,-5.39,105.6,192,111,264,65.5,268,1/22/25 0:00
230,Gardner Webb,BSth,-5.39,104.8,210,110.1,246,69.7,67,1/22/25 0:00
231,Southern Utah,WAC,-5.48,102.8,238,108.3,209,69.4,83,1/22/25 0:00
232,South Carolina St.,MEAC,-5.63,102.4,245,108,205,68.3,145,1/22/25 0:00
233,Fordham,A10,-5.73,102.6,240,108.3,210,70.8,40,1/22/25 0:00
234,UC Davis,BW,-5.75,96.4,340,102.1,91,68.9,105,1/22/25 0:00
235,Vermont,AE,-5.78,98.1,323,103.9,122,62.3,356,1/22/25 0:00
236,American,PL,-5.78,103.8,225,109.6,236,63.4,348,1/22/25 0:00
237,Montana,BSky,-5.9,104.2,220,110.1,245,68.5,127,1/22/25 0:00
238,Eastern Kentucky,ASun,-5.99,106.7,179,112.6,296,68.9,109,1/22/25 0:00
239,Mercer,SC,-6.16,101.8,263,108,202,71.3,29,1/22/25 0:00
240,Abilene Christian,WAC,-6.22,97.8,326,104.1,124,68.3,143,1/22/25 0:00
,,,,,Strength of Schedule,NCSOS,,,,1/22/25 0:00
Rk,Team,Conf,NetRtg,ORtg,DRtg,AdjT,Luck,NetRtg,ORtg,1/22/25 0:00
241,FIU,CUSA,-6.48,98.4,321,104.9,133,69.3,86,1/22/25 0:00
242,Northern Kentucky,Horz,-6.48,99.2,305,105.6,148,64.6,317,1/22/25 0:00
243,Saint Peter's,MAAC,-6.62,96.7,339,103.3,107,62.8,351,1/22/25 0:00
244,Campbell,CAA,-6.95,100.2,288,107.2,191,66.8,216,1/22/25 0:00
245,Hampton,CAA,-6.95,101.7,264,108.7,220,64.3,324,1/22/25 0:00
246,Weber St.,BSky,-7.01,105.6,193,112.6,295,64.9,299,1/22/25 0:00
247,Charlotte,Amer,-7.11,104.4,217,111.5,277,64.9,298,1/22/25 0:00
248,Idaho,BSky,-7.11,108,147,115.1,333,65.9,251,1/22/25 0:00
249,SIUE,OVC,-7.29,100.1,292,107.4,197,64.8,306,1/22/25 0:00
250,Bethune Cookman,SWAC,-7.56,95.5,348,103,103,68.9,108,1/22/25 0:00
251,Albany,AE,-7.83,104.3,218,112.1,285,68.2,147,1/22/25 0:00
252,Missouri St.,MVC,-7.88,102.3,247,110.2,249,63.7,342,1/22/25 0:00
253,Cal Poly,BW,-7.95,105,204,113,303,73.8,2,1/22/25 0:00
254,Ball St.,MAC,-8.02,105,206,113,305,67.3,195,1/22/25 0:00
255,Fresno St.,MWC,-8.04,100,295,108,207,73.3,6,1/22/25 0:00
256,Siena,MAAC,-8.06,100.3,287,108.4,212,65.7,259,1/22/25 0:00
257,Stephen F. Austin,Slnd,-8.13,93.8,355,101.9,85,66.1,247,1/22/25 0:00
258,Eastern Washington,BSky,-8.19,104.7,211,112.9,300,67.5,181,1/22/25 0:00
259,Northwestern St.,Slnd,-8.21,102.5,243,110.7,260,63.7,343,1/22/25 0:00
260,Harvard,Ivy,-8.22,101.4,269,109.6,235,66.2,245,1/22/25 0:00
261,Southeast Missouri,OVC,-8.32,99.7,302,108,204,68.7,122,1/22/25 0:00
262,Presbyterian,BSth,-8.33,103.5,228,111.9,281,64.1,331,1/22/25 0:00
263,Northern Arizona,BSky,-8.37,103.3,230,111.7,278,67.5,182,1/22/25 0:00
264,South Dakota,Sum,-8.4,110.6,105,119,358,73.7,3,1/22/25 0:00
265,Morehead St.,OVC,-8.52,99.8,299,108.4,211,65.2,284,1/22/25 0:00
266,UMBC,AE,-8.58,106.8,176,115.4,338,71.3,27,1/22/25 0:00
267,Southern Miss,SB,-8.6,100.8,277,109.4,230,70.3,53,1/22/25 0:00
268,Mount St. Mary's,MAAC,-8.63,97.6,327,106.2,166,68.8,112,1/22/25 0:00
269,Iona,MAAC,-8.66,97.4,330,106.1,163,69.6,69,1/22/25 0:00
270,Bucknell,PL,-8.76,97.1,334,105.9,154,67.7,170,1/22/25 0:00
271,Georgia Southern,SB,-9.23,100.3,286,109.6,233,70.8,39,1/22/25 0:00
272,Tarleton St.,WAC,-9.24,96,342,105.3,141,65,294,1/22/25 0:00
273,Jackson St.,SWAC,-9.26,97.2,333,106.5,172,69.2,95,1/22/25 0:00
274,Evansville,MVC,-9.36,95.8,345,105.2,139,66.3,236,1/22/25 0:00
275,San Diego,WCC,-9.38,97.3,331,106.7,177,70,60,1/22/25 0:00
276,Tennessee Martin,OVC,-9.41,100.8,278,110.2,248,67,207,1/22/25 0:00
277,Charleston Southern,BSth,-9.49,100.8,279,110.3,252,68.4,139,1/22/25 0:00
278,North Dakota,Sum,-9.59,107.6,154,117.2,350,68.7,119,1/22/25 0:00
279,Dartmouth,Ivy,-9.63,99.4,304,109,225,71.2,32,1/22/25 0:00
280,Alabama St.,SWAC,-9.75,104.8,209,114.5,330,68.3,144,1/22/25 0:00
,,,,,Strength of Schedule,NCSOS,,,,1/22/25 0:00
Rk,Team,Conf,NetRtg,ORtg,DRtg,AdjT,Luck,NetRtg,ORtg,1/22/25 0:00
281,Incarnate Word,Slnd,-9.94,106.3,185,116.2,345,65.2,282,1/22/25 0:00
282,Bowling Green,MAC,-10.02,101.3,270,111.4,271,69.7,66,1/22/25 0:00
283,Tulsa,Amer,-10.1,99.9,297,110,243,66.8,217,1/22/25 0:00
284,Manhattan,MAAC,-10.13,106.7,178,116.8,348,68.3,142,1/22/25 0:00
285,Lafayette,PL,-10.15,98.5,320,108.7,221,66.2,244,1/22/25 0:00
286,Penn,Ivy,-10.34,103.1,234,113.5,311,65.5,265,1/22/25 0:00
287,Monmouth,CAA,-10.4,101,276,111.4,273,66.4,234,1/22/25 0:00
288,Sacred Heart,MAAC,-10.43,103.2,233,113.6,314,69.7,65,1/22/25 0:00
289,Howard,MEAC,-10.51,108.2,141,118.7,355,68.7,121,1/22/25 0:00
290,Boston University,PL,-10.58,99,310,109.5,231,62.2,357,1/22/25 0:00
291,Utah Tech,WAC,-10.83,101.5,265,112.4,290,67.4,187,1/22/25 0:00
292,Houston Christian,Slnd,-10.85,100.2,290,111,265,66.3,241,1/22/25 0:00
293,Army,PL,-10.86,102.2,250,113.1,306,67.7,174,1/22/25 0:00
294,Stonehill,NEC,-10.97,101.3,271,112.3,287,65,293,1/22/25 0:00
295,LIU,NEC,-10.97,95.7,346,106.7,179,65.5,264,1/22/25 0:00
296,Air Force,MWC,-11.1,100,294,111.1,267,63.6,344,1/22/25 0:00
297,Tennessee St.,OVC,-11.1,98.7,316,109.8,241,71.7,20,1/22/25 0:00
298,Texas Southern,SWAC,-11.17,96.9,337,108.1,208,70.5,48,1/22/25 0:00
299,Western Michigan,MAC,-11.2,102.2,253,113.4,310,68.3,146,1/22/25 0:00
300,Pacific,WCC,-11.22,102.5,242,113.7,316,67,208,1/22/25 0:00
301,Loyola MD,PL,-11.29,101.2,273,112.5,292,66.9,213,1/22/25 0:00
302,Lehigh,PL,-11.32,100.4,285,111.7,280,67.6,177,1/22/25 0:00
303,Austin Peay,ASun,-11.42,95.9,344,107.3,196,65.5,263,1/22/25 0:00
304,Coastal Carolina,SB,-11.56,102,258,113.5,313,62.7,353,1/22/25 0:00
305,Georgia St.,SB,-11.61,100.7,280,112.4,291,69.3,89,1/22/25 0:00
306,Navy,PL,-11.64,102.5,241,114.2,325,67.6,179,1/22/25 0:00
307,Eastern Michigan,MAC,-12.13,102.1,255,114.2,328,68.2,149,1/22/25 0:00
308,North Carolina Central,MEAC,-12.22,102.8,237,115,332,66.1,246,1/22/25 0:00
309,Tennessee Tech,OVC,-12.22,100.6,283,112.8,299,67.9,160,1/22/25 0:00
310,Old Dominion,SB,-12.3,99.1,306,111.4,274,65.8,253,1/22/25 0:00
311,Delaware St.,MEAC,-12.57,99.9,296,112.5,293,69.5,75,1/22/25 0:00
312,Long Beach St.,BW,-12.62,102.3,248,114.9,331,64.3,323,1/22/25 0:00
313,Cal St. Fullerton,BW,-12.82,98.6,319,111.4,275,66.5,232,1/22/25 0:00
314,Holy Cross,PL,-12.9,104.5,214,117.4,351,65.2,283,1/22/25 0:00
315,Niagara,MAAC,-13.12,101,275,114.1,324,64.4,321,1/22/25 0:00
316,Rider,MAAC,-13.22,99.5,303,112.7,298,64.8,308,1/22/25 0:00
317,Portland,WCC,-13.28,100.7,281,114,321,68.5,130,1/22/25 0:00
318,VMI,SC,-13.77,99.7,300,113.5,312,67,209,1/22/25 0:00
319,North Carolina A&T,CAA,-13.79,100.1,293,113.9,319,72.1,17,1/22/25 0:00
320,Oral Roberts,Sum,-13.83,105.2,201,119.1,359,68.7,116,1/22/25 0:00
,,,,,Strength of Schedule,NCSOS,,,,1/22/25 0:00
Rk,Team,Conf,NetRtg,ORtg,DRtg,AdjT,Luck,NetRtg,ORtg,1/22/25 0:00
321,Fairleigh Dickinson,NEC,-13.86,100.2,289,114,323,69.7,68,1/22/25 0:00
322,Louisiana,SB,-13.9,100.1,291,114,322,67,210,1/22/25 0:00
323,Grambling St.,SWAC,-13.93,97.5,328,111.5,276,65.4,274,1/22/25 0:00
324,IU Indy,Horz,-14.2,104.4,216,118.6,354,65,296,1/22/25 0:00
325,Southern Indiana,OVC,-14.28,98.9,311,113.2,307,66.7,218,1/22/25 0:00
326,Binghamton,AE,-14.38,101.1,274,115.5,339,64.7,311,1/22/25 0:00
327,Fairfield,MAAC,-15.09,101.9,259,117,349,65.7,260,1/22/25 0:00
328,Saint Francis,NEC,-15.22,98.6,318,113.8,317,67.1,205,1/22/25 0:00
329,Prairie View A&M,SWAC,-15.47,100.4,284,115.9,342,71.4,24,1/22/25 0:00
330,Alcorn St.,SWAC,-15.53,97,335,112.5,294,65.1,286,1/22/25 0:00
331,Stony Brook,CAA,-15.57,99.7,301,115.2,337,64.9,301,1/22/25 0:00
332,Lindenwood,OVC,-15.71,95.6,347,111.3,270,69.2,94,1/22/25 0:00
333,Detroit Mercy,Horz,-15.73,96.3,341,112,282,66.9,212,1/22/25 0:00
334,Buffalo,MAC,-16.04,96.9,336,113,304,71.3,28,1/22/25 0:00
335,Green Bay,Horz,-16.07,101.4,268,117.5,352,69,102,1/22/25 0:00
336,New Orleans,Slnd,-16.2,98.9,312,115.1,335,69.5,79,1/22/25 0:00
337,Morgan St.,MEAC,-16.47,102.9,236,119.4,360,70.9,38,1/22/25 0:00
338,Central Arkansas,ASun,-16.5,96.9,338,113.4,309,66.7,220,1/22/25 0:00
339,USC Upstate,BSth,-16.69,98.9,314,115.5,340,72.7,10,1/22/25 0:00
340,Wagner,NEC,-16.95,91.6,360,108.6,217,61.1,362,1/22/25 0:00
341,Eastern Illinois,OVC,-17.33,94,353,111.3,269,66.9,211,1/22/25 0:00
342,Western Carolina,SC,-17.54,93.3,356,110.8,262,71.1,34,1/22/25 0:00
343,Sacramento St.,BSky,-17.58,92.7,358,110.3,251,64.3,327,1/22/25 0:00
344,West Georgia,ASun,-17.62,97.5,329,115.1,334,67.9,164,1/22/25 0:00
345,Western Illinois,OVC,-17.72,99,308,116.8,347,62.6,355,1/22/25 0:00
346,Denver,Sum,-17.79,98.6,317,116.4,346,66.3,240,1/22/25 0:00
347,Le Moyne,NEC,-17.93,98,324,115.9,343,69.1,98,1/22/25 0:00
348,Stetson,ASun,-18.25,100.7,282,118.9,356,68.1,155,1/22/25 0:00
349,East Texas A&M,Slnd,-18.3,93.9,354,112.2,286,68.2,150,1/22/25 0:00
350,Louisiana Monroe,SB,-18.61,94.6,350,113.2,308,67.7,171,1/22/25 0:00
351,Canisius,MAAC,-19.14,101.8,261,121,361,65,295,1/22/25 0:00
352,Florida A&M,SWAC,-19.24,94.9,349,114.2,326,68.6,123,1/22/25 0:00
353,Northern Illinois,MAC,-19.75,94.1,352,113.9,320,69.5,76,1/22/25 0:00
354,The Citadel,SC,-20.02,94.2,351,114.2,327,64.7,310,1/22/25 0:00
355,Mercyhurst,NEC,-20.07,96,343,116,344,64.2,330,1/22/25 0:00
356,Bellarmine,ASun,-20.1,102.2,252,122.3,362,65.5,267,1/22/25 0:00
357,NJIT,AE,-20.45,90.1,361,110.6,256,64.8,304,1/22/25 0:00
358,Maryland Eastern Shore,MEAC,-20.89,98.1,322,119,357,67.3,192,1/22/25 0:00
359,Alabama A&M,SWAC,-21.11,92.7,357,113.8,318,71.4,25,1/22/25 0:00
360,New Hampshire,AE,-21.29,91.7,359,113,301,67.4,189,1/22/25 0:00
,,,,,Strength of Schedule,NCSOS,,,,1/22/25 0:00
Rk,Team,Conf,NetRtg,ORtg,DRtg,AdjT,Luck,NetRtg,ORtg,1/22/25 0:00
361,Chicago St.,NEC,-21.74,88.5,362,110.2,250,68.5,134,1/22/25 0:00
362,Coppin St.,MEAC,-24.21,88.5,363,112.7,297,68,158,1/22/25 0:00
363,Arkansas Pine Bluff,SWAC,-25.12,97.2,332,122.3,363,72.8,9,1/22/25 0:00
364,Mississippi Valley St.,SWAC,-39.5,84.6,364,124.1,364,65.3,277,1/22/25 0:00